1 0.716667 0.564352 0.095833 0.452778
1 0.505208 0.474074 0.037500 0.162963
1 0.415365 0.449074 0.021354 0.107407
1 0.049740 0.502315 0.044271 0.189815
1 0.072396 0.480556 0.038542 0.179630
1 0.276562 0.455556 0.025000 0.118519
1 0.388021 0.451852 0.020833 0.103704
1 0.012240 0.507407 0.038021 0.187037
1 0.377604 0.437963 0.017708 0.083333
1 0.082292 0.475926 0.025000 0.129630
1 0.444792 0.441667 0.021875 0.105556
1 0.412240 0.442130 0.017188 0.099074
1 0.184635 0.442593 0.010937 0.061111
1 0.166406 0.443056 0.009896 0.054630
1 0.177344 0.443981 0.010937 0.050926
1 0.333854 0.432407 0.013542 0.062963
7 0.648958 0.452778 0.020833 0.105556
