1 0.592187 0.315741 0.034375 0.151852
1 0.459375 0.309259 0.030208 0.140741
1 0.442969 0.321296 0.038021 0.185185
1 0.830208 0.533796 0.125000 0.695370
1 0.977604 0.543056 0.131250 0.741667
1 0.256250 0.326389 0.056250 0.213889
1 0.490365 0.308333 0.022396 0.124074
1 0.516667 0.275926 0.012500 0.046296
1 0.551562 0.306481 0.028125 0.131481
1 0.275521 0.305556 0.025000 0.105556
1 0.615885 0.298611 0.017188 0.110185
1 0.171615 0.323611 0.039062 0.189815
1 0.146094 0.330093 0.027604 0.169444
1 0.400781 0.303704 0.020313 0.107407
1 0.388281 0.306019 0.021354 0.108333
1 0.322917 0.310648 0.022917 0.121296
1 0.045312 0.281019 0.017708 0.086111
1 0.068229 0.306944 0.026042 0.123148
1 0.080990 0.290278 0.017188 0.071296
1 0.388281 0.280556 0.010937 0.059259
1 0.374479 0.283333 0.010417 0.064815
1 0.345313 0.285185 0.011458 0.053704
1 0.350781 0.287037 0.013021 0.053704
