1 0.836979 0.683333 0.041667 0.224074
1 0.251042 0.136574 0.034375 0.175000
1 0.417708 0.639352 0.041667 0.228704
1 0.915365 0.519907 0.041146 0.193519
1 0.543750 0.975000 0.045833 0.240741
1 0.351042 0.816667 0.036458 0.231481
7 0.377865 0.242593 0.040104 0.103704
7 0.367969 0.325463 0.029687 0.112037
1 0.428646 0.218056 0.026042 0.158333
1 0.775781 -0.021759 0.026562 0.121296
1 0.538542 0.088889 0.027083 0.144444
1 0.503906 0.075926 0.031771 0.151852
1 0.273958 0.129167 0.021875 0.154630
1 0.482812 0.010648 0.027083 0.139815
1 0.071354 0.410648 0.027083 0.173148
1 0.059635 0.389815 0.027604 0.185185
1 0.483854 0.639352 0.058333 0.221296
1 0.518229 0.645370 0.042708 0.200000
1 0.405208 0.150000 0.020833 0.138889
1 0.386458 0.162500 0.031250 0.156481
1 0.389844 0.028704 0.025521 0.135185
1 0.297135 0.022222 0.021354 0.122222
7 0.327344 0.029167 0.031771 0.071296
1 0.133594 0.305093 0.025521 0.162037
7 0.651563 0.082407 0.031250 0.109259
1 0.212500 0.722222 0.036458 0.225926
1 0.166667 0.701852 0.046875 0.238889
1 0.292187 0.142593 0.028125 0.153704
1 0.182552 0.129167 0.030729 0.150926
1 0.200521 0.182407 0.027083 0.162963
1 0.707812 0.579167 0.033333 0.189815
1 0.163021 0.194444 0.027083 0.157407
1 0.191406 0.163889 0.025521 0.161111
1 0.132031 0.200000 0.033854 0.142593
1 0.134115 0.177778 0.026562 0.164815
1 0.157292 0.156019 0.030208 0.160185
1 0.148438 0.140741 0.026042 0.151852
1 0.117708 0.174074 0.020833 0.159259
1 0.455208 0.051852 0.023958 0.151852
1 0.238802 0.181944 0.028646 0.160185
1 0.253906 0.301852 0.040104 0.183333
1 0.984896 0.467593 0.045833 0.177778
1 0.898177 0.441667 0.035937 0.187037
1 0.802344 0.018056 0.026562 0.136111
1 0.929427 0.212963 0.031771 0.155556
1 0.941927 0.140741 0.029687 0.151852
1 0.935417 0.144907 0.040625 0.158333
1 0.895833 0.161574 0.034375 0.158333
1 0.230729 0.056944 0.021875 0.136111
1 0.204948 0.060648 0.028646 0.126852
1 0.721094 -0.035185 0.029687 0.125926
7 0.646875 0.074074 0.033333 0.087037
1 0.651563 0.076389 0.034375 0.084259
