1 0.846615 0.655556 0.052604 0.216667
1 0.358333 0.639352 0.038542 0.225000
1 0.916146 0.518981 0.039583 0.195370
1 0.500521 0.981481 0.041667 0.235185
1 0.351042 0.816667 0.036458 0.231481
7 0.377865 0.242593 0.040104 0.103704
7 0.367969 0.325463 0.029687 0.112037
1 0.431510 0.208333 0.036979 0.157407
1 0.337240 0.125463 0.020313 0.128704
1 0.196094 0.243056 0.033854 0.176852
1 0.405469 0.141667 0.028646 0.146296
1 0.397396 0.112037 0.027083 0.153704
1 0.302083 0.016204 0.028125 0.123148
7 0.327344 0.029167 0.031771 0.071296
7 0.651563 0.081481 0.031250 0.109259
1 0.299479 0.187037 0.025000 0.155556
1 0.174740 0.050000 0.023438 0.138889
1 0.204167 0.180556 0.029167 0.157407
1 0.164062 0.193981 0.026042 0.154630
1 0.198437 0.157870 0.023958 0.158333
1 0.133333 0.204167 0.028125 0.152778
1 0.123438 0.178704 0.027083 0.170370
1 0.153125 0.162037 0.031250 0.157407
1 0.191146 0.143519 0.026042 0.150000
1 0.119271 0.164815 0.020833 0.159259
1 0.467187 -0.025463 0.026042 0.147222
1 0.196875 0.877315 0.046875 0.247222
1 0.500521 0.396759 0.033333 0.197222
1 0.457031 0.405556 0.032813 0.194444
1 0.650260 0.773611 0.045312 0.250926
1 0.930990 0.742130 0.049479 0.228704
1 0.962500 0.697685 0.037500 0.226852
1 0.772396 0.024074 0.032292 0.133333
1 0.738021 0.021296 0.022917 0.137037
1 0.943750 0.236111 0.035417 0.166667
1 0.876823 0.199537 0.028646 0.156481
1 0.783073 0.220833 0.033854 0.149074
1 0.622917 0.176852 0.031250 0.153704
1 0.448698 -0.011111 0.024479 0.146296
1 0.416146 -0.014815 0.023958 0.142593
1 0.393229 0.008333 0.027083 0.135185
1 0.267188 0.129167 0.027083 0.141667
1 0.220312 0.492593 0.033333 0.198148
1 0.181250 0.493519 0.043750 0.181481
1 0.246875 0.143056 0.028125 0.162037
1 0.240625 0.075000 0.030208 0.144444
1 0.212240 0.049074 0.027604 0.138889
1 0.122917 0.056019 0.021875 0.126852
1 0.232552 0.326389 0.035937 0.176852
1 0.185677 0.326389 0.032813 0.176852
1 0.273177 0.312037 0.033854 0.168519
1 0.380469 -0.006944 0.021354 0.125000
