1 0.844792 0.654630 0.048958 0.214815
1 0.265625 0.012037 0.031250 0.174074
1 0.304688 0.609722 0.045833 0.223148
1 0.914583 0.518981 0.048958 0.193519
1 0.519271 0.983333 0.039583 0.229630
1 0.351042 0.816667 0.036458 0.231481
7 0.377865 0.242593 0.040104 0.103704
7 0.367969 0.325463 0.029687 0.112037
1 0.433594 0.213426 0.033854 0.156481
1 0.513281 -0.017130 0.025521 0.130556
1 0.485938 -0.021759 0.027083 0.136111
1 0.333854 0.126852 0.019792 0.131481
1 0.145052 0.316667 0.030729 0.170370
1 0.113802 0.310185 0.038021 0.185185
1 0.605729 0.969907 0.053125 0.239815
1 0.641667 0.974537 0.048958 0.223148
1 0.403125 0.145370 0.021875 0.140741
1 0.414062 0.124537 0.027083 0.160185
1 0.297656 0.021296 0.022396 0.122222
7 0.327344 0.029167 0.031771 0.071296
1 0.270573 0.149074 0.023438 0.144444
7 0.651563 0.082407 0.031250 0.109259
1 0.150521 1.033333 0.043750 0.133333
1 0.194271 1.006019 0.052083 0.187963
1 0.301563 0.183796 0.029167 0.163889
1 0.157292 0.073611 0.030208 0.145370
1 0.200521 0.183333 0.026042 0.159259
1 0.163021 0.193056 0.025000 0.156481
1 0.199219 0.166204 0.024479 0.158333
1 0.132552 0.198611 0.025521 0.147222
1 0.119531 0.181019 0.026562 0.167593
1 0.151562 0.166204 0.029167 0.162037
1 0.157812 0.143519 0.027083 0.151852
1 0.468490 0.004167 0.025521 0.149074
1 0.198177 0.368056 0.032813 0.187963
1 0.266406 0.101852 0.031771 0.161111
1 0.820833 1.007870 0.046875 0.173148
1 0.777344 1.019907 0.041146 0.149074
1 0.865625 0.278241 0.039583 0.175000
1 0.812500 0.262500 0.030208 0.165741
1 0.786458 0.071296 0.030208 0.131481
1 0.841406 0.015741 0.027604 0.140741
1 0.799219 0.007870 0.026562 0.145370
1 0.246354 0.157407 0.023958 0.157407
1 0.227604 0.166204 0.023958 0.139815
1 0.192448 0.027315 0.024479 0.128704
1 0.233854 0.045370 0.030208 0.144444
1 0.196875 0.039352 0.027083 0.141667
1 0.239844 0.024074 0.023438 0.133333
7 0.647396 0.056019 0.034375 0.113889
