1 0.736458 0.637037 0.054167 0.224074
1 0.249479 0.265741 0.038542 0.196296
1 0.078646 0.631019 0.043750 0.228704
1 0.915885 0.519907 0.040104 0.193519
1 0.504167 0.964352 0.036458 0.263889
1 0.352344 0.820370 0.048438 0.231481
7 0.377865 0.242593 0.040104 0.103704
7 0.367969 0.325463 0.029687 0.112037
1 0.429427 0.218519 0.030729 0.161111
1 0.787500 0.126389 0.027083 0.137963
1 0.622656 0.184722 0.025521 0.150926
1 0.581771 0.194444 0.030208 0.166667
1 0.281771 0.192593 0.026042 0.164815
1 0.500781 0.199074 0.035937 0.164815
1 0.069271 0.410648 0.025000 0.173148
1 0.053385 0.391667 0.040104 0.185185
1 0.428646 0.401389 0.040625 0.189815
1 0.458854 0.404630 0.039583 0.175926
1 0.499479 0.180556 0.017708 0.142593
1 0.419531 0.172685 0.026562 0.150926
1 0.380729 0.072222 0.027083 0.150000
1 0.295833 0.023148 0.021875 0.124074
7 0.327344 0.029167 0.031771 0.071296
1 0.130729 0.538889 0.030208 0.190741
7 0.651563 0.082407 0.031250 0.109259
1 0.322917 0.425926 0.031250 0.185185
1 0.277865 0.431019 0.035937 0.202778
1 0.264583 -0.009722 0.026042 0.137963
1 0.223177 -0.012037 0.022396 0.142593
1 0.293750 0.136574 0.023958 0.154630
1 0.196615 0.118981 0.026562 0.150926
1 0.198958 0.179167 0.027083 0.162037
1 0.339323 0.355093 0.028646 0.162037
1 0.164583 0.194907 0.027083 0.156481
1 0.187500 0.163426 0.022917 0.158333
1 0.124479 0.193519 0.028125 0.151852
1 0.145052 0.172685 0.024479 0.165741
1 0.160938 0.157407 0.029167 0.155556
1 0.152604 0.142593 0.028125 0.153704
1 0.117188 0.174074 0.020833 0.159259
1 0.469271 -0.032870 0.018750 0.128704
1 0.199479 0.065741 0.028125 0.148148
1 0.220573 0.602778 0.045312 0.224074
1 1.001302 0.695370 0.039062 0.214815
1 0.841927 0.066667 0.028646 0.131481
1 0.118490 0.769907 0.044271 0.232407
1 0.097656 0.715278 0.048438 0.230556
7 0.645833 0.076852 0.032292 0.090741
