0 0.802604 0.573148 0.037500 0.148148
0 0.084635 0.600463 0.018229 0.089815
0 0.760677 0.610648 0.033854 0.158333
0 0.597917 0.545833 0.020833 0.084259
0 0.482812 0.501852 0.011458 0.046296
0 0.664844 0.512963 0.013021 0.070370
0 0.076042 0.600926 0.014583 0.088889
0 0.075781 0.613889 0.015104 0.088889
0 0.007552 0.608333 0.015104 0.092593
0 0.599219 0.548148 0.019271 0.088889
0 0.227604 0.517130 0.008333 0.034259
0 0.611198 0.541667 0.024479 0.098148
0 0.626563 0.537037 0.017708 0.098148
0 0.511198 0.522685 0.013021 0.062037
