0 0.792708 0.574537 0.025000 0.141667
0 0.080729 0.597685 0.017708 0.087963
0 0.744531 0.606019 0.033854 0.147222
0 0.590365 0.544444 0.020313 0.083333
0 0.474219 0.501852 0.011979 0.044444
0 0.653646 0.513889 0.012500 0.068519
0 0.072396 0.597685 0.014583 0.087963
0 0.072135 0.610648 0.015104 0.087963
0 0.005990 0.608333 0.016146 0.092593
0 0.591146 0.547222 0.018750 0.087037
0 0.221354 0.515741 0.008333 0.033333
0 0.604948 0.541204 0.021354 0.093519
0 0.619792 0.534722 0.017708 0.091667
0 -0.001302 0.605093 0.017188 0.095370
0 0.584635 0.514815 0.011979 0.066667
0 0.503385 0.522685 0.013021 0.062037
