1 0.828385 0.683796 0.044271 0.223148
1 0.250781 0.185185 0.036979 0.183333
1 0.253906 0.645370 0.051562 0.231481
1 0.915625 0.519907 0.040625 0.193519
1 0.513542 0.975000 0.038542 0.248148
1 0.351042 0.816667 0.036458 0.231481
7 0.377865 0.242593 0.040104 0.103704
7 0.367969 0.325463 0.029687 0.112037
1 0.429427 0.218519 0.030729 0.161111
1 0.766927 0.048611 0.028646 0.125000
1 0.553385 0.137037 0.026562 0.150000
1 0.521875 0.137963 0.031250 0.166667
1 0.280729 0.167593 0.019792 0.157407
1 0.498437 0.093519 0.031250 0.151852
1 0.069792 0.411111 0.026042 0.174074
1 0.053385 0.392130 0.039062 0.186111
1 0.460156 0.521296 0.044271 0.207407
1 0.486198 0.525000 0.035937 0.188889
1 0.410938 0.156481 0.019792 0.140741
1 0.385677 0.166204 0.028646 0.156481
1 0.381771 0.077315 0.026042 0.141667
1 0.297135 0.022685 0.021354 0.123148
7 0.327344 0.029167 0.031771 0.071296
1 0.133333 0.398611 0.030208 0.171296
7 0.651563 0.082407 0.031250 0.109259
1 0.275781 0.566667 0.033854 0.200000
1 0.229687 0.560648 0.043750 0.213889
1 0.294271 0.136111 0.025000 0.153704
1 0.183333 0.121759 0.027083 0.149074
1 0.203906 0.179630 0.027604 0.162963
1 0.529427 0.465741 0.031771 0.181481
1 0.163021 0.200000 0.027083 0.157407
1 0.196615 0.167130 0.025521 0.156481
1 0.122917 0.202778 0.028125 0.146296
1 0.129948 0.181481 0.023438 0.174074
1 0.148177 0.155556 0.028646 0.161111
1 0.151562 0.142593 0.028125 0.153704
1 0.117708 0.174074 0.020833 0.159259
1 0.452083 0.013426 0.023958 0.143519
1 0.235937 0.131481 0.030208 0.155556
1 0.243750 0.423148 0.039583 0.196296
1 0.970052 0.550000 0.034896 0.192593
1 0.847396 -0.027778 0.025000 0.129630
1 0.917448 0.142130 0.028646 0.143519
1 0.995052 0.133796 0.029687 0.147222
1 0.848698 0.053241 0.026562 0.141667
1 0.236979 0.992593 0.051042 0.214815
1 0.261458 0.939815 0.052083 0.246296
1 0.229948 0.006481 0.022396 0.127778
1 0.206250 0.005093 0.021875 0.126852
1 0.720573 -0.034259 0.029687 0.129630
7 0.646354 0.076389 0.032292 0.086111
1 0.651302 0.076389 0.034896 0.084259
