1 0.852604 0.572222 0.026042 0.118519
1 0.723698 0.562963 0.025521 0.112963
1 0.146094 0.545370 0.015104 0.066667
1 0.618490 0.547222 0.020313 0.092593
1 0.258594 0.497685 0.006771 0.034259
1 0.092969 0.544444 0.010937 0.061111
1 0.453125 0.493519 0.009375 0.044444
1 0.140365 0.546759 0.009896 0.069444
1 0.143750 0.553704 0.012500 0.064815
1 0.087500 0.550463 0.012500 0.067593
1 0.106771 0.539815 0.014583 0.070370
1 0.487500 0.510648 0.011458 0.054630
1 0.544010 0.510185 0.011979 0.057407
1 0.534635 0.512500 0.010937 0.058333
1 0.608854 0.524074 0.013542 0.062963
1 0.576042 0.508796 0.015625 0.062037
1 0.587760 0.505093 0.015104 0.058333
1 0.497135 0.507870 0.014063 0.060185
