1 0.735677 0.637037 0.053646 0.224074
1 0.247917 0.269444 0.038542 0.196296
1 0.076563 0.630093 0.043750 0.228704
1 0.915885 0.519907 0.040104 0.193519
1 0.504687 0.964352 0.036458 0.263889
1 0.352604 0.820370 0.048958 0.231481
7 0.377865 0.242593 0.040104 0.103704
7 0.367969 0.325463 0.029687 0.112037
1 0.429427 0.218519 0.030729 0.161111
1 0.789062 0.129167 0.027083 0.137963
1 0.625260 0.186574 0.024479 0.150926
1 0.584375 0.197685 0.032292 0.167593
1 0.281771 0.193056 0.025000 0.163889
1 0.498437 0.200926 0.036458 0.164815
1 0.069271 0.410648 0.025000 0.173148
1 0.058854 0.390741 0.035417 0.183333
1 0.426563 0.398148 0.038542 0.190741
1 0.456250 0.401389 0.038542 0.176852
1 0.505729 0.182407 0.017708 0.142593
1 0.425260 0.173148 0.023438 0.151852
1 0.380729 0.072222 0.027083 0.150000
1 0.295833 0.023148 0.021875 0.124074
7 0.327344 0.029167 0.031771 0.071296
1 0.129688 0.545370 0.030208 0.190741
7 0.651563 0.082407 0.031250 0.109259
1 0.323177 0.419907 0.031771 0.182407
1 0.279948 0.424074 0.035937 0.200000
1 0.263542 -0.009722 0.026042 0.137963
1 0.222656 -0.009259 0.022396 0.142593
1 0.293750 0.136574 0.023958 0.154630
1 0.197656 0.117130 0.026562 0.150926
1 0.198958 0.179167 0.027083 0.162037
1 0.333594 0.350463 0.028646 0.162037
1 0.164583 0.194907 0.027083 0.156481
1 0.187500 0.163889 0.022917 0.157407
1 0.124479 0.193519 0.028125 0.151852
1 0.145573 0.172685 0.024479 0.165741
1 0.160938 0.157407 0.029167 0.155556
1 0.152604 0.142593 0.028125 0.153704
1 0.117188 0.174074 0.020833 0.159259
1 0.470833 -0.033333 0.018750 0.129630
1 0.198437 0.062037 0.028125 0.148148
1 0.221875 0.609722 0.046875 0.225000
1 1.002604 0.702778 0.039583 0.214815
1 0.839323 0.065741 0.029687 0.131481
1 0.113281 0.763889 0.048438 0.233333
1 0.088802 0.707870 0.046354 0.228704
7 0.645833 0.076852 0.032292 0.090741
