1 0.622396 0.366667 0.032292 0.144444
1 0.445312 0.363889 0.030208 0.150000
1 0.220052 0.431481 0.109896 0.407407
1 0.492708 0.372222 0.029167 0.140741
1 0.569010 0.346296 0.016146 0.062963
1 0.641667 0.380556 0.026042 0.218519
1 0.328646 0.352778 0.020833 0.094444
1 0.630729 0.379630 0.031250 0.194444
1 0.083073 0.378704 0.036979 0.140741
1 0.019531 0.385185 0.046354 0.159259
1 0.515365 0.342130 0.014063 0.058333
1 0.533594 0.332407 0.009896 0.038889
1 0.521094 0.333333 0.008854 0.044444
7 0.471875 0.358333 0.023958 0.064815
7 0.488281 0.362500 0.021354 0.063889
1 0.357812 0.341667 0.014583 0.068519
1 0.333854 0.342130 0.018750 0.076852
1 0.360417 0.340278 0.012500 0.060185
1 0.371354 0.343981 0.011458 0.058333
