1 0.837760 0.691204 0.045312 0.223148
1 0.248438 0.172222 0.036458 0.181481
1 0.286198 0.641204 0.053646 0.221296
1 0.915365 0.519907 0.041146 0.193519
1 0.518750 0.975463 0.040625 0.241667
1 0.351042 0.816667 0.036458 0.231481
7 0.377865 0.242593 0.040104 0.103704
7 0.367969 0.325463 0.029687 0.112037
1 0.429427 0.218519 0.030729 0.161111
1 0.759635 0.034259 0.024479 0.122222
1 0.548698 0.131481 0.027604 0.148148
1 0.514062 0.128241 0.033333 0.163889
1 0.278646 0.160648 0.023958 0.154630
1 0.497396 0.078241 0.032292 0.150926
1 0.069792 0.411111 0.026042 0.174074
1 0.053906 0.392130 0.038021 0.186111
1 0.460677 0.540278 0.043229 0.208333
1 0.494792 0.541667 0.042708 0.190741
1 0.408594 0.152315 0.021354 0.132407
1 0.382812 0.167593 0.028125 0.155556
1 0.380208 0.077315 0.026042 0.141667
1 0.297135 0.022685 0.021354 0.123148
7 0.327344 0.029167 0.031771 0.071296
1 0.128385 0.384259 0.027604 0.168519
7 0.651563 0.082407 0.031250 0.109259
1 0.264062 0.593519 0.033333 0.209259
1 0.221094 0.581944 0.046354 0.219444
1 0.294271 0.135648 0.026042 0.152778
1 0.185156 0.124074 0.028646 0.151852
1 0.203646 0.179630 0.027083 0.162963
1 0.554167 0.488426 0.035417 0.180556
1 0.163021 0.198611 0.027083 0.156481
1 0.196875 0.165278 0.025000 0.154630
1 0.122656 0.202315 0.031771 0.145370
1 0.130208 0.183796 0.026042 0.169444
1 0.147656 0.155556 0.028646 0.161111
1 0.151562 0.142593 0.028125 0.153704
1 0.449219 0.022685 0.026562 0.145370
1 0.236198 0.144444 0.029687 0.159259
1 0.242708 0.404630 0.042708 0.200000
1 0.964583 0.535185 0.034375 0.194444
1 0.832292 -0.018519 0.025000 0.129630
1 0.928646 0.156944 0.033333 0.149074
1 0.975521 0.131019 0.026042 0.152778
1 0.861198 0.073611 0.034896 0.147222
1 0.257812 1.017130 0.053125 0.165741
1 0.277083 0.979630 0.045833 0.240741
1 0.232031 0.012963 0.024479 0.127778
1 0.208333 0.016204 0.021875 0.126852
1 0.721615 -0.034259 0.031771 0.129630
7 0.646354 0.076389 0.032292 0.086111
1 0.651302 0.076389 0.034896 0.084259
