1 0.846615 0.654630 0.052604 0.214815
1 0.361458 0.647222 0.046875 0.225926
1 0.916146 0.518056 0.039583 0.195370
1 0.494792 0.985648 0.041667 0.217593
1 0.351042 0.816667 0.036458 0.231481
7 0.377865 0.242593 0.040104 0.103704
7 0.367969 0.325463 0.029687 0.112037
1 0.431771 0.208333 0.037500 0.157407
1 0.337240 0.125463 0.020313 0.128704
1 0.195573 0.235648 0.026562 0.154630
1 0.175521 0.240278 0.033333 0.178704
1 0.404167 0.139815 0.030208 0.144444
1 0.400521 0.114815 0.025000 0.153704
1 0.302083 0.016667 0.028125 0.122222
7 0.327344 0.029167 0.031771 0.071296
7 0.651563 0.081481 0.031250 0.109259
1 0.303125 0.187963 0.029167 0.157407
1 0.174740 0.050000 0.023438 0.138889
1 0.205469 0.180093 0.027604 0.158333
1 0.163542 0.193981 0.026042 0.154630
1 0.198437 0.161574 0.023958 0.158333
1 0.138021 0.201389 0.028125 0.154630
1 0.128906 0.188889 0.041146 0.153704
1 0.153385 0.162500 0.027604 0.158333
1 0.186198 0.144444 0.025521 0.150000
1 0.119271 0.166667 0.020833 0.159259
1 0.467187 -0.025463 0.026042 0.147222
1 0.190365 0.808796 0.046354 0.243519
1 0.509635 0.444907 0.035937 0.195370
1 0.463542 0.457407 0.032292 0.196296
1 0.681250 0.866204 0.048958 0.256481
1 0.932813 0.742593 0.047917 0.229630
1 0.962500 0.693981 0.036458 0.234259
1 0.789583 0.042593 0.031250 0.137037
1 0.751302 0.043519 0.023438 0.137037
1 0.920052 0.194444 0.029687 0.162963
1 0.859115 0.158796 0.029687 0.150926
1 0.784635 0.186574 0.030729 0.145370
1 0.603125 0.131481 0.031250 0.151852
1 0.438281 -0.025000 0.022396 0.146296
1 0.415885 -0.024537 0.024479 0.137963
1 0.375000 0.034259 0.051042 0.092593
1 0.260677 0.099537 0.026562 0.137963
1 0.223177 0.447222 0.031771 0.194444
1 0.190625 0.450926 0.040625 0.179630
1 0.239323 0.145833 0.027604 0.162037
1 0.232552 0.047685 0.033854 0.137963
1 0.213542 0.026852 0.026042 0.125926
1 0.145833 0.047222 0.027083 0.127778
1 0.249479 0.291667 0.035417 0.175926
1 0.203125 0.291204 0.031250 0.169444
1 0.263542 0.272222 0.031250 0.164815
