0 0.857031 0.582870 0.031771 0.163889
0 0.104167 0.598611 0.018750 0.095370
0 0.850781 0.642593 0.034896 0.185185
0 0.515885 0.501852 0.013021 0.044444
0 0.710938 0.527315 0.015625 0.080556
0 0.092188 0.599074 0.015625 0.092593
0 0.092448 0.611574 0.015104 0.093519
0 0.022917 0.606944 0.015625 0.091667
0 0.636458 0.557870 0.021875 0.095370
0 0.254948 0.513889 0.007812 0.038889
0 0.595313 0.508333 0.014583 0.061111
0 0.014063 0.605556 0.020833 0.094444
0 0.567448 0.524537 0.019271 0.069444
0 0.544792 0.522222 0.014583 0.066667
0 0.580469 0.525926 0.010937 0.066667
