1 0.846615 0.655093 0.052604 0.215741
1 0.366667 0.643519 0.040625 0.225926
1 0.916146 0.518981 0.039583 0.195370
1 0.501042 0.981019 0.041667 0.236111
1 0.351042 0.816667 0.036458 0.231481
7 0.377865 0.242593 0.040104 0.103704
7 0.367969 0.325463 0.029687 0.112037
1 0.431771 0.208333 0.037500 0.157407
1 0.337240 0.125463 0.020313 0.128704
1 0.195833 0.235185 0.027083 0.153704
1 0.179948 0.240278 0.026562 0.176852
1 0.405729 0.140741 0.029167 0.144444
1 0.400260 0.113889 0.026562 0.153704
1 0.302083 0.016667 0.028125 0.122222
7 0.327344 0.029167 0.031771 0.071296
7 0.651563 0.081481 0.031250 0.109259
1 0.301563 0.187500 0.028125 0.156481
1 0.174740 0.050000 0.023438 0.138889
1 0.199740 0.181944 0.027604 0.158333
1 0.164062 0.193981 0.026042 0.154630
1 0.198437 0.158796 0.023958 0.158333
1 0.135937 0.204630 0.029167 0.153704
1 0.126823 0.179167 0.030729 0.167593
1 0.153906 0.162500 0.028646 0.158333
1 0.186979 0.143519 0.026042 0.150000
1 0.119271 0.165741 0.020833 0.159259
1 0.467187 -0.025463 0.026042 0.147222
1 0.191667 0.837963 0.047917 0.244444
1 0.502083 0.422222 0.037500 0.198148
1 0.460938 0.437963 0.035417 0.196296
1 0.667969 0.823148 0.046354 0.250000
1 0.930990 0.743519 0.048438 0.229630
1 0.962500 0.695370 0.036458 0.231481
1 0.784635 0.031944 0.027604 0.136111
1 0.747656 0.036111 0.023438 0.137037
1 0.932031 0.209722 0.032813 0.163889
1 0.867448 0.173148 0.026562 0.150000
1 0.782813 0.201852 0.033333 0.148148
1 0.612500 0.146759 0.029167 0.150926
1 0.442708 -0.020370 0.025000 0.146296
1 0.417187 -0.017593 0.023958 0.142593
1 0.379688 0.012037 0.031250 0.133333
1 0.263542 0.109722 0.027083 0.143519
1 0.221094 0.463889 0.034896 0.194444
1 0.188281 0.472685 0.041146 0.182407
1 0.240885 0.148611 0.027604 0.162037
1 0.236458 0.060648 0.031250 0.134259
1 0.213281 0.036574 0.026562 0.126852
1 0.141667 0.047222 0.027083 0.127778
1 0.239063 0.306944 0.035417 0.176852
1 0.193490 0.303241 0.031771 0.171296
1 0.265104 0.287037 0.031250 0.166667
