1 0.795833 0.665278 0.045833 0.228704
1 0.255208 0.209259 0.037500 0.187037
1 0.174219 0.655093 0.048438 0.237963
1 0.915625 0.519907 0.040625 0.193519
1 0.503385 0.968519 0.038021 0.255556
1 0.350521 0.818519 0.036458 0.231481
7 0.377865 0.242593 0.040104 0.103704
7 0.367969 0.325463 0.029687 0.112037
1 0.429427 0.218519 0.030729 0.161111
1 0.773177 0.080093 0.026562 0.132407
1 0.567969 0.150463 0.027604 0.147222
1 0.539062 0.160648 0.031250 0.167593
1 0.277604 0.173148 0.021875 0.159259
1 0.503385 0.129630 0.031771 0.155556
1 0.069531 0.410648 0.025521 0.173148
1 0.052604 0.392130 0.040625 0.186111
1 0.451042 0.478241 0.043750 0.199074
1 0.479948 0.482870 0.035937 0.180556
1 0.439583 0.168981 0.025000 0.141667
1 0.395052 0.170370 0.022396 0.155556
1 0.380469 0.072685 0.026562 0.149074
1 0.297135 0.022685 0.021354 0.123148
7 0.327344 0.029167 0.031771 0.071296
1 0.138021 0.443981 0.030208 0.176852
7 0.651563 0.082407 0.031250 0.109259
1 0.294010 0.519444 0.033854 0.198148
1 0.252083 0.506944 0.033333 0.212037
1 0.250260 -0.041667 0.023438 0.114815
1 0.294010 0.136574 0.023438 0.154630
1 0.177604 0.122685 0.027083 0.149074
1 0.199740 0.181944 0.027604 0.163889
1 0.459375 0.424537 0.034375 0.169444
1 0.159375 0.200926 0.027083 0.157407
1 0.191927 0.164815 0.025521 0.161111
1 0.126823 0.196296 0.028646 0.150000
1 0.135937 0.178704 0.023958 0.170370
1 0.157552 0.164815 0.028646 0.140741
1 0.151562 0.142593 0.028125 0.153704
1 0.117188 0.174074 0.020833 0.159259
1 0.460677 -0.000926 0.018229 0.137037
1 0.230208 0.106481 0.030208 0.153704
1 0.225000 0.485185 0.042708 0.209259
1 0.979688 0.597222 0.035417 0.198148
1 0.894792 0.117130 0.029167 0.141667
1 0.826042 0.015741 0.033333 0.129630
1 0.191667 0.928704 0.050000 0.255556
1 0.213021 0.853704 0.047917 0.251852
1 0.227344 -0.012963 0.021354 0.124074
1 0.203125 -0.012037 0.022917 0.124074
1 0.717187 -0.033796 0.028125 0.130556
7 0.645833 0.076852 0.032292 0.087037
1 0.651042 0.076852 0.035417 0.085185
