1 0.846094 0.654630 0.051562 0.214815
1 0.358333 0.648148 0.046875 0.231481
1 0.916406 0.516667 0.038021 0.196296
1 0.471875 0.981019 0.040625 0.228704
1 0.351042 0.816667 0.036458 0.231481
7 0.377865 0.242593 0.040104 0.103704
7 0.367969 0.325463 0.029687 0.112037
1 0.427344 0.205556 0.032813 0.161111
1 0.336979 0.125463 0.020833 0.128704
1 0.193490 0.243056 0.025521 0.156481
1 0.164323 0.242593 0.033854 0.175926
1 0.405729 0.141204 0.029167 0.147222
1 0.399219 0.115278 0.028646 0.156481
1 0.300781 0.018056 0.026562 0.121296
7 0.327344 0.029167 0.031771 0.071296
1 0.241406 0.008333 0.022396 0.122222
7 0.651563 0.081481 0.031250 0.109259
1 0.305208 0.187500 0.031250 0.158333
1 0.174740 0.049074 0.023438 0.138889
1 0.200000 0.178704 0.025000 0.159259
1 0.163021 0.192593 0.026042 0.155556
1 0.190365 0.165741 0.024479 0.161111
1 0.135417 0.200000 0.025000 0.151852
1 0.122656 0.181481 0.025521 0.166667
1 0.148958 0.167130 0.028125 0.160185
1 0.176042 0.150000 0.026042 0.150000
1 0.118750 0.172222 0.020833 0.159259
1 0.467187 -0.025463 0.026042 0.147222
1 0.163281 0.620833 0.039062 0.221296
1 0.568229 0.631019 0.041667 0.230556
1 0.527604 0.650463 0.036458 0.221296
1 0.816146 0.117130 0.033333 0.152778
1 0.756250 0.115278 0.025000 0.145370
1 0.861979 0.068519 0.025000 0.144444
1 0.812500 0.043056 0.028125 0.134259
1 0.782031 0.109259 0.031771 0.140741
1 0.565885 0.000463 0.029687 0.145370
1 0.390885 -0.009722 0.022396 0.125000
1 0.271875 0.017130 0.018750 0.125000
1 0.241927 0.321296 0.027604 0.177778
1 0.214583 0.323148 0.037500 0.164815
1 0.148177 0.136574 0.023438 0.160185
1 0.145833 0.047685 0.027083 0.128704
1 0.261979 0.185648 0.029167 0.163889
1 0.235937 0.184259 0.028125 0.159259
1 0.264583 0.165741 0.027083 0.157407
1 0.410156 -0.003241 0.023438 0.128704
