0 0.601562 0.345370 0.031250 0.137037
0 0.425521 0.338889 0.031250 0.161111
0 0.465625 0.347222 0.029167 0.144444
0 0.613281 0.324537 0.023438 0.099074
0 0.733594 0.391204 0.050521 0.354630
0 0.366406 0.335648 0.021354 0.100926
0 0.712240 0.386574 0.049479 0.304630
0 0.529948 0.320370 0.014063 0.064815
0 0.128906 0.400463 0.057813 0.271296
0 0.555990 0.314352 0.011979 0.049074
0 0.543229 0.315278 0.011458 0.050926
2 0.482552 0.340278 0.023438 0.075000
2 0.501823 0.348611 0.024479 0.076852
0 0.389062 0.326389 0.011458 0.058333
0 0.357552 0.309722 0.008854 0.034259
