1 0.845313 0.654630 0.050000 0.214815
1 0.234375 0.623148 0.048958 0.225926
1 0.915625 0.518056 0.046875 0.191667
1 0.462240 0.985648 0.043229 0.228704
1 0.351042 0.816667 0.036458 0.231481
7 0.377865 0.242593 0.040104 0.103704
7 0.367969 0.325463 0.029687 0.112037
1 0.421615 0.208333 0.025521 0.161111
1 0.336979 0.125463 0.020833 0.128704
1 0.181510 0.266667 0.031771 0.162963
1 0.149479 0.266667 0.029167 0.185185
1 0.403385 0.145833 0.024479 0.139815
1 0.404427 0.121759 0.027604 0.158333
1 0.299219 0.019444 0.024479 0.122222
7 0.327344 0.029167 0.031771 0.071296
1 0.253125 0.072685 0.021875 0.130556
7 0.651563 0.081481 0.031250 0.109259
1 0.302083 0.186574 0.029167 0.162037
1 0.179688 0.049074 0.025000 0.138889
1 0.200000 0.181481 0.025000 0.159259
1 0.163281 0.192593 0.025521 0.155556
1 0.194531 0.165278 0.025521 0.163889
1 0.136198 0.200463 0.025521 0.150926
1 0.121615 0.179167 0.025521 0.171296
1 0.147917 0.165278 0.029167 0.162037
1 0.160156 0.141667 0.027604 0.151852
1 0.118229 0.174074 0.020833 0.159259
1 0.469792 -0.020833 0.026042 0.149074
1 0.174479 0.487500 0.037500 0.200926
1 0.253646 0.012037 0.031250 0.148148
1 0.667448 0.808796 0.051562 0.249074
1 0.627344 0.825000 0.041146 0.238889
1 0.846875 0.187037 0.030208 0.164815
1 0.779687 0.181019 0.027083 0.156481
1 0.764323 -0.005556 0.023438 0.125926
1 0.787240 -0.034722 0.022396 0.119444
1 0.785417 0.072222 0.030208 0.131481
1 0.260937 0.238426 0.023958 0.167593
1 0.232552 0.243519 0.031771 0.150000
1 0.147135 0.046759 0.024479 0.130556
1 0.235937 0.111574 0.030208 0.147222
1 0.205729 0.110648 0.027083 0.145370
1 0.236719 0.097222 0.025521 0.142593
1 0.833333 -0.002315 0.020833 0.078704
1 0.507552 0.010648 0.034896 0.128704
