1 0.734375 0.637037 0.053125 0.224074
1 0.239583 0.350000 0.038542 0.203704
1 0.073698 0.621759 0.043229 0.232407
1 0.916146 0.519907 0.039583 0.193519
1 0.577865 0.975000 0.042188 0.244444
1 0.353646 0.820833 0.052083 0.232407
7 0.377865 0.242593 0.040104 0.103704
7 0.367969 0.325463 0.029687 0.112037
1 0.429688 0.218519 0.031250 0.161111
1 0.789323 0.131944 0.027604 0.136111
1 0.712500 0.236111 0.026042 0.146296
1 0.699740 0.245833 0.026562 0.167593
1 0.338021 0.239352 0.033333 0.145370
1 0.480469 0.285648 0.044271 0.182407
1 0.069010 0.410648 0.024479 0.173148
1 0.078906 0.393056 0.028646 0.187963
1 0.417448 0.300000 0.030729 0.170370
1 0.438021 0.306481 0.028125 0.159259
1 0.635156 0.232407 0.026562 0.150000
1 0.568750 0.207407 0.039583 0.159259
1 0.380469 0.071296 0.027604 0.150000
1 0.299479 0.020833 0.025000 0.125000
7 0.327344 0.029167 0.031771 0.071296
1 0.093490 0.688889 0.041146 0.200000
7 0.651563 0.081944 0.031250 0.108333
1 0.314323 0.315741 0.028646 0.175926
1 0.291406 0.331481 0.030729 0.190741
1 0.247135 0.054630 0.024479 0.140741
1 0.210417 0.053241 0.022917 0.147222
1 0.293229 0.136574 0.025000 0.154630
1 0.261198 0.109259 0.027604 0.148148
1 0.199219 0.179167 0.027604 0.162037
1 0.264323 0.245833 0.030729 0.156481
1 0.164062 0.194444 0.027083 0.157407
1 0.190104 0.163889 0.022917 0.162963
1 0.127083 0.192130 0.025000 0.152778
1 0.148698 0.169907 0.026562 0.171296
1 0.162240 0.151852 0.028646 0.155556
1 0.153125 0.142593 0.028125 0.153704
1 0.117188 0.174074 0.020833 0.159259
1 0.489063 -0.045370 0.021875 0.107407
1 0.202344 0.000000 0.022396 0.142593
1 0.227344 0.815278 0.052604 0.249074
1 0.792708 -0.003241 0.025000 0.126852
7 0.646615 0.075926 0.032813 0.096296
