1 0.665885 0.535648 0.059896 0.315741
1 0.576562 0.487963 0.037500 0.161111
1 0.113542 0.544444 0.076042 0.279630
1 0.468229 0.458796 0.023958 0.112037
1 0.027865 0.514352 0.045312 0.189815
1 0.146094 0.504630 0.034896 0.181481
1 0.071875 0.512037 0.034375 0.170370
1 0.155729 0.489352 0.036458 0.154630
1 0.332813 0.464815 0.022917 0.112963
1 0.442448 0.465741 0.020313 0.100000
1 0.424479 0.451389 0.015625 0.080556
1 0.480990 0.456019 0.019271 0.095370
1 0.458594 0.461111 0.015104 0.096296
1 0.265104 0.457870 0.012500 0.067593
1 0.254688 0.456019 0.010417 0.058333
1 0.271875 0.463426 0.012500 0.071296
1 0.246875 0.453241 0.011458 0.058333
1 0.233073 0.453704 0.010937 0.061111
1 0.217969 0.456481 0.009896 0.051852
1 0.382292 0.450463 0.013542 0.063889
7 0.686458 0.465278 0.020833 0.099074
