0 0.493229 0.443056 0.107292 0.602778
0 0.199740 0.425926 0.072396 0.340741
0 0.279427 0.411111 0.060937 0.337037
0 0.357031 0.377315 0.021354 0.121296
0 0.381510 0.366667 0.026562 0.124074
0 0.723958 0.368519 0.023958 0.125926
0 0.550781 0.417593 0.059896 0.390741
0 0.971354 0.375463 0.020833 0.104630
0 0.944271 0.373148 0.019792 0.098148
0 0.861979 0.355556 0.013542 0.075926
0 0.848437 0.365741 0.016667 0.079630
0 0.415625 0.365278 0.023958 0.110185
0 0.682552 0.373148 0.020313 0.101852
0 0.694271 0.377315 0.016667 0.089815
0 0.444792 0.369444 0.026042 0.111111
