1 0.517708 0.412500 0.035417 0.152778
1 0.457031 0.391667 0.024479 0.118519
1 0.403125 0.385648 0.019792 0.108333
1 0.990885 0.571759 0.124479 0.534259
1 0.050000 0.430556 0.055208 0.222222
1 0.284635 0.394444 0.025521 0.129630
1 0.451562 0.392593 0.021875 0.107407
1 0.155729 0.405093 0.029167 0.125000
1 0.554948 0.390278 0.028646 0.145370
1 0.498177 0.381944 0.016146 0.102778
1 0.263542 0.387963 0.016667 0.098148
1 0.251042 0.387500 0.013542 0.078704
1 0.414062 0.370370 0.013542 0.062963
1 0.077344 0.377315 0.010937 0.062037
1 0.103385 0.394444 0.017188 0.094444
7 0.361458 0.378704 0.018750 0.048148
7 0.375521 0.382407 0.015625 0.044444
1 0.099219 0.387037 0.011979 0.059259
7 0.777604 0.406944 0.027083 0.128704
