1 0.736198 0.637500 0.053646 0.223148
1 0.221354 0.465741 0.044792 0.218519
1 0.074740 0.624074 0.043229 0.231481
1 0.917188 0.520833 0.038542 0.193519
1 0.620313 1.001389 0.039583 0.197222
1 0.354687 0.820833 0.052083 0.232407
7 0.377865 0.242593 0.040104 0.103704
7 0.367969 0.325463 0.029687 0.112037
1 0.429688 0.218519 0.031250 0.161111
1 0.963802 0.300463 0.032813 0.171296
1 0.788281 0.132407 0.027604 0.135185
1 0.851562 0.309722 0.030208 0.169444
1 0.809375 0.311111 0.031250 0.177778
1 0.540625 0.266667 0.036458 0.164815
1 0.550781 0.215278 0.032813 0.156481
1 0.120573 0.443056 0.032813 0.182407
1 0.131771 0.418519 0.032292 0.198148
1 0.471094 0.209722 0.028646 0.165741
1 0.489063 0.210185 0.026042 0.148148
1 0.552604 0.000926 0.023958 0.112963
1 0.534115 0.000463 0.022396 0.110185
1 0.752083 0.296759 0.026042 0.156481
1 0.731771 0.253704 0.026042 0.157407
1 0.380469 0.070833 0.027604 0.150926
1 0.398438 -0.024537 0.020833 0.100926
1 0.297917 0.020833 0.021875 0.121296
7 0.327344 0.029167 0.031771 0.071296
1 0.007292 0.885648 0.037500 0.223148
7 0.645833 0.084259 0.036458 0.105556
1 0.271615 0.219907 0.027604 0.163889
1 0.280208 0.231944 0.047917 0.171296
1 0.251563 0.136111 0.023958 0.155556
1 0.230729 0.145370 0.028125 0.153704
1 0.292187 0.136574 0.021875 0.154630
1 0.267969 0.112963 0.026562 0.148148
1 0.198958 0.179630 0.027083 0.164815
1 0.203646 0.147222 0.023958 0.142593
1 0.161979 0.192593 0.027083 0.157407
1 0.187240 0.160185 0.025521 0.161111
1 0.124479 0.194444 0.023958 0.151852
1 0.146354 0.170833 0.029167 0.165741
1 0.141667 0.156944 0.030208 0.156481
1 0.151562 0.142593 0.028125 0.153704
1 0.118750 0.174074 0.020833 0.159259
1 0.486198 -0.045833 0.020313 0.106481
1 0.219010 1.030093 0.043229 0.136111
1 0.647917 0.057870 0.040625 0.125000
