1 0.820052 0.672685 0.039062 0.228704
1 0.251563 0.112037 0.036458 0.170370
1 0.445312 0.663426 0.048958 0.234259
1 0.906771 0.519444 0.058333 0.192593
1 0.554167 0.976852 0.046875 0.242593
1 0.351042 0.816667 0.036458 0.231481
7 0.377865 0.242593 0.040104 0.103704
7 0.367969 0.325463 0.029687 0.112037
1 0.430469 0.214352 0.025521 0.160185
1 0.536198 0.067130 0.026562 0.141667
1 0.501042 0.058796 0.030208 0.149074
1 0.287500 0.125000 0.021875 0.148148
1 0.472917 -0.020833 0.027083 0.139815
1 0.078906 0.405093 0.028646 0.176852
1 0.061979 0.384259 0.027083 0.190741
1 0.503906 0.700463 0.060937 0.228704
1 0.536458 0.706944 0.040625 0.204630
1 0.405990 0.153704 0.025521 0.125926
1 0.385156 0.162037 0.027604 0.155556
1 0.398438 -0.017130 0.025000 0.134259
1 0.297135 0.022222 0.021354 0.122222
7 0.327344 0.029167 0.031771 0.071296
1 0.163021 0.270370 0.027083 0.159259
7 0.651563 0.082407 0.031250 0.109259
1 0.187500 0.787500 0.037500 0.230556
1 0.141667 0.765741 0.046875 0.244444
1 0.282292 0.156944 0.032292 0.154630
1 0.184896 0.127315 0.029167 0.150926
1 0.200521 0.182407 0.027083 0.162963
1 0.815104 0.622222 0.041667 0.190741
1 0.163542 0.194444 0.027083 0.157407
1 0.200260 0.164815 0.028646 0.159259
1 0.129427 0.200000 0.032813 0.146296
1 0.135417 0.181019 0.030208 0.158333
1 0.150521 0.160185 0.030208 0.161111
1 0.151042 0.141667 0.028125 0.150000
1 0.117708 0.174074 0.020833 0.159259
1 0.469271 0.045370 0.027083 0.150000
1 0.234896 0.217130 0.030208 0.165741
1 0.253646 0.255093 0.037500 0.176852
1 0.953906 0.434722 0.045312 0.197222
1 0.870313 0.406019 0.033333 0.184259
1 0.798698 0.039352 0.029687 0.136111
1 0.914062 0.237963 0.035417 0.153704
1 0.903646 0.128704 0.025000 0.155556
1 0.878385 0.122222 0.028646 0.161111
1 0.945833 0.216204 0.042708 0.163889
1 0.226302 0.075000 0.023438 0.146296
1 0.199219 0.075463 0.028646 0.125000
1 0.720313 -0.035648 0.027083 0.123148
7 0.647135 0.073148 0.033854 0.087037
1 0.651823 0.076389 0.033854 0.084259
