1 0.759896 0.550926 0.020833 0.101852
1 0.828385 0.539815 0.020313 0.075926
1 0.898177 0.626852 0.031771 0.146296
1 0.953125 0.626389 0.038542 0.145370
1 0.802865 0.523148 0.016146 0.075926
1 0.028385 0.668519 0.030729 0.168519
1 0.248177 0.560185 0.018229 0.092593
1 0.272396 0.566667 0.019792 0.090741
1 0.334375 0.534722 0.013542 0.071296
1 0.322656 0.538426 0.011979 0.067593
1 0.355469 0.520833 0.016146 0.060185
1 0.822135 0.498148 0.009896 0.046296
1 0.701042 0.494444 0.010417 0.046296
1 0.813281 0.492593 0.006771 0.038889
1 0.559635 0.475000 0.008854 0.027778
1 0.316406 0.527315 0.008854 0.069444
1 0.328646 0.521759 0.008333 0.062037
1 0.632552 0.478241 0.007812 0.034259
1 0.682813 0.487500 0.007292 0.041667
1 0.416667 0.494444 0.008333 0.042593
1 0.435937 0.502315 0.008333 0.043519
1 0.404687 0.496759 0.009375 0.041667
