0 0.043750 0.718519 0.025000 0.162963
0 0.671354 0.537500 0.010417 0.049074
0 0.023438 0.726852 0.018750 0.153704
0 0.021354 0.743519 0.017708 0.151852
0 0.723698 0.526389 0.010937 0.054630
0 0.823698 0.568056 0.019271 0.091667
0 0.800000 0.568056 0.018750 0.084259
0 0.789844 0.570370 0.016146 0.085185
0 0.714583 0.526389 0.011458 0.050926
0 0.704427 0.523148 0.016146 0.055556
0 0.776823 0.747685 0.042188 0.199074
0 0.844271 0.718519 0.038542 0.192593
0 0.711198 0.678241 0.029687 0.180556
0 0.814323 0.574537 0.017188 0.093519
0 0.735938 0.688889 0.047917 0.196296
0 0.748698 0.579167 0.019271 0.082407
0 0.768229 0.575463 0.018750 0.084259
0 0.873437 0.624537 0.027083 0.126852
0 0.846875 0.700926 0.035417 0.187037
0 0.900260 0.616204 0.025521 0.115741
0 0.881250 0.603704 0.021875 0.118519
0 0.726562 0.575926 0.025000 0.094444
