1 0.646875 0.375000 0.029167 0.131481
1 0.450521 0.375926 0.033333 0.168519
1 0.487240 0.385185 0.030729 0.151852
1 0.827083 0.390741 0.053125 0.224074
1 0.599479 0.350000 0.016667 0.064815
1 -0.002344 0.377778 0.026562 0.120370
1 0.622656 0.346759 0.014063 0.069444
7 0.543750 0.392593 0.034375 0.109259
7 0.565365 0.401389 0.035937 0.110185
1 0.363021 0.349074 0.013542 0.051852
1 0.373698 0.349074 0.013021 0.050000
1 0.383594 0.342130 0.013021 0.049074
1 0.424740 0.353704 0.019271 0.057407
1 0.396354 0.343981 0.010417 0.037963
1 0.405729 0.344444 0.011458 0.038889
