0 0.845833 0.654630 0.051042 0.214815
0 0.327865 0.649537 0.036979 0.221296
0 0.916667 0.516667 0.037500 0.196296
0 0.477083 0.988889 0.045833 0.117593
0 0.351042 0.816667 0.036458 0.231481
2 0.377865 0.242593 0.040104 0.103704
2 0.367969 0.325463 0.029687 0.112037
0 0.420052 0.203241 0.024479 0.163889
0 0.336979 0.125463 0.020833 0.128704
0 0.189583 0.253704 0.025000 0.161111
0 0.160156 0.248611 0.029687 0.178704
0 0.404687 0.140278 0.028125 0.145370
0 0.401042 0.117593 0.032292 0.157407
2 0.651563 0.081481 0.031250 0.109259
0 0.301042 0.187500 0.031250 0.160185
0 0.200000 0.179630 0.025000 0.159259
0 0.163021 0.192593 0.026042 0.155556
0 0.191927 0.166667 0.024479 0.161111
0 0.134115 0.200463 0.025521 0.150926
0 0.121615 0.180556 0.025521 0.168519
0 0.147917 0.166204 0.029167 0.162037
0 0.176563 0.150926 0.026042 0.150000
0 0.118229 0.174074 0.020833 0.159259
0 0.171875 0.575000 0.040625 0.211111
0 0.591146 0.679167 0.045833 0.232407
0 0.555469 0.699537 0.039062 0.228704
0 0.830469 0.134722 0.030729 0.160185
0 0.763021 0.135185 0.023958 0.148148
0 0.788542 0.093056 0.030208 0.134259
0 0.244792 0.293981 0.027083 0.175000
0 0.220573 0.295833 0.034896 0.162037
0 0.264062 0.165278 0.030208 0.160185
0 0.234375 0.159722 0.028125 0.154630
0 0.260677 0.142130 0.026562 0.150926
