1 0.807031 0.671759 0.044271 0.226852
1 0.254167 0.202315 0.037500 0.186111
1 0.196615 0.654630 0.057813 0.231481
1 0.915625 0.519907 0.040625 0.193519
1 0.503125 0.968519 0.037500 0.255556
1 0.351042 0.816667 0.036458 0.231481
7 0.377865 0.242593 0.040104 0.103704
7 0.367969 0.325463 0.029687 0.112037
1 0.429427 0.218519 0.030729 0.161111
1 0.772396 0.067593 0.028125 0.129630
1 0.560937 0.145370 0.027083 0.146296
1 0.533854 0.155093 0.031250 0.167593
1 0.278125 0.169907 0.019792 0.154630
1 0.500521 0.120370 0.031250 0.159259
1 0.069531 0.410648 0.025521 0.173148
1 0.052865 0.392130 0.040104 0.186111
1 0.450000 0.496296 0.038542 0.198148
1 0.482552 0.496296 0.035937 0.185185
1 0.429688 0.164815 0.023958 0.142593
1 0.391667 0.169444 0.023958 0.155556
1 0.380729 0.074537 0.026042 0.143519
1 0.297135 0.022685 0.021354 0.123148
7 0.327344 0.029167 0.031771 0.071296
1 0.138021 0.431944 0.029167 0.178704
7 0.651563 0.082407 0.031250 0.109259
1 0.287760 0.535185 0.033854 0.198148
1 0.244792 0.525926 0.036458 0.216667
1 0.294010 0.136111 0.023438 0.153704
1 0.177604 0.122685 0.027083 0.149074
1 0.201302 0.181481 0.029687 0.164815
1 0.482552 0.433796 0.032813 0.169444
1 0.159896 0.200926 0.027083 0.157407
1 0.193750 0.164815 0.027083 0.161111
1 0.124479 0.199537 0.028125 0.152778
1 0.130729 0.180556 0.023958 0.170370
1 0.155729 0.164815 0.029167 0.140741
1 0.151562 0.142593 0.028125 0.153704
1 0.117188 0.174074 0.020833 0.159259
1 0.458854 0.004630 0.019792 0.138889
1 0.232292 0.117593 0.028125 0.155556
1 0.230469 0.462963 0.042188 0.201852
1 0.975000 0.585648 0.035417 0.199074
1 0.904687 0.120833 0.029167 0.141667
1 0.833333 0.032407 0.030208 0.133333
1 0.207813 0.952778 0.051042 0.253704
1 0.223958 0.878704 0.045833 0.250000
1 0.227865 -0.007407 0.021354 0.124074
1 0.203125 -0.006481 0.022917 0.124074
1 0.718229 -0.033796 0.028125 0.130556
7 0.645833 0.076852 0.032292 0.087037
1 0.651042 0.076852 0.035417 0.085185
