0 0.837500 0.660648 0.032292 0.221296
0 0.252344 0.079167 0.035937 0.163889
0 0.445573 0.679630 0.038021 0.240741
0 0.916406 0.519907 0.040104 0.197222
0 0.559635 0.980556 0.043229 0.237037
0 0.351042 0.816667 0.036458 0.231481
2 0.377865 0.242593 0.040104 0.103704
2 0.367969 0.325463 0.029687 0.112037
0 0.422135 0.212963 0.028646 0.157407
0 0.531250 0.035648 0.027083 0.137963
0 0.498698 0.026852 0.028646 0.148148
0 0.314583 0.131019 0.018750 0.139815
0 0.103385 0.383796 0.034896 0.176852
0 0.075781 0.361111 0.032813 0.190741
0 0.529687 0.792593 0.062500 0.240741
0 0.563281 0.794444 0.041146 0.211111
0 0.405990 0.161111 0.029687 0.155556
0 0.297135 0.022222 0.021354 0.122222
2 0.327344 0.029167 0.031771 0.071296
0 0.202083 0.224074 0.026042 0.151852
2 0.651563 0.082407 0.031250 0.109259
0 0.159375 0.883333 0.041667 0.240741
0 0.125000 0.856944 0.048958 0.254630
0 0.283854 0.175463 0.029167 0.160185
0 0.168750 0.118519 0.021875 0.151852
0 0.200521 0.182870 0.027083 0.162037
0 0.941146 0.702315 0.034375 0.199074
0 0.163802 0.193519 0.026562 0.157407
0 0.199740 0.165741 0.023438 0.164815
0 0.128906 0.200000 0.031771 0.146296
0 0.130208 0.182407 0.028125 0.161111
0 0.160938 0.162500 0.029167 0.162037
0 0.145313 0.144907 0.026042 0.147222
0 0.117708 0.174074 0.020833 0.159259
0 0.473438 0.034259 0.025000 0.150000
0 0.217969 0.267130 0.031771 0.173148
0 0.258854 0.199074 0.032292 0.168519
0 0.906510 0.380556 0.040104 0.185185
0 0.845052 0.356481 0.029687 0.177778
0 0.789062 0.062037 0.029167 0.131481
0 0.936198 0.278241 0.033854 0.158333
0 0.882812 0.088889 0.027083 0.151852
0 0.851562 0.081019 0.028125 0.158333
0 0.991927 0.296296 0.034896 0.175926
0 0.221094 0.104630 0.023438 0.146296
0 0.197135 0.111111 0.029687 0.135185
0 0.201302 -0.036574 0.023438 0.117593
0 0.223958 -0.026389 0.026042 0.137963
0 0.278385 -0.032407 0.023438 0.133333
0 0.699479 -0.041204 0.026042 0.115741
2 0.647396 0.071759 0.033333 0.086111
