0 0.845052 0.654630 0.049479 0.214815
0 0.252604 0.605556 0.039583 0.225926
0 0.916146 0.518981 0.051042 0.193519
0 0.480469 0.979167 0.039062 0.140741
0 0.351042 0.816667 0.036458 0.231481
2 0.377865 0.242593 0.040104 0.103704
2 0.367969 0.325463 0.029687 0.112037
0 0.433333 0.213889 0.032292 0.157407
0 0.338542 0.125926 0.020833 0.129630
0 0.156771 0.298611 0.030208 0.169444
0 0.129688 0.295370 0.028125 0.183333
0 0.403385 0.146759 0.022396 0.141667
0 0.403385 0.121296 0.027604 0.159259
0 0.264062 0.120370 0.022917 0.137037
2 0.651563 0.082407 0.031250 0.109259
0 0.302344 0.184722 0.029687 0.162037
0 0.200000 0.183333 0.025000 0.159259
0 0.163021 0.193056 0.025000 0.156481
0 0.197396 0.164815 0.026042 0.157407
0 0.129948 0.199074 0.025521 0.148148
0 0.122656 0.181019 0.026562 0.167593
0 0.151562 0.167130 0.029167 0.162037
0 0.157031 0.141667 0.027604 0.151852
0 0.118229 0.174074 0.020833 0.159259
0 0.187760 0.402778 0.035937 0.190741
0 0.771094 0.953704 0.048438 0.163889
0 0.727344 0.972222 0.045312 0.137963
0 0.859375 0.245370 0.038542 0.172222
0 0.794792 0.240741 0.030208 0.162963
0 0.786458 0.071296 0.030208 0.131481
0 0.258854 0.183333 0.022917 0.161111
0 0.236979 0.186111 0.028125 0.146296
