1 0.481510 0.402315 0.031771 0.147222
1 0.423438 0.381019 0.027083 0.128704
1 0.394792 0.384722 0.025000 0.132407
1 0.774740 0.598611 0.098437 0.606481
1 0.907292 0.598611 0.121875 0.628704
1 0.292448 0.382407 0.040104 0.157407
1 0.431250 0.381481 0.019792 0.114815
1 0.455729 0.378241 0.018750 0.108333
1 0.146875 0.388426 0.026042 0.121296
1 0.595573 0.407870 0.039062 0.221296
1 0.504167 0.378241 0.017708 0.106481
1 0.220833 0.375000 0.020833 0.112963
1 0.205990 0.378241 0.016146 0.087963
1 0.413281 0.363426 0.013021 0.063889
1 0.038802 0.355093 0.013021 0.065741
1 0.060417 0.374074 0.020833 0.101852
7 0.365104 0.370370 0.018750 0.050000
7 0.382292 0.371296 0.015625 0.044444
1 0.074479 0.365278 0.014583 0.063889
7 0.836979 0.424074 0.036458 0.162963
