0 0.143229 0.639352 0.018750 0.117593
0 0.614583 0.514352 0.012500 0.052778
0 0.128385 0.641204 0.019271 0.110185
0 0.134115 0.652778 0.017188 0.109259
0 0.124479 0.658796 0.016667 0.106481
0 0.043229 0.653241 0.025000 0.112037
0 0.725000 0.609722 0.028125 0.121296
0 0.775000 0.593519 0.026042 0.120370
0 0.714063 0.585185 0.015625 0.116667
0 0.874219 0.554630 0.018229 0.101852
0 0.736979 0.582870 0.022917 0.113889
0 0.033333 0.653704 0.025000 0.120370
0 0.705208 0.541204 0.015625 0.078704
0 0.720833 0.534259 0.013542 0.066667
0 0.727344 0.556944 0.014063 0.086111
0 0.769271 0.584259 0.020833 0.107407
0 0.758854 0.559259 0.014583 0.094444
0 0.665104 0.535185 0.018750 0.057407
0 0.690625 0.538889 0.013542 0.068519
0 0.682292 0.534722 0.012500 0.060185
