1 0.828125 0.580556 0.027083 0.131481
1 0.900000 0.550463 0.022917 0.087963
1 0.872135 0.534722 0.019271 0.084259
1 0.211198 0.570833 0.021354 0.106481
1 0.235937 0.574074 0.023958 0.111111
1 0.311198 0.546759 0.017188 0.082407
1 0.297917 0.552778 0.015625 0.079630
1 0.338021 0.537037 0.016667 0.079630
1 0.322656 0.543056 0.014063 0.078704
1 0.831771 0.504167 0.011458 0.043519
1 0.724479 0.502315 0.010417 0.056481
1 0.827083 0.506944 0.012500 0.049074
1 0.550521 0.476852 0.007292 0.027778
1 0.290625 0.530556 0.011458 0.077778
1 0.300260 0.537963 0.014063 0.088889
1 0.644792 0.480556 0.008333 0.037037
1 0.875521 0.500463 0.016667 0.050926
1 0.414323 0.499537 0.008854 0.047222
1 0.432812 0.502315 0.009375 0.049074
1 0.397656 0.494907 0.010937 0.045370
1 0.727865 0.493519 0.010937 0.042593
1 0.287240 0.544444 0.015104 0.066667
1 0.779948 0.498148 0.009896 0.048148
