1 0.642708 0.384722 0.029167 0.128704
1 0.441667 0.395370 0.032292 0.166667
1 0.478385 0.399537 0.028646 0.150926
1 0.774479 0.393981 0.039583 0.186111
1 0.590365 0.363426 0.016146 0.063889
1 0.004948 0.390278 0.022396 0.115741
1 0.031771 0.393519 0.026042 0.114815
1 0.629167 0.360185 0.014583 0.062963
1 0.610938 0.361574 0.014583 0.067593
7 0.531771 0.404630 0.034375 0.109259
7 0.555990 0.402315 0.031771 0.102778
1 0.359115 0.363426 0.013021 0.052778
1 0.368750 0.363426 0.011458 0.047222
1 0.381771 0.354167 0.011458 0.047222
1 0.417708 0.363889 0.015625 0.055556
1 0.395052 0.358796 0.010937 0.037963
1 0.401562 0.356481 0.011458 0.038889
