1 0.844792 0.654630 0.048958 0.214815
1 0.259375 -0.006481 0.031250 0.174074
1 0.263281 0.609259 0.045312 0.222222
1 0.915885 0.518981 0.050521 0.193519
1 0.493229 0.978704 0.038542 0.238889
1 0.351042 0.816667 0.036458 0.231481
7 0.377865 0.242593 0.040104 0.103704
7 0.367969 0.325463 0.029687 0.112037
1 0.433594 0.213889 0.032813 0.157407
1 0.506771 -0.028241 0.025000 0.128704
1 0.480729 -0.031019 0.027083 0.130556
1 0.335677 0.125926 0.020313 0.129630
1 0.154167 0.303241 0.030208 0.169444
1 0.126562 0.298148 0.028125 0.187037
1 0.609635 0.997685 0.052604 0.206481
1 0.636198 1.003704 0.041146 0.192593
1 0.403125 0.147685 0.021875 0.141667
1 0.403385 0.122222 0.026562 0.157407
1 0.297917 0.020370 0.022917 0.122222
7 0.327344 0.029167 0.031771 0.071296
1 0.266406 0.129167 0.023438 0.143519
7 0.651563 0.082407 0.031250 0.109259
1 0.192188 1.036111 0.052083 0.127778
1 0.300260 0.185648 0.031771 0.160185
1 0.161198 0.066204 0.026562 0.139815
1 0.200260 0.183333 0.025521 0.159259
1 0.163021 0.193056 0.025000 0.156481
1 0.197135 0.163889 0.025521 0.159259
1 0.132292 0.198611 0.023958 0.147222
1 0.122656 0.181019 0.026562 0.167593
1 0.151302 0.166204 0.028646 0.162037
1 0.157031 0.143519 0.027604 0.151852
1 0.118229 0.174074 0.020833 0.159259
1 0.471354 0.000463 0.026042 0.149074
1 0.192708 0.393519 0.034375 0.190741
1 0.258854 0.080093 0.031250 0.154630
1 0.788021 0.977315 0.044792 0.225000
1 0.743750 0.991204 0.041667 0.212037
1 0.859375 0.254630 0.033333 0.168519
1 0.800000 0.245370 0.028125 0.162963
1 0.786458 0.071296 0.030208 0.131481
1 0.823698 0.000926 0.027604 0.140741
1 0.784896 -0.008796 0.026042 0.143519
1 0.255990 0.175000 0.023438 0.161111
1 0.234115 0.180556 0.027604 0.140741
1 0.182552 0.034722 0.024479 0.130556
1 0.229427 0.068056 0.029687 0.143519
1 0.197917 0.058796 0.026042 0.141667
1 0.234635 0.047222 0.023438 0.133333
1 0.846354 -0.011111 0.015625 0.075926
1 0.634115 0.047222 0.031771 0.135185
