1 0.941667 0.575463 0.035417 0.137963
1 0.724479 0.578704 0.027083 0.129630
1 0.072396 0.586574 0.016667 0.084259
1 0.646354 0.575926 0.029167 0.120370
1 0.563021 0.540278 0.013542 0.073148
1 0.436198 0.505093 0.008854 0.047222
1 0.065625 0.585648 0.013542 0.080556
1 0.065365 0.595833 0.014063 0.078704
1 0.005469 0.596759 0.010937 0.080556
1 0.519271 0.520370 0.012500 0.059259
1 0.509635 0.523611 0.010937 0.063889
1 0.562760 0.543056 0.018229 0.073148
1 0.202604 0.513889 0.007292 0.035185
1 0.576042 0.540741 0.017708 0.079630
1 0.594271 0.536111 0.020833 0.085185
1 0.532813 0.522685 0.015625 0.063889
1 0.552865 0.519444 0.011979 0.064815
1 0.465104 0.522222 0.011458 0.059259
