1 0.845573 0.654630 0.050521 0.214815
1 0.240365 0.625926 0.046354 0.225926
1 0.915365 0.517593 0.046354 0.190741
1 0.460156 0.987500 0.043229 0.225000
1 0.351042 0.816667 0.036458 0.231481
7 0.377865 0.242593 0.040104 0.103704
7 0.367969 0.325463 0.029687 0.112037
1 0.421354 0.207870 0.026042 0.163889
1 0.336979 0.125463 0.020833 0.128704
1 0.183854 0.265278 0.028125 0.162037
1 0.148958 0.264352 0.029167 0.184259
1 0.403385 0.146296 0.024479 0.138889
1 0.404427 0.121759 0.027604 0.158333
1 0.299219 0.019444 0.024479 0.122222
7 0.327344 0.029167 0.031771 0.071296
1 0.252604 0.068056 0.021875 0.130556
7 0.651563 0.081481 0.031250 0.109259
1 0.302083 0.187500 0.029167 0.162037
1 0.177344 0.049074 0.023438 0.138889
1 0.200000 0.181481 0.025000 0.159259
1 0.163281 0.192593 0.025521 0.155556
1 0.194792 0.164352 0.025000 0.165741
1 0.136719 0.200463 0.025521 0.150926
1 0.121615 0.179167 0.025521 0.171296
1 0.147917 0.165278 0.029167 0.162037
1 0.161198 0.142593 0.027604 0.151852
1 0.118229 0.174074 0.020833 0.159259
1 0.469010 -0.022685 0.025521 0.149074
1 0.173958 0.497685 0.037500 0.204630
1 0.252604 0.002315 0.031250 0.147222
1 0.660937 0.790741 0.046875 0.240741
1 0.620052 0.816204 0.042188 0.243519
1 0.846615 0.182407 0.029687 0.164815
1 0.778125 0.176852 0.027083 0.155556
1 0.772396 -0.002778 0.023958 0.125926
1 0.788281 -0.032870 0.022396 0.119444
1 0.785937 0.073148 0.030208 0.131481
1 0.260417 0.242593 0.023958 0.168519
1 0.229427 0.243981 0.038021 0.149074
1 0.146615 0.046759 0.024479 0.130556
1 0.238802 0.118056 0.029687 0.149074
1 0.208594 0.119444 0.026562 0.153704
1 0.239844 0.101852 0.025521 0.142593
1 0.832292 -0.003704 0.019792 0.077778
1 0.498958 0.009259 0.034375 0.129630
