1 0.622396 0.349074 0.032292 0.138889
1 0.443750 0.346296 0.031250 0.162963
1 0.029687 0.559722 0.191667 0.682407
1 0.479167 0.353704 0.029167 0.144444
1 0.739062 0.396759 0.051042 0.337963
1 0.378646 0.340741 0.020833 0.101852
1 0.718229 0.393981 0.045833 0.289815
1 0.547917 0.325463 0.014583 0.060185
1 0.178646 0.408333 0.058333 0.264815
1 0.157812 0.327315 0.021875 0.106481
1 0.143490 0.320370 0.015104 0.074074
1 0.148438 0.319907 0.014583 0.076852
1 0.572396 0.322222 0.010417 0.046296
1 0.559115 0.324074 0.010937 0.055556
7 0.495573 0.344444 0.023438 0.074074
7 0.513542 0.351389 0.022917 0.075000
1 0.327344 0.329167 0.017188 0.065741
1 0.394271 0.327315 0.012500 0.060185
1 0.402604 0.326389 0.011458 0.058333
