1 0.598177 0.328704 0.030729 0.135185
1 0.415104 0.329630 0.032292 0.161111
1 0.454167 0.337037 0.029167 0.146296
1 0.617188 0.310185 0.023958 0.105556
1 0.749219 0.376389 0.059896 0.391667
1 0.366146 0.318519 0.020833 0.103704
1 0.722917 0.373611 0.048958 0.326852
1 0.528385 0.301852 0.014063 0.064815
1 0.096615 0.395833 0.052604 0.297222
1 0.122135 0.305556 0.016146 0.079630
1 0.555729 0.296759 0.012500 0.052778
1 0.541927 0.293519 0.011979 0.053704
7 0.478385 0.333333 0.023438 0.083333
7 0.495312 0.333796 0.025000 0.080556
1 0.323437 0.294444 0.010417 0.046296
1 0.336458 0.288426 0.010417 0.037963
1 0.340625 0.289815 0.010417 0.042593
1 0.385937 0.315741 0.011458 0.057407
1 0.350521 0.289815 0.009375 0.035185
