1 0.840885 0.583796 0.042188 0.156481
1 0.095833 0.599074 0.016667 0.092593
1 0.819010 0.628704 0.036979 0.168519
1 0.631771 0.549537 0.019792 0.091667
1 0.504167 0.504167 0.011458 0.045370
1 0.694792 0.517593 0.013542 0.072222
1 0.086719 0.600000 0.015104 0.090741
1 0.086719 0.613426 0.015104 0.091667
1 0.017708 0.615278 0.017708 0.095370
1 0.624479 0.556944 0.020833 0.093519
1 0.245573 0.516204 0.007812 0.037963
1 0.647656 0.546296 0.022396 0.107407
1 0.008073 0.610185 0.017188 0.096296
1 0.555990 0.525463 0.019271 0.071296
1 0.532813 0.525000 0.012500 0.066667
