1 0.827344 0.664815 0.040104 0.224074
1 0.253125 0.094444 0.038542 0.166667
1 0.447135 0.681944 0.039062 0.237963
1 0.917969 0.520370 0.036979 0.190741
1 0.556510 0.982870 0.046354 0.232407
1 0.351042 0.816667 0.036458 0.231481
7 0.377865 0.242593 0.040104 0.103704
7 0.367969 0.325463 0.029687 0.112037
1 0.426302 0.213426 0.030729 0.158333
1 0.533854 0.047685 0.027083 0.137963
1 0.499740 0.043519 0.028646 0.148148
1 0.300781 0.130093 0.020313 0.143519
1 0.469792 -0.039352 0.027083 0.115741
1 0.091927 0.393056 0.031771 0.178704
1 0.062500 0.375000 0.021875 0.200000
1 0.514583 0.750926 0.064583 0.235185
1 0.551562 0.756019 0.039583 0.217593
1 0.406510 0.156481 0.025521 0.122222
1 0.389844 0.162500 0.033854 0.154630
1 0.385937 -0.036574 0.025000 0.125000
1 0.297135 0.022222 0.021354 0.122222
7 0.327344 0.029167 0.031771 0.071296
1 0.180469 0.244444 0.025521 0.155556
7 0.651563 0.082407 0.031250 0.109259
1 0.172917 0.839815 0.038542 0.240741
1 0.133073 0.815741 0.047396 0.248148
1 0.280469 0.166204 0.030729 0.158333
1 0.175781 0.126389 0.025521 0.152778
1 0.200521 0.182870 0.027083 0.162037
1 0.887500 0.660648 0.035417 0.195370
1 0.163542 0.194444 0.027083 0.157407
1 0.202604 0.163426 0.025000 0.163889
1 0.129167 0.200000 0.032292 0.146296
1 0.134375 0.182407 0.029167 0.161111
1 0.161719 0.161574 0.029687 0.163889
1 0.150000 0.141667 0.026042 0.150000
1 0.117708 0.174074 0.020833 0.159259
1 0.470573 0.041667 0.024479 0.150000
1 0.225000 0.243056 0.031250 0.167593
1 0.259896 0.223148 0.034375 0.174074
1 0.924219 0.410185 0.041146 0.198148
1 0.859896 0.378704 0.031250 0.181481
1 0.793490 0.054167 0.029687 0.136111
1 0.921615 0.261111 0.033854 0.161111
1 0.889844 0.106944 0.026562 0.152778
1 0.857552 0.103241 0.028646 0.162037
1 0.974479 0.259259 0.041667 0.174074
1 0.220573 0.091667 0.023438 0.146296
1 0.194271 0.098611 0.029167 0.136111
1 0.265625 -0.030093 0.020833 0.126852
1 0.237500 -0.037500 0.023958 0.119444
1 0.706771 -0.039815 0.026042 0.118519
7 0.647135 0.072222 0.033854 0.087037
