1 0.845052 0.654630 0.049479 0.214815
1 0.252604 -0.014352 0.031250 0.167593
1 0.236458 0.604630 0.041667 0.229630
1 0.916667 0.518981 0.052083 0.193519
1 0.469010 0.979167 0.039062 0.239815
1 0.351042 0.816667 0.036458 0.231481
7 0.377865 0.242593 0.040104 0.103704
7 0.367969 0.325463 0.029687 0.112037
1 0.433333 0.213889 0.032292 0.157407
1 0.501563 -0.036574 0.025000 0.125000
1 0.339062 0.125926 0.020833 0.129630
1 0.159375 0.291204 0.029167 0.163889
1 0.133594 0.288889 0.030729 0.179630
1 0.593490 1.019444 0.052604 0.162963
1 0.636979 1.022685 0.048958 0.154630
1 0.402865 0.145833 0.024479 0.141667
1 0.403385 0.121296 0.026562 0.159259
1 0.298177 0.020370 0.023438 0.122222
7 0.327344 0.029167 0.031771 0.071296
1 0.262500 0.111574 0.022917 0.134259
7 0.651563 0.082407 0.031250 0.109259
1 0.304948 0.183796 0.025521 0.163889
1 0.165885 0.056944 0.026562 0.139815
1 0.200000 0.183333 0.025000 0.159259
1 0.163021 0.193519 0.025000 0.155556
1 0.195573 0.167593 0.026562 0.157407
1 0.129688 0.199074 0.027083 0.148148
1 0.122135 0.181019 0.026562 0.167593
1 0.151042 0.168056 0.029167 0.162037
1 0.156771 0.141667 0.027083 0.151852
1 0.118229 0.174074 0.020833 0.159259
1 0.472917 -0.007870 0.026042 0.149074
1 0.183073 0.415741 0.035937 0.194444
1 0.256510 0.061574 0.027604 0.149074
1 0.758073 0.933796 0.054688 0.234259
1 0.712500 0.947685 0.042708 0.228704
1 0.863802 0.232407 0.039062 0.166667
1 0.792188 0.231481 0.028125 0.157407
1 0.786458 0.071296 0.030208 0.131481
1 0.812500 -0.013426 0.027083 0.137963
1 0.775781 -0.025926 0.025521 0.138889
1 0.261458 0.187963 0.022917 0.162963
1 0.234896 0.188426 0.036458 0.145370
1 0.162760 0.038426 0.028646 0.128704
1 0.226562 0.075000 0.028125 0.146296
1 0.197396 0.071759 0.026042 0.141667
1 0.229687 0.059722 0.022917 0.139815
1 0.843750 -0.006481 0.018750 0.077778
1 0.601302 0.030093 0.031771 0.132407
