1 0.831510 0.664815 0.033854 0.224074
1 0.253646 0.086574 0.039583 0.165741
1 0.448177 0.681481 0.036979 0.237037
1 0.915885 0.518981 0.041146 0.191667
1 0.561458 0.979167 0.043750 0.237963
1 0.351042 0.816667 0.036458 0.231481
7 0.377865 0.242593 0.040104 0.103704
7 0.367969 0.325463 0.029687 0.112037
1 0.425000 0.212963 0.029167 0.157407
1 0.532292 0.042130 0.027083 0.137963
1 0.499219 0.033333 0.028646 0.148148
1 0.308073 0.132870 0.020313 0.143519
1 0.470833 -0.044444 0.027083 0.109259
1 0.098958 0.388426 0.033333 0.173148
1 0.070833 0.367130 0.030208 0.193519
1 0.521875 0.770833 0.062500 0.237963
1 0.555729 0.776852 0.039583 0.216667
1 0.406250 0.151389 0.025000 0.125000
1 0.397396 0.162500 0.033333 0.154630
1 0.297135 0.022222 0.021354 0.122222
7 0.327344 0.029167 0.031771 0.071296
1 0.190104 0.232407 0.025000 0.153704
7 0.651563 0.082407 0.031250 0.109259
1 0.165885 0.863889 0.040104 0.240741
1 0.126823 0.840741 0.046354 0.251852
1 0.283073 0.168981 0.028646 0.158333
1 0.171875 0.124074 0.021875 0.151852
1 0.200521 0.182870 0.027083 0.162037
1 0.913542 0.681019 0.041667 0.199074
1 0.163542 0.194444 0.027083 0.157407
1 0.201823 0.163426 0.024479 0.163889
1 0.128906 0.200000 0.031771 0.146296
1 0.132812 0.182407 0.028125 0.161111
1 0.161979 0.161574 0.029167 0.163889
1 0.147917 0.141667 0.026042 0.150000
1 0.117708 0.174074 0.020833 0.159259
1 0.473438 0.037963 0.025000 0.150000
1 0.222135 0.255556 0.031771 0.168519
1 0.257031 0.209259 0.035937 0.170370
1 0.914844 0.394907 0.045312 0.191667
1 0.852865 0.367593 0.032813 0.179630
1 0.791927 0.058796 0.029687 0.136111
1 0.928906 0.269444 0.029687 0.159259
1 0.885417 0.095833 0.027083 0.152778
1 0.854167 0.091204 0.028125 0.160185
1 0.980990 0.280556 0.035937 0.175926
1 0.219531 0.099074 0.023438 0.146296
1 0.196094 0.105556 0.029687 0.135185
1 0.259635 -0.027315 0.022396 0.130556
1 0.231771 -0.033796 0.025000 0.128704
1 0.703125 -0.041204 0.026042 0.115741
7 0.647396 0.071759 0.033333 0.086111
