0 0.844792 0.654630 0.048958 0.214815
0 0.309635 0.609722 0.040104 0.223148
0 0.914323 0.518981 0.048438 0.193519
0 0.521875 0.984259 0.039583 0.128704
0 0.351042 0.816667 0.036458 0.231481
2 0.377865 0.242593 0.040104 0.103704
2 0.367969 0.325463 0.029687 0.112037
0 0.433594 0.213426 0.033854 0.156481
0 0.333854 0.126852 0.019792 0.131481
0 0.144271 0.317130 0.031250 0.171296
0 0.111979 0.311574 0.039583 0.184259
0 0.605469 0.967130 0.053646 0.152778
0 0.641667 0.971296 0.050000 0.140741
0 0.403125 0.145370 0.021875 0.140741
0 0.415104 0.124537 0.027083 0.160185
0 0.270573 0.150926 0.023438 0.144444
2 0.651563 0.082407 0.031250 0.109259
0 0.302083 0.183796 0.028125 0.163889
0 0.158333 0.075463 0.030208 0.145370
0 0.200521 0.183333 0.026042 0.159259
0 0.163021 0.193056 0.025000 0.156481
0 0.199219 0.166204 0.024479 0.158333
0 0.132031 0.198611 0.026562 0.147222
0 0.119010 0.181019 0.026562 0.167593
0 0.152083 0.166204 0.029167 0.162037
0 0.157812 0.143519 0.027083 0.151852
0 0.199219 0.366667 0.032813 0.187037
0 0.266927 0.102778 0.031771 0.161111
0 0.865365 0.281019 0.041146 0.175000
0 0.814323 0.264352 0.028646 0.165741
0 0.786458 0.070370 0.030208 0.131481
0 0.245312 0.155093 0.023958 0.156481
0 0.226302 0.165278 0.024479 0.139815
2 0.647396 0.057870 0.034375 0.110185
