1 0.769792 0.568981 0.022917 0.108333
1 0.841406 0.550463 0.018229 0.078704
1 0.925000 0.653241 0.033333 0.152778
1 0.982292 0.657407 0.038542 0.157407
1 0.812500 0.538426 0.016667 0.075000
1 0.241146 0.586574 0.018750 0.097222
1 0.266146 0.590741 0.019792 0.090741
1 0.330208 0.556019 0.013542 0.071296
1 0.317448 0.558333 0.011979 0.068519
1 0.351562 0.547222 0.012500 0.061111
1 0.823958 0.509259 0.009375 0.044444
1 0.704688 0.507870 0.012500 0.045370
1 0.815365 0.504630 0.007812 0.040741
1 0.559896 0.492130 0.007292 0.026852
1 0.312500 0.548611 0.008333 0.073148
1 0.323437 0.543981 0.008333 0.062037
1 0.635156 0.493981 0.007812 0.034259
1 0.416927 0.515278 0.008854 0.041667
1 0.435417 0.520370 0.008333 0.044444
1 0.403125 0.514352 0.009375 0.037963
1 0.833854 0.505093 0.011458 0.045370
1 0.772917 0.506944 0.011458 0.047222
