1 0.764583 0.559259 0.021875 0.105556
1 0.834896 0.543519 0.019792 0.075926
1 0.911198 0.643981 0.032813 0.150926
1 0.967708 0.639815 0.040625 0.151852
1 0.807813 0.530556 0.016667 0.075926
1 0.010937 0.687037 0.034375 0.185185
1 0.244792 0.564815 0.018750 0.094444
1 0.269792 0.573148 0.019792 0.090741
1 0.332292 0.541204 0.013542 0.071296
1 0.320052 0.542593 0.011979 0.068519
1 0.353646 0.525000 0.016667 0.059259
1 0.822396 0.501852 0.009375 0.048148
1 0.702865 0.500463 0.010937 0.047222
1 0.814583 0.496759 0.006250 0.041667
1 0.560677 0.480556 0.006771 0.025926
1 0.314323 0.531944 0.008854 0.069444
1 0.325000 0.525463 0.008333 0.062037
1 0.634115 0.481944 0.007812 0.034259
1 0.684896 0.491204 0.007292 0.041667
1 0.416146 0.500926 0.008333 0.042593
1 0.435937 0.506944 0.008333 0.043519
1 0.404167 0.500463 0.009375 0.041667
1 0.831771 0.499074 0.011458 0.044444
