0 0.845833 0.654630 0.051042 0.214815
0 0.350000 0.651389 0.047917 0.232407
0 0.916406 0.516667 0.038021 0.196296
0 0.473698 0.979167 0.041146 0.228704
0 0.351042 0.816667 0.036458 0.231481
2 0.377865 0.242593 0.040104 0.103704
2 0.367969 0.325463 0.029687 0.112037
0 0.423438 0.202778 0.027083 0.162963
0 0.336979 0.125463 0.020833 0.128704
0 0.193490 0.247685 0.025521 0.162037
0 0.159896 0.243519 0.029167 0.177778
0 0.405208 0.143056 0.029167 0.147222
0 0.398698 0.114815 0.027604 0.155556
0 0.300521 0.018056 0.026042 0.121296
2 0.327344 0.029167 0.031771 0.071296
0 0.239844 0.011111 0.021354 0.122222
2 0.651563 0.081481 0.031250 0.109259
0 0.303646 0.187037 0.034375 0.159259
0 0.174740 0.049074 0.023438 0.138889
0 0.200000 0.179630 0.025000 0.159259
0 0.163021 0.192593 0.026042 0.155556
0 0.191406 0.165741 0.024479 0.161111
0 0.134115 0.200463 0.025521 0.150926
0 0.121615 0.181019 0.025521 0.167593
0 0.147656 0.166667 0.028646 0.161111
0 0.177604 0.150000 0.026042 0.150000
0 0.118750 0.173148 0.020833 0.159259
0 0.467187 -0.025463 0.026042 0.147222
0 0.164062 0.603241 0.039583 0.217593
0 0.575000 0.643981 0.036458 0.230556
0 0.536198 0.662037 0.038021 0.216667
0 0.817708 0.121296 0.033333 0.151852
0 0.759896 0.124074 0.026042 0.146296
0 0.858073 0.064352 0.031771 0.136111
0 0.811719 0.034259 0.023438 0.135185
0 0.782031 0.102315 0.031771 0.137963
0 0.566667 -0.009259 0.025000 0.140741
0 0.390885 -0.012500 0.022396 0.125000
0 0.272917 0.008796 0.018750 0.125000
0 0.243750 0.308796 0.028125 0.176852
0 0.215365 0.311574 0.039062 0.162037
0 0.138281 0.137500 0.023438 0.160185
0 0.145833 0.047685 0.027083 0.128704
0 0.263802 0.180556 0.032813 0.164815
0 0.235937 0.175926 0.028125 0.159259
0 0.265885 0.158333 0.027604 0.153704
0 0.410677 -0.004167 0.023438 0.128704
