1 0.846615 0.654630 0.052604 0.214815
1 0.362240 0.646759 0.048438 0.226852
1 0.916146 0.518056 0.039583 0.195370
1 0.495312 0.984722 0.041667 0.217593
1 0.351042 0.816667 0.036458 0.231481
7 0.377865 0.242593 0.040104 0.103704
7 0.367969 0.325463 0.029687 0.112037
1 0.431771 0.208333 0.037500 0.157407
1 0.337240 0.125463 0.020313 0.128704
1 0.195573 0.235648 0.026562 0.154630
1 0.176042 0.240278 0.032292 0.178704
1 0.404167 0.140278 0.030208 0.145370
1 0.400521 0.114815 0.025000 0.153704
1 0.302083 0.016667 0.028125 0.122222
7 0.327344 0.029167 0.031771 0.071296
7 0.651563 0.081481 0.031250 0.109259
1 0.302865 0.187963 0.028646 0.157407
1 0.174740 0.050000 0.023438 0.138889
1 0.204427 0.180093 0.027604 0.158333
1 0.163542 0.193981 0.026042 0.154630
1 0.198437 0.161574 0.023958 0.158333
1 0.138021 0.201852 0.028125 0.153704
1 0.129167 0.188889 0.041667 0.153704
1 0.153646 0.162500 0.028125 0.158333
1 0.186198 0.144444 0.025521 0.150000
1 0.119271 0.166667 0.020833 0.159259
1 0.467187 -0.025463 0.026042 0.147222
1 0.191406 0.812037 0.047396 0.244444
1 0.508854 0.443519 0.035417 0.196296
1 0.463542 0.455556 0.032292 0.196296
1 0.680208 0.862037 0.048958 0.259259
1 0.932292 0.742593 0.047917 0.229630
1 0.962500 0.693981 0.036458 0.234259
1 0.789583 0.042593 0.031250 0.137037
1 0.750260 0.040741 0.023438 0.137037
1 0.921354 0.196759 0.030208 0.163889
1 0.859635 0.161574 0.030729 0.150926
1 0.784635 0.187037 0.030729 0.146296
1 0.603646 0.135185 0.032292 0.151852
1 0.438542 -0.025000 0.022917 0.146296
1 0.416927 -0.024537 0.024479 0.137963
1 0.374479 0.033796 0.050000 0.093519
1 0.260417 0.100926 0.026042 0.137037
1 0.222656 0.450463 0.032813 0.195370
1 0.190365 0.453704 0.040104 0.179630
1 0.239583 0.146759 0.028125 0.162037
1 0.232813 0.049074 0.033333 0.138889
1 0.213542 0.029630 0.026042 0.125926
1 0.145833 0.047222 0.027083 0.127778
1 0.248438 0.293519 0.035417 0.175926
1 0.201563 0.292130 0.031250 0.169444
1 0.263802 0.274537 0.030729 0.165741
