1 0.620052 0.346759 0.032813 0.139815
1 0.459896 0.330556 0.028125 0.140741
1 0.398958 0.366667 0.052083 0.233333
1 0.950521 0.587963 0.123958 0.746296
1 0.205990 0.359722 0.057813 0.247222
1 0.497656 0.337500 0.026562 0.126852
1 0.528125 0.311574 0.012500 0.054630
1 0.567448 0.335185 0.023438 0.150000
1 0.295052 0.321759 0.021354 0.100926
1 0.576042 0.339815 0.020833 0.137037
1 0.648698 0.325000 0.018229 0.111111
1 0.047656 0.371296 0.061979 0.259259
1 0.026562 0.387963 0.056250 0.222222
1 0.341406 0.330093 0.020313 0.104630
1 0.327344 0.325463 0.023438 0.110185
1 0.313542 0.342130 0.022917 0.121296
7 0.455729 0.320370 0.020833 0.050000
7 0.470052 0.330093 0.018229 0.056481
1 0.374740 0.306481 0.013021 0.066667
1 0.347135 0.313889 0.010937 0.059259
1 0.358594 0.316204 0.013021 0.056481
