0 0.573438 0.389815 0.035417 0.151852
0 0.513021 0.375926 0.027083 0.133333
0 0.489063 0.372222 0.026042 0.144444
0 0.777344 0.603704 0.119271 0.648148
0 0.915104 0.626389 0.159375 0.699074
0 0.363281 0.372685 0.041146 0.180556
0 0.521615 0.370370 0.022396 0.120370
0 0.021354 0.385648 0.041667 0.180556
0 0.558333 0.368056 0.023958 0.119444
0 0.273177 0.356481 0.025521 0.111111
0 0.801823 0.453704 0.069271 0.387037
0 0.616667 0.366204 0.017708 0.106481
0 0.291667 0.356481 0.025000 0.124074
0 0.277865 0.360648 0.021354 0.110185
0 0.523177 0.361111 0.020313 0.092593
0 0.140365 0.329167 0.013021 0.069444
0 0.152604 0.350926 0.020833 0.105556
2 0.472917 0.353704 0.018750 0.050000
0 0.166927 0.332870 0.015104 0.065741
0 0.416927 0.342130 0.011979 0.058333
0 0.406250 0.341204 0.009375 0.058333
0 0.384115 0.340278 0.011979 0.047222
