1 0.594010 0.324074 0.031771 0.133333
1 0.409896 0.330556 0.032292 0.161111
1 0.446875 0.331481 0.029167 0.146296
1 0.619792 0.308333 0.031250 0.109259
1 0.771094 0.386111 0.063021 0.422222
1 0.369792 0.321759 0.020833 0.104630
1 0.741927 0.379167 0.053646 0.356481
1 0.525781 0.298611 0.016146 0.063889
1 0.058073 0.416204 0.055729 0.334259
1 0.104167 0.313426 0.018750 0.080556
1 0.554427 0.297685 0.011979 0.052778
1 0.543229 0.295370 0.010417 0.051852
7 0.475781 0.327778 0.024479 0.083333
7 0.495833 0.331944 0.025000 0.082407
1 0.312240 0.295370 0.013021 0.046296
1 0.320833 0.299537 0.010417 0.047222
1 0.334115 0.293981 0.010937 0.039815
1 0.337760 0.292593 0.010937 0.042593
1 0.385677 0.306481 0.010937 0.057407
1 0.348958 0.295370 0.010417 0.035185
1 0.355208 0.293519 0.010417 0.035185
