1 0.735677 0.637500 0.053646 0.223148
1 0.225781 0.444907 0.044271 0.215741
1 0.074740 0.623611 0.043229 0.230556
1 0.916406 0.519907 0.039062 0.193519
1 0.642708 1.004630 0.039583 0.190741
1 0.354687 0.820833 0.052083 0.232407
7 0.377865 0.242593 0.040104 0.103704
7 0.367969 0.325463 0.029687 0.112037
1 0.429688 0.218519 0.031250 0.161111
1 0.978906 0.323148 0.039062 0.177778
1 0.788281 0.132407 0.027604 0.135185
1 0.833333 0.296759 0.029167 0.167593
1 0.794792 0.294444 0.031250 0.177778
1 0.498698 0.266204 0.051562 0.162037
1 0.546094 0.233333 0.040104 0.168519
1 0.108854 0.430556 0.034375 0.177778
1 0.112760 0.409259 0.033854 0.196296
1 0.465104 0.222685 0.030208 0.167593
1 0.486979 0.227315 0.026042 0.152778
1 0.552083 -0.011111 0.023958 0.112963
1 0.531510 -0.008796 0.022396 0.110185
1 0.735417 0.283333 0.023958 0.155556
1 0.714063 0.250000 0.029167 0.155556
1 0.380469 0.070833 0.027604 0.150926
1 0.388021 -0.035648 0.020833 0.100926
1 0.295312 0.022222 0.017708 0.120370
7 0.327344 0.029167 0.031771 0.071296
1 0.016406 0.852778 0.036979 0.220370
7 0.649740 0.083796 0.039062 0.108333
1 0.270573 0.231944 0.027604 0.163889
1 0.276302 0.243056 0.047396 0.176852
1 0.246094 0.120370 0.027604 0.151852
1 0.225781 0.132870 0.026562 0.152778
1 0.292448 0.136574 0.022396 0.154630
1 0.267708 0.112963 0.027083 0.148148
1 0.199219 0.179167 0.027604 0.163889
1 0.219792 0.153241 0.027083 0.141667
1 0.161198 0.192593 0.027604 0.157407
1 0.190365 0.162963 0.025521 0.161111
1 0.123958 0.194444 0.025000 0.151852
1 0.144531 0.169907 0.023438 0.169444
1 0.146875 0.156944 0.030208 0.156481
1 0.152083 0.142593 0.028125 0.153704
1 0.118750 0.174074 0.020833 0.159259
1 0.486719 -0.045833 0.020313 0.106481
1 0.223958 1.007407 0.048958 0.187037
7 0.648177 0.058333 0.033854 0.114815
