1 0.846615 0.654630 0.052604 0.214815
1 0.357812 0.647222 0.040625 0.227778
1 0.916146 0.518056 0.039583 0.195370
1 0.492448 0.989352 0.042188 0.217593
1 0.351042 0.816667 0.036458 0.231481
7 0.377865 0.242593 0.040104 0.103704
7 0.367969 0.325463 0.029687 0.112037
1 0.432031 0.208333 0.038021 0.157407
1 0.337240 0.125463 0.020313 0.128704
1 0.195573 0.235648 0.026562 0.154630
1 0.174219 0.239815 0.034896 0.177778
1 0.404948 0.139815 0.028646 0.146296
1 0.401042 0.115278 0.023958 0.154630
1 0.302083 0.016667 0.028125 0.122222
7 0.327344 0.029167 0.031771 0.071296
7 0.651563 0.081481 0.031250 0.109259
1 0.303906 0.187963 0.029687 0.157407
1 0.174740 0.050000 0.023438 0.138889
1 0.208073 0.178241 0.027604 0.158333
1 0.163542 0.193981 0.026042 0.154630
1 0.198437 0.164352 0.023958 0.158333
1 0.138802 0.199537 0.027604 0.152778
1 0.124740 0.181481 0.028646 0.170370
1 0.146615 0.162963 0.027604 0.159259
1 0.185677 0.145370 0.025521 0.150000
1 0.119271 0.167593 0.020833 0.159259
1 0.467187 -0.025463 0.026042 0.147222
1 0.182812 0.776389 0.044792 0.236111
1 0.514062 0.472222 0.040625 0.211111
1 0.467187 0.485648 0.032292 0.199074
1 0.693229 0.893056 0.050000 0.245370
1 0.934896 0.742593 0.046875 0.229630
1 0.962500 0.695833 0.036458 0.234259
1 0.792188 0.049074 0.030208 0.137037
1 0.757292 0.054630 0.022917 0.137037
1 0.913542 0.171759 0.027083 0.158333
1 0.853125 0.141667 0.026042 0.146296
1 0.783854 0.175926 0.032292 0.142593
1 0.598958 0.111574 0.029167 0.149074
1 0.437500 -0.026852 0.023958 0.133333
1 0.411719 -0.025463 0.024479 0.137963
1 0.378906 0.024074 0.050521 0.109259
1 0.258333 0.086111 0.027083 0.137037
1 0.227083 0.428241 0.030208 0.191667
1 0.192188 0.432870 0.039583 0.175000
1 0.237240 0.142130 0.032813 0.163889
1 0.232813 0.037037 0.035417 0.131481
1 0.211979 0.016667 0.023958 0.122222
1 0.145833 0.047222 0.027083 0.127778
1 0.256250 0.279167 0.035417 0.176852
1 0.209115 0.275463 0.030729 0.169444
1 0.259635 0.258796 0.031771 0.162037
