0 0.736198 0.637037 0.053646 0.224074
0 0.248958 0.266667 0.038542 0.196296
0 0.078125 0.631019 0.043750 0.228704
0 0.915885 0.519907 0.040104 0.193519
0 0.504167 0.964352 0.036458 0.263889
0 0.352344 0.820370 0.048438 0.231481
2 0.377865 0.242593 0.040104 0.103704
2 0.367969 0.325463 0.029687 0.112037
0 0.429427 0.218519 0.030729 0.161111
0 0.788021 0.127315 0.027083 0.137963
0 0.623177 0.184722 0.025521 0.150926
0 0.582552 0.195370 0.030729 0.166667
0 0.281510 0.192593 0.025521 0.164815
0 0.500260 0.199074 0.035937 0.164815
0 0.069271 0.410648 0.025000 0.173148
0 0.054948 0.391204 0.039062 0.184259
0 0.428385 0.400463 0.040104 0.189815
0 0.458073 0.403704 0.039062 0.175926
0 0.501042 0.180556 0.017708 0.142593
0 0.420833 0.172685 0.026042 0.150926
0 0.380729 0.072222 0.027083 0.150000
0 0.295833 0.023148 0.021875 0.124074
2 0.327344 0.029167 0.031771 0.071296
0 0.130208 0.540741 0.030208 0.190741
2 0.651563 0.082407 0.031250 0.109259
0 0.322917 0.424537 0.031250 0.184259
0 0.278385 0.429630 0.035937 0.201852
0 0.264583 -0.009722 0.026042 0.137963
0 0.223177 -0.011111 0.022396 0.142593
0 0.293750 0.136574 0.023958 0.154630
0 0.197135 0.118056 0.026562 0.150926
0 0.198958 0.179167 0.027083 0.162037
0 0.337760 0.354167 0.028646 0.162037
0 0.164583 0.194907 0.027083 0.156481
0 0.187500 0.163426 0.022917 0.158333
0 0.124479 0.193519 0.028125 0.151852
0 0.145052 0.172685 0.024479 0.165741
0 0.160938 0.157407 0.029167 0.155556
0 0.152604 0.142593 0.028125 0.153704
0 0.117188 0.174074 0.020833 0.159259
0 0.469792 -0.032870 0.018750 0.128704
0 0.198958 0.064815 0.028125 0.148148
0 0.220833 0.604167 0.045833 0.225000
0 1.001823 0.697222 0.039062 0.214815
0 0.841146 0.066667 0.029167 0.131481
0 0.116927 0.767593 0.044271 0.231481
0 0.095312 0.713426 0.047917 0.230556
2 0.645833 0.076852 0.032292 0.090741
