1 0.839323 0.692130 0.044271 0.223148
1 0.248438 0.171296 0.036458 0.181481
1 0.290104 0.641204 0.054167 0.221296
1 0.915365 0.519907 0.041146 0.193519
1 0.519531 0.974537 0.041146 0.241667
1 0.351042 0.816667 0.036458 0.231481
7 0.377865 0.242593 0.040104 0.103704
7 0.367969 0.325463 0.029687 0.112037
1 0.429427 0.218519 0.030729 0.161111
1 0.758854 0.033333 0.023958 0.122222
1 0.548177 0.130556 0.027604 0.148148
1 0.513281 0.127315 0.033854 0.163889
1 0.278385 0.159722 0.024479 0.154630
1 0.497396 0.075926 0.032292 0.150000
1 0.069792 0.411111 0.026042 0.174074
1 0.053906 0.392130 0.038021 0.186111
1 0.460938 0.543519 0.042708 0.209259
1 0.495573 0.543981 0.042188 0.189815
1 0.408073 0.152778 0.021354 0.131481
1 0.382552 0.167593 0.028646 0.155556
1 0.379948 0.076852 0.025521 0.142593
1 0.297135 0.022685 0.021354 0.123148
7 0.327344 0.029167 0.031771 0.071296
1 0.127865 0.381481 0.027604 0.168519
7 0.651563 0.082407 0.031250 0.109259
1 0.263021 0.596759 0.033333 0.210185
1 0.219010 0.585185 0.046354 0.220370
1 0.294271 0.135648 0.026042 0.152778
1 0.184635 0.125000 0.028646 0.151852
1 0.203125 0.179630 0.027083 0.162963
1 0.557292 0.490741 0.035417 0.181481
1 0.162500 0.198148 0.027083 0.157407
1 0.196354 0.164815 0.025000 0.155556
1 0.122917 0.202315 0.032292 0.145370
1 0.130469 0.183796 0.026562 0.167593
1 0.147656 0.155556 0.028646 0.161111
1 0.151042 0.142130 0.028125 0.152778
1 0.448698 0.024074 0.027604 0.144444
1 0.236198 0.145370 0.029687 0.159259
1 0.244010 0.400463 0.041146 0.199074
1 0.963021 0.531019 0.034375 0.193519
1 0.831250 -0.018056 0.025000 0.130556
1 0.929427 0.158333 0.032813 0.150000
1 0.973698 0.132870 0.027604 0.150926
1 0.860938 0.075926 0.032292 0.148148
1 0.258854 1.019444 0.053125 0.161111
1 0.281250 0.981944 0.048958 0.236111
1 0.232031 0.012963 0.024479 0.127778
1 0.208854 0.017130 0.021875 0.126852
1 0.721615 -0.034259 0.031771 0.129630
7 0.646354 0.076389 0.032292 0.086111
1 0.651042 0.075926 0.034375 0.083333
