1 0.600521 0.337037 0.031250 0.135185
1 0.406250 0.339815 0.032292 0.161111
1 0.455208 0.337500 0.029167 0.147222
1 0.638802 0.322222 0.031771 0.112963
1 0.808854 0.409722 0.066667 0.469444
1 0.379948 0.323148 0.022396 0.103704
1 0.772917 0.397222 0.065625 0.400000
1 0.537240 0.312963 0.018229 0.064815
1 0.022917 0.431944 0.055208 0.350926
1 0.057292 0.332407 0.041667 0.125926
1 0.072917 0.326852 0.017708 0.087037
1 0.100521 0.326389 0.020833 0.089815
1 0.566146 0.306019 0.012500 0.052778
1 0.552083 0.302778 0.011458 0.053704
7 0.484375 0.340741 0.027083 0.092593
7 0.505469 0.349074 0.026562 0.088889
1 0.319531 0.310648 0.013021 0.047222
1 0.327865 0.311574 0.010937 0.045370
1 0.339583 0.305093 0.011458 0.039815
1 0.345313 0.303241 0.011458 0.041667
1 0.355729 0.306481 0.010417 0.037037
1 0.364583 0.305093 0.010417 0.037963
