1 0.614062 0.375926 0.030208 0.131481
1 0.445573 0.371296 0.029687 0.155556
1 0.146615 0.515278 0.153646 0.512037
1 0.495052 0.375463 0.019271 0.143519
1 0.606771 0.350463 0.020833 0.084259
1 0.697396 0.403704 0.043750 0.285185
1 0.357812 0.363889 0.019792 0.100000
1 0.681771 0.399537 0.041667 0.254630
1 0.533333 0.346759 0.014583 0.060185
1 0.557813 0.343056 0.010417 0.043519
1 0.545312 0.339352 0.010417 0.050926
7 0.488802 0.375926 0.023438 0.070370
7 0.505729 0.377778 0.022917 0.070370
1 0.332813 0.350926 0.015625 0.066667
1 0.378646 0.347685 0.012500 0.060185
1 0.389583 0.345833 0.011458 0.058333
