1 0.769531 0.646296 0.048438 0.227778
1 0.255729 0.230556 0.037500 0.190741
1 0.123958 0.649074 0.044792 0.233333
1 0.915625 0.519907 0.040625 0.193519
1 0.513021 0.974537 0.046875 0.247222
1 0.350260 0.818981 0.043229 0.230556
7 0.377865 0.242593 0.040104 0.103704
7 0.367969 0.325463 0.029687 0.112037
1 0.429427 0.218519 0.030729 0.161111
1 0.779948 0.102778 0.026562 0.135185
1 0.590104 0.161574 0.027083 0.149074
1 0.553125 0.177315 0.031250 0.167593
1 0.280208 0.184259 0.026042 0.162963
1 0.506510 0.157870 0.032813 0.162037
1 0.069531 0.410648 0.025521 0.173148
1 0.051562 0.393056 0.042708 0.187963
1 0.444792 0.442130 0.045833 0.195370
1 0.479167 0.448148 0.038542 0.179630
1 0.456250 0.174074 0.019792 0.142593
1 0.403385 0.172685 0.022396 0.158333
1 0.380469 0.072685 0.026562 0.149074
1 0.296875 0.023148 0.021875 0.124074
7 0.327344 0.029167 0.031771 0.071296
1 0.136458 0.480556 0.030208 0.183333
7 0.651563 0.082407 0.031250 0.109259
1 0.307292 0.480556 0.033333 0.194444
1 0.261458 0.472222 0.035417 0.203704
1 0.276042 -0.035648 0.026042 0.126852
1 0.246094 -0.031481 0.023438 0.133333
1 0.294010 0.136574 0.023438 0.154630
1 0.179167 0.124537 0.027083 0.149074
1 0.197917 0.182407 0.026042 0.161111
1 0.402604 0.400000 0.035417 0.172222
1 0.164062 0.196296 0.027083 0.157407
1 0.188542 0.165741 0.022917 0.162963
1 0.128906 0.194907 0.027604 0.149074
1 0.141146 0.175926 0.023958 0.170370
1 0.160156 0.164352 0.028646 0.145370
1 0.152083 0.142593 0.028125 0.153704
1 0.117188 0.174074 0.020833 0.159259
1 0.464062 -0.017593 0.018750 0.133333
1 0.219531 0.089352 0.029687 0.149074
1 0.226042 0.533333 0.044792 0.216667
1 0.984635 0.638889 0.035937 0.212963
1 0.872135 0.093519 0.028646 0.137037
1 0.800781 -0.009259 0.023438 0.120370
1 0.164062 0.862500 0.044792 0.256481
1 0.175260 0.791667 0.051562 0.242593
1 0.226562 -0.031481 0.021875 0.124074
1 0.204948 -0.033333 0.023438 0.120370
1 0.716667 -0.034259 0.029167 0.129630
7 0.645833 0.076852 0.032292 0.088889
1 0.650260 0.076852 0.035937 0.085185
