1 0.867448 0.566667 0.024479 0.112963
1 0.775781 0.562963 0.023438 0.112963
1 0.209896 0.534259 0.011458 0.064815
1 0.655469 0.519907 0.013021 0.058333
1 0.632031 0.533333 0.017188 0.077778
1 0.660677 0.517593 0.010937 0.055556
1 0.165625 0.533333 0.009375 0.055556
1 0.489063 0.490741 0.010417 0.044444
1 0.675000 0.514815 0.011458 0.061111
1 0.203125 0.533796 0.010417 0.062037
1 0.206771 0.541204 0.011458 0.060185
1 0.156771 0.535185 0.012500 0.066667
1 0.179167 0.527315 0.012500 0.063889
1 0.520052 0.507407 0.009896 0.055556
1 0.528125 0.508333 0.010417 0.053704
1 0.588281 0.505093 0.013021 0.054630
1 0.577604 0.509259 0.011458 0.057407
1 0.682813 0.515278 0.015625 0.065741
1 0.625000 0.506944 0.009375 0.056481
1 0.642188 0.505556 0.014583 0.059259
1 0.539062 0.506944 0.011458 0.045370
