1 0.642969 0.356481 0.030729 0.131481
1 0.464583 0.343519 0.030208 0.146296
1 0.100260 0.454630 0.126562 0.546296
1 0.213542 0.391667 0.062500 0.314815
1 0.506250 0.351852 0.029167 0.137037
1 0.562240 0.318981 0.015104 0.060185
1 0.615365 0.357407 0.026562 0.174074
1 0.330990 0.337500 0.021354 0.100926
1 0.616667 0.350463 0.027083 0.160185
1 0.517969 0.317130 0.014063 0.058333
1 0.305208 0.345833 0.021875 0.136111
1 0.533854 0.317593 0.009375 0.038889
7 0.473698 0.337963 0.027604 0.061111
7 0.490885 0.342130 0.020313 0.056481
1 0.391927 0.319444 0.015104 0.066667
1 0.372656 0.320833 0.015104 0.075000
1 0.364583 0.313426 0.012500 0.060185
1 0.380208 0.312500 0.011458 0.058333
