1 0.624479 0.361111 0.031250 0.138889
1 0.450000 0.358333 0.031250 0.164815
1 0.101302 0.526852 0.172396 0.598148
1 0.490625 0.359259 0.029167 0.144444
1 0.724219 0.392593 0.047396 0.314815
1 0.373437 0.350926 0.019792 0.100000
1 0.707812 0.387963 0.045833 0.275926
1 0.547396 0.329167 0.014583 0.060185
1 0.195833 0.406481 0.032292 0.251852
1 0.572396 0.329167 0.009375 0.047222
1 0.559896 0.325926 0.010417 0.051852
7 0.497396 0.360648 0.022917 0.071296
7 0.516146 0.362963 0.022917 0.072222
1 0.338021 0.336111 0.016667 0.064815
1 0.392188 0.330093 0.012500 0.060185
1 0.399479 0.333796 0.011458 0.058333
