1 0.611458 0.355556 0.035417 0.151852
1 0.522917 0.342593 0.031250 0.137037
1 0.505469 0.348611 0.032813 0.160185
1 0.818229 0.598148 0.122917 0.694444
1 0.959635 0.587037 0.134896 0.722222
1 0.364323 0.353704 0.049479 0.198148
1 0.533333 0.339815 0.022917 0.120370
1 0.559635 0.315278 0.010937 0.043519
1 0.025781 0.370833 0.039062 0.180556
1 0.584375 0.336574 0.028125 0.128704
1 0.301042 0.331481 0.025000 0.105556
1 0.651042 0.332870 0.017708 0.106481
1 0.270313 0.341667 0.031250 0.159259
1 0.252865 0.350000 0.021354 0.137037
1 0.476302 0.332870 0.021354 0.104630
1 0.141146 0.312963 0.012500 0.070370
1 0.149219 0.334259 0.022396 0.112963
7 0.482812 0.328704 0.018750 0.050000
1 0.157552 0.318981 0.017188 0.071296
1 0.436979 0.314352 0.011458 0.056481
1 0.421094 0.312963 0.008854 0.061111
1 0.392188 0.317593 0.011458 0.053704
1 0.404167 0.317593 0.011458 0.048148
