1 0.792188 0.663426 0.045833 0.228704
1 0.255208 0.211574 0.037500 0.187963
1 0.164583 0.654630 0.052083 0.237037
1 0.915625 0.519907 0.040625 0.193519
1 0.504427 0.970370 0.038021 0.255556
1 0.350000 0.820370 0.036458 0.231481
7 0.377865 0.242593 0.040104 0.103704
7 0.367969 0.325463 0.029687 0.112037
1 0.429427 0.218519 0.030729 0.161111
1 0.772917 0.083796 0.025000 0.132407
1 0.571615 0.150463 0.026562 0.147222
1 0.540104 0.163426 0.031250 0.167593
1 0.277865 0.175000 0.022396 0.161111
1 0.503906 0.134722 0.032813 0.158333
1 0.069531 0.410648 0.025521 0.173148
1 0.052604 0.392130 0.040625 0.186111
1 0.449740 0.473148 0.046354 0.201852
1 0.479687 0.480556 0.035417 0.183333
1 0.441927 0.169907 0.023438 0.141667
1 0.396094 0.171759 0.022396 0.156481
1 0.380469 0.072685 0.026562 0.149074
1 0.297135 0.022685 0.021354 0.123148
7 0.327344 0.029167 0.031771 0.071296
1 0.138542 0.450463 0.030208 0.178704
7 0.651563 0.082407 0.031250 0.109259
1 0.295052 0.515741 0.033854 0.200000
1 0.254688 0.501852 0.032292 0.211111
1 0.250260 -0.040741 0.023438 0.116667
1 0.294010 0.136574 0.023438 0.154630
1 0.177604 0.122685 0.027083 0.149074
1 0.199219 0.182407 0.027604 0.162963
1 0.448177 0.420833 0.035937 0.169444
1 0.160417 0.200926 0.027083 0.157407
1 0.190885 0.164815 0.023438 0.161111
1 0.127865 0.195370 0.028646 0.148148
1 0.138021 0.177778 0.023958 0.170370
1 0.158073 0.165278 0.028646 0.141667
1 0.151562 0.142593 0.028125 0.153704
1 0.117188 0.174074 0.020833 0.159259
1 0.460677 -0.003704 0.018229 0.138889
1 0.228125 0.104167 0.028125 0.154630
1 0.221875 0.493519 0.042708 0.209259
1 0.979427 0.603241 0.033854 0.197222
1 0.892188 0.113426 0.029167 0.141667
1 0.822135 0.010185 0.029687 0.129630
1 0.187760 0.919444 0.050521 0.255556
1 0.205990 0.844444 0.042188 0.250000
1 0.227083 -0.014815 0.021875 0.124074
1 0.202604 -0.015741 0.022917 0.124074
1 0.717708 -0.033796 0.028125 0.130556
7 0.645833 0.076852 0.032292 0.087037
1 0.650781 0.076852 0.035937 0.085185
