1 0.604167 0.351852 0.031250 0.133333
1 0.399479 0.353704 0.032292 0.162963
1 0.446354 0.362500 0.030208 0.150926
1 0.669531 0.351852 0.032813 0.138889
1 0.915365 0.484259 0.097396 0.646296
1 0.393750 0.341204 0.022917 0.102778
1 0.855729 0.459259 0.087500 0.522222
1 0.543750 0.330093 0.015625 0.063889
1 0.032292 0.335648 0.019792 0.100926
1 0.057552 0.335185 0.019271 0.101852
1 0.577083 0.334722 0.012500 0.052778
1 0.562500 0.332407 0.012500 0.057407
7 0.488021 0.366667 0.029167 0.096296
7 0.509635 0.369907 0.026562 0.089815
1 0.320052 0.323148 0.013021 0.051852
1 0.330469 0.324537 0.010937 0.045370
1 0.337500 0.320833 0.011458 0.043519
1 0.346615 0.316667 0.011979 0.044444
1 0.378906 0.333333 0.015104 0.057407
1 0.356250 0.319907 0.010417 0.037963
1 0.365104 0.320370 0.011458 0.038889
