1 0.846615 0.654630 0.052604 0.214815
1 0.365104 0.645833 0.045833 0.226852
1 0.916146 0.518981 0.039583 0.195370
1 0.497917 0.982870 0.041667 0.226852
1 0.351042 0.816667 0.036458 0.231481
7 0.377865 0.242593 0.040104 0.103704
7 0.367969 0.325463 0.029687 0.112037
1 0.431771 0.208333 0.037500 0.157407
1 0.337240 0.125463 0.020313 0.128704
1 0.195833 0.235185 0.027083 0.153704
1 0.177865 0.240278 0.029687 0.176852
1 0.404948 0.140741 0.029687 0.144444
1 0.400521 0.114352 0.026042 0.154630
1 0.302083 0.016667 0.028125 0.122222
7 0.327344 0.029167 0.031771 0.071296
7 0.651563 0.081481 0.031250 0.109259
1 0.302344 0.187963 0.028646 0.157407
1 0.174740 0.050000 0.023438 0.138889
1 0.201823 0.181944 0.027604 0.158333
1 0.163542 0.193981 0.026042 0.154630
1 0.198437 0.160648 0.023958 0.158333
1 0.137240 0.203241 0.028646 0.154630
1 0.128385 0.184259 0.036979 0.161111
1 0.153906 0.162500 0.028646 0.158333
1 0.186458 0.143519 0.026042 0.150000
1 0.119271 0.165741 0.020833 0.159259
1 0.467187 -0.025463 0.026042 0.147222
1 0.192448 0.825463 0.048438 0.245370
1 0.505469 0.436574 0.033854 0.199074
1 0.463542 0.449074 0.032292 0.196296
1 0.673958 0.841667 0.046875 0.253704
1 0.931771 0.743519 0.047917 0.229630
1 0.962500 0.694907 0.036458 0.232407
1 0.788021 0.037500 0.029167 0.136111
1 0.749219 0.039815 0.023438 0.137037
1 0.927083 0.201852 0.031250 0.164815
1 0.863542 0.167593 0.028125 0.150000
1 0.783594 0.194444 0.032813 0.146296
1 0.608073 0.140741 0.030729 0.151852
1 0.439844 -0.023611 0.023438 0.147222
1 0.417448 -0.020370 0.024479 0.140741
1 0.376563 0.021296 0.039583 0.116667
1 0.261979 0.105093 0.026042 0.139815
1 0.221875 0.455556 0.034375 0.194444
1 0.190365 0.465278 0.040104 0.182407
1 0.240625 0.148611 0.028125 0.162037
1 0.234375 0.055093 0.032292 0.136111
1 0.213802 0.034259 0.025521 0.125926
1 0.144271 0.047222 0.027083 0.127778
1 0.243750 0.300000 0.035417 0.175926
1 0.196875 0.295833 0.031250 0.169444
1 0.264844 0.283333 0.030729 0.168519
