1 0.837760 0.683333 0.042188 0.224074
1 0.251563 0.137037 0.034375 0.174074
1 0.417187 0.638889 0.042708 0.227778
1 0.915365 0.519907 0.041146 0.193519
1 0.542708 0.974537 0.045833 0.239815
1 0.351042 0.816667 0.036458 0.231481
7 0.377865 0.242593 0.040104 0.103704
7 0.367969 0.325463 0.029687 0.112037
1 0.428385 0.218056 0.026562 0.158333
1 0.775260 -0.021759 0.026562 0.121296
1 0.538542 0.089815 0.027083 0.144444
1 0.503906 0.076389 0.031771 0.152778
1 0.273438 0.129167 0.021875 0.154630
1 0.482812 0.010648 0.027083 0.139815
1 0.071354 0.410648 0.027083 0.173148
1 0.059635 0.389815 0.027604 0.185185
1 0.483073 0.638426 0.057813 0.221296
1 0.517708 0.643056 0.042708 0.199074
1 0.405208 0.150000 0.020833 0.138889
1 0.386458 0.162500 0.031250 0.156481
1 0.389583 0.029630 0.025000 0.135185
1 0.297135 0.022222 0.021354 0.122222
7 0.327344 0.029167 0.031771 0.071296
1 0.132812 0.305556 0.026042 0.161111
7 0.651563 0.082407 0.031250 0.109259
1 0.213021 0.720833 0.036458 0.225000
1 0.167187 0.699537 0.046875 0.237963
1 0.292448 0.142130 0.027604 0.152778
1 0.182552 0.129167 0.030729 0.150926
1 0.200521 0.182407 0.027083 0.162963
1 0.705208 0.578241 0.033333 0.189815
1 0.163021 0.194444 0.027083 0.157407
1 0.191406 0.163889 0.025521 0.161111
1 0.132552 0.200000 0.034896 0.142593
1 0.134115 0.177778 0.026562 0.164815
1 0.157292 0.156019 0.030208 0.160185
1 0.148438 0.140741 0.026042 0.151852
1 0.117708 0.174074 0.020833 0.159259
1 0.454688 0.050926 0.023958 0.151852
1 0.238802 0.181019 0.028646 0.160185
1 0.253906 0.302315 0.040104 0.184259
1 0.985417 0.468519 0.045833 0.177778
1 0.899479 0.442593 0.035417 0.187037
1 0.802344 0.018056 0.026562 0.136111
1 0.929167 0.211574 0.030208 0.154630
1 0.942448 0.140741 0.029687 0.151852
1 0.936979 0.144907 0.042708 0.158333
1 0.894792 0.160648 0.034375 0.158333
1 0.231250 0.056944 0.021875 0.136111
1 0.204687 0.059722 0.029167 0.126852
1 0.721094 -0.035185 0.029687 0.125926
7 0.646875 0.074074 0.033333 0.087037
1 0.651563 0.076389 0.034375 0.084259
