1 0.796615 0.573611 0.029687 0.143519
1 0.082031 0.598611 0.018229 0.087963
1 0.750000 0.607870 0.034375 0.156481
1 0.591927 0.544444 0.020313 0.083333
1 0.477865 0.500926 0.011979 0.044444
1 0.657292 0.513426 0.012500 0.069444
1 0.073438 0.598611 0.014583 0.087963
1 0.073177 0.612037 0.015104 0.088889
1 0.006771 0.607407 0.015625 0.092593
1 0.593490 0.547222 0.019271 0.087037
1 0.223438 0.516667 0.008333 0.033333
1 0.607031 0.542130 0.022396 0.093519
1 0.621875 0.535648 0.017708 0.093519
1 -0.000260 0.609722 0.017188 0.095370
1 0.586719 0.514815 0.011979 0.066667
1 0.505990 0.522685 0.013021 0.062037
