1 0.143229 0.637963 0.018750 0.116667
1 0.613021 0.515278 0.012500 0.052778
1 0.127865 0.639352 0.019271 0.110185
1 0.133594 0.650463 0.017188 0.108333
1 0.124479 0.657870 0.016667 0.106481
1 0.043490 0.651389 0.024479 0.112037
1 0.722917 0.607407 0.028125 0.120370
1 0.771615 0.592130 0.025521 0.119444
1 0.711979 0.581019 0.015625 0.112037
1 0.868490 0.553704 0.018229 0.101852
1 0.735417 0.580556 0.022917 0.111111
1 0.034115 0.651389 0.026562 0.115741
1 0.703125 0.541204 0.015625 0.078704
1 0.718490 0.532870 0.013021 0.063889
1 0.724219 0.556944 0.015104 0.087963
1 0.766406 0.582407 0.021354 0.107407
1 0.755729 0.560185 0.017708 0.094444
1 0.664844 0.534722 0.016146 0.056481
1 0.688802 0.538426 0.014063 0.067593
1 0.679688 0.533796 0.012500 0.060185
