1 0.988802 0.593981 0.044271 0.186111
1 0.130990 0.614352 0.019271 0.106481
1 0.570052 0.494444 0.011979 0.044444
1 0.120573 0.616667 0.018229 0.103704
1 0.116146 0.632407 0.016667 0.100000
1 0.041146 0.626852 0.021875 0.103704
1 0.683073 0.571759 0.024479 0.108333
1 0.684896 0.555093 0.030208 0.106481
1 0.794271 0.526852 0.014583 0.092593
1 0.704427 0.555556 0.023438 0.120370
1 0.033854 0.629630 0.025000 0.109259
1 0.658594 0.535648 0.016146 0.082407
1 0.715625 0.553704 0.016667 0.105556
1 0.619531 0.519444 0.018229 0.064815
1 0.607031 0.512963 0.011979 0.050000
1 0.645312 0.522685 0.015625 0.073148
1 0.633073 0.521296 0.010937 0.070370
