1 0.889583 0.627778 0.037500 0.170370
1 0.936979 0.562963 0.025000 0.094444
1 0.899219 0.540741 0.019271 0.092593
1 0.130990 0.583333 0.024479 0.122222
1 0.160156 0.585185 0.024479 0.120370
1 0.241667 0.565741 0.019792 0.101852
1 0.224479 0.566667 0.017708 0.096296
1 0.280729 0.546296 0.019792 0.092593
1 0.268750 0.558796 0.019792 0.106481
1 0.816146 0.503241 0.012500 0.047222
1 0.722396 0.510648 0.013542 0.060185
1 0.802344 0.504167 0.010937 0.049074
1 0.507552 0.472685 0.006771 0.028704
1 0.227604 0.528241 0.013542 0.076852
1 0.369010 0.492130 0.008854 0.037963
1 0.226823 0.553704 0.020313 0.101852
1 0.625000 0.477778 0.008333 0.038889
1 0.382552 0.499074 0.009896 0.051852
1 0.396875 0.504167 0.010417 0.052778
1 0.359115 0.495833 0.009896 0.058333
1 0.808073 0.498611 0.011979 0.054630
1 0.814063 0.496296 0.011458 0.051852
1 0.649479 0.489352 0.011458 0.043519
1 0.657552 0.490741 0.009896 0.044444
1 0.700000 0.497222 0.011458 0.046296
1 0.738281 0.497685 0.009896 0.049074
1 0.729427 0.498611 0.011979 0.050926
1 0.207292 0.564352 0.015625 0.080556
1 0.844792 0.499537 0.011458 0.054630
1 0.820833 0.500926 0.010417 0.050000
