0 0.846094 0.654630 0.051562 0.214815
0 0.358854 0.648148 0.040625 0.231481
0 0.916146 0.517130 0.039583 0.195370
0 0.473438 0.984259 0.043750 0.129630
0 0.351042 0.816667 0.036458 0.231481
2 0.377865 0.242593 0.040104 0.103704
2 0.367969 0.325463 0.029687 0.112037
0 0.433854 0.208796 0.040625 0.160185
0 0.336979 0.125463 0.020833 0.128704
0 0.194531 0.236574 0.024479 0.156481
0 0.172917 0.239352 0.036458 0.176852
0 0.405729 0.140278 0.028125 0.147222
0 0.398698 0.116204 0.029687 0.156481
2 0.651563 0.081481 0.031250 0.109259
0 0.305729 0.188426 0.030208 0.158333
0 0.200000 0.177778 0.025000 0.159259
0 0.163021 0.192593 0.026042 0.155556
0 0.190885 0.162037 0.024479 0.161111
0 0.137500 0.199074 0.026042 0.155556
0 0.125521 0.180556 0.025000 0.168519
0 0.151302 0.165741 0.025521 0.161111
0 0.175000 0.150000 0.026042 0.150000
0 0.118750 0.171296 0.020833 0.159259
0 0.159375 0.663889 0.041667 0.220370
0 0.547396 0.582407 0.037500 0.218519
0 0.503125 0.600463 0.036458 0.219444
0 0.985677 0.767593 0.036979 0.227778
0 0.802083 0.092130 0.035417 0.149074
0 0.750000 0.100463 0.027083 0.145370
0 0.877344 0.098611 0.027604 0.145370
0 0.826042 0.069444 0.023958 0.133333
0 0.780469 0.126852 0.030729 0.138889
0 0.240625 0.346296 0.027083 0.183333
0 0.202865 0.350926 0.036979 0.168519
0 0.187760 0.131944 0.024479 0.160185
0 0.261458 0.211111 0.031250 0.162963
0 0.231510 0.206019 0.029687 0.158333
0 0.261198 0.187963 0.029687 0.155556
