1 0.915885 0.569907 0.035937 0.132407
1 0.717448 0.575463 0.026562 0.126852
1 0.078385 0.580556 0.016146 0.077778
1 0.638542 0.572222 0.027083 0.112963
1 0.563542 0.541204 0.010417 0.075000
1 0.433854 0.504167 0.008333 0.047222
1 0.071094 0.580556 0.013021 0.079630
1 0.072135 0.591667 0.014063 0.075926
1 0.005469 0.589352 0.016146 0.084259
1 0.010156 0.580556 0.014063 0.081481
1 0.011198 0.587500 0.015104 0.078704
1 0.517708 0.520370 0.012500 0.059259
1 0.507292 0.524537 0.011458 0.062037
1 0.560156 0.543981 0.020313 0.075000
1 0.577083 0.536111 0.015625 0.079630
1 0.592187 0.534722 0.016667 0.082407
1 0.533594 0.522685 0.011979 0.067593
1 0.552083 0.519444 0.012500 0.062963
1 0.491927 0.525000 0.011979 0.068519
1 0.462760 0.522222 0.010937 0.057407
