1 0.640625 0.376852 0.029167 0.131481
1 0.439583 0.383333 0.033333 0.166667
1 0.478646 0.389815 0.029167 0.153704
1 0.776563 0.384259 0.048958 0.201852
1 0.589063 0.355093 0.015625 0.063889
1 0.015885 0.381944 0.026562 0.113889
1 0.631250 0.354630 0.014583 0.061111
1 0.611458 0.356944 0.014583 0.067593
7 0.531771 0.396296 0.034375 0.109259
7 0.558594 0.401389 0.031771 0.102778
1 0.356771 0.352315 0.013542 0.052778
1 0.366927 0.356019 0.011979 0.049074
1 0.380990 0.351852 0.011979 0.048148
1 0.416927 0.357870 0.017188 0.056481
1 0.393229 0.350463 0.010417 0.037963
1 0.399479 0.347222 0.011458 0.038889
