1 0.450260 0.445370 0.036979 0.155556
1 0.384896 0.417593 0.022917 0.116667
1 0.293229 0.419444 0.017708 0.090741
1 0.966667 0.589352 0.091667 0.491667
1 0.209635 0.422685 0.028646 0.126852
1 0.362500 0.421296 0.021875 0.107407
1 0.364063 0.410648 0.016667 0.091667
1 0.446094 0.416204 0.021354 0.115741
1 0.398177 0.413426 0.016146 0.102778
1 0.174740 0.411111 0.018229 0.085185
1 0.164844 0.418056 0.014063 0.069444
1 0.192708 0.419907 0.017708 0.087963
1 0.154688 0.408333 0.011458 0.057407
1 0.320312 0.400463 0.013542 0.063889
7 0.262760 0.409722 0.019271 0.045370
7 0.273958 0.412963 0.015625 0.044444
7 0.655990 0.430093 0.022396 0.113889
