1 0.552604 0.404630 0.036458 0.153704
1 0.492708 0.395370 0.027083 0.131481
1 0.468750 0.383796 0.029167 0.143519
1 0.778646 0.624074 0.117708 0.640741
1 0.916927 0.645833 0.119271 0.675000
1 0.345573 0.387500 0.048438 0.175000
1 0.503646 0.381481 0.021875 0.118519
1 0.007292 0.405556 0.036458 0.181481
1 0.539062 0.388426 0.018750 0.113889
1 0.244531 0.378704 0.025521 0.111111
1 0.731510 0.452315 0.054688 0.319444
1 0.592187 0.388426 0.017708 0.106481
1 0.282813 0.377778 0.023958 0.120370
1 0.270313 0.382870 0.021875 0.112037
1 0.522656 0.381481 0.020313 0.092593
1 0.506250 0.377778 0.021875 0.096296
1 0.120573 0.345370 0.013021 0.068519
1 0.135937 0.372222 0.020833 0.105556
7 0.450521 0.378704 0.018750 0.050000
1 0.151042 0.355093 0.014583 0.063889
1 0.393490 0.362963 0.011979 0.059259
1 0.382292 0.356019 0.009375 0.056481
7 0.968750 0.437963 0.039583 0.166667
