1 0.619531 0.351389 0.032813 0.143519
1 0.459375 0.333333 0.028125 0.140741
1 0.397396 0.371296 0.053125 0.235185
1 0.952083 0.598148 0.121875 0.748148
1 0.209115 0.363889 0.061979 0.250000
1 0.497135 0.341667 0.027604 0.125926
1 0.527604 0.316204 0.012500 0.054630
1 0.566667 0.341204 0.025000 0.150926
1 0.295573 0.323611 0.021354 0.100926
1 0.575521 0.342593 0.020833 0.137037
1 0.649479 0.329167 0.018750 0.112037
1 0.040885 0.378241 0.061979 0.262037
1 0.022135 0.389352 0.053646 0.223148
1 0.338281 0.332870 0.020313 0.104630
1 0.324740 0.327315 0.023438 0.110185
1 0.313021 0.343056 0.022917 0.121296
7 0.455208 0.323148 0.020833 0.050000
7 0.469792 0.331944 0.018750 0.056481
1 0.373698 0.309259 0.013021 0.066667
1 0.347135 0.317130 0.010937 0.060185
1 0.357552 0.317130 0.013021 0.056481
