0 0.853646 0.692130 0.046875 0.225000
0 0.257812 0.155556 0.035417 0.177778
0 0.361979 0.627778 0.052083 0.225926
0 0.915365 0.519907 0.041146 0.193519
0 0.532292 0.968981 0.046875 0.161111
0 0.351042 0.816667 0.036458 0.231481
2 0.377865 0.242593 0.040104 0.103704
2 0.367969 0.325463 0.029687 0.112037
0 0.429167 0.218519 0.030208 0.159259
0 0.539844 0.113889 0.027604 0.148148
0 0.509635 0.102315 0.032813 0.160185
0 0.270573 0.145370 0.025521 0.155556
0 0.070052 0.410648 0.026562 0.173148
0 0.054688 0.392130 0.036458 0.186111
0 0.465625 0.579630 0.046875 0.212963
0 0.499219 0.586111 0.040104 0.196296
0 0.406771 0.162037 0.032292 0.109259
0 0.383854 0.162500 0.030208 0.154630
0 0.120573 0.345370 0.027604 0.166667
2 0.651563 0.082407 0.031250 0.109259
0 0.243229 0.647222 0.036458 0.212963
0 0.189062 0.631481 0.046875 0.225926
0 0.297656 0.136111 0.029687 0.151852
0 0.182031 0.127315 0.031771 0.150926
0 0.200521 0.180556 0.027083 0.162963
0 0.613542 0.531019 0.037500 0.186111
0 0.161458 0.195833 0.027083 0.156481
0 0.193229 0.162500 0.026042 0.160185
0 0.129427 0.201852 0.030729 0.144444
0 0.134635 0.189352 0.034896 0.150926
0 0.150000 0.155556 0.029167 0.161111
0 0.147396 0.141667 0.025000 0.151852
0 0.117708 0.174074 0.020833 0.159259
0 0.236198 0.158333 0.027604 0.161111
0 0.254167 0.350926 0.040625 0.190741
0 0.937240 0.490278 0.035937 0.191667
0 0.940885 0.179630 0.034896 0.150000
0 0.945312 0.136574 0.034375 0.154630
0 0.869792 0.113889 0.032292 0.153704
2 0.646615 0.075000 0.032813 0.087037
0 0.651302 0.075926 0.033854 0.083333
