1 0.733854 0.637037 0.053125 0.224074
1 0.238542 0.316667 0.039583 0.203704
1 0.073958 0.621296 0.043750 0.229630
1 0.916146 0.519907 0.039583 0.193519
1 0.542188 0.969907 0.035417 0.260185
1 0.353646 0.820833 0.052083 0.232407
7 0.377865 0.242593 0.040104 0.103704
7 0.367969 0.325463 0.029687 0.112037
1 0.429688 0.218519 0.031250 0.161111
1 0.789583 0.131481 0.027083 0.137037
1 0.670573 0.225463 0.026562 0.147222
1 0.649219 0.232870 0.031771 0.165741
1 0.302344 0.219907 0.033854 0.158333
1 0.467708 0.259722 0.039583 0.169444
1 0.069010 0.410648 0.024479 0.173148
1 0.079948 0.393056 0.030729 0.187963
1 0.405990 0.336574 0.034896 0.180556
1 0.432031 0.346296 0.031771 0.168519
1 0.592448 0.214352 0.021354 0.147222
1 0.511719 0.192593 0.029687 0.157407
1 0.380469 0.071296 0.027604 0.150000
1 0.296875 0.020370 0.021875 0.124074
7 0.327344 0.029167 0.031771 0.071296
1 0.135677 0.637963 0.034896 0.198148
7 0.651563 0.082407 0.031250 0.109259
1 0.329948 0.351389 0.029687 0.173148
1 0.290365 0.362500 0.031771 0.193519
1 0.250000 0.030093 0.026042 0.137963
1 0.219792 0.026389 0.022917 0.147222
1 0.293229 0.136574 0.025000 0.154630
1 0.235677 0.112963 0.028646 0.148148
1 0.199219 0.179167 0.027604 0.162037
1 0.279427 0.284259 0.028646 0.155556
1 0.164062 0.195370 0.027083 0.157407
1 0.188802 0.164352 0.023438 0.162037
1 0.124479 0.193519 0.028125 0.151852
1 0.146354 0.172685 0.028125 0.169444
1 0.150521 0.153704 0.029167 0.155556
1 0.153125 0.142593 0.028125 0.153704
1 0.117188 0.174074 0.020833 0.159259
1 0.490365 -0.043981 0.021354 0.110185
1 0.193490 0.024074 0.023438 0.146296
1 0.234896 0.731944 0.047917 0.237963
1 0.805208 0.026389 0.025000 0.126852
1 0.012500 0.673611 0.054167 0.221296
7 0.645833 0.076852 0.032292 0.092593
