0 0.846615 0.654630 0.052604 0.214815
0 0.363021 0.646759 0.050000 0.226852
0 0.916146 0.518056 0.039583 0.195370
0 0.495833 0.984722 0.041667 0.217593
0 0.351042 0.816667 0.036458 0.231481
2 0.377865 0.242593 0.040104 0.103704
2 0.367969 0.325463 0.029687 0.112037
0 0.431771 0.208333 0.037500 0.157407
0 0.337240 0.125463 0.020313 0.128704
0 0.195573 0.235648 0.026562 0.154630
0 0.176823 0.240741 0.031771 0.177778
0 0.404167 0.141204 0.030208 0.145370
0 0.400781 0.114815 0.025521 0.153704
0 0.302083 0.016667 0.028125 0.122222
2 0.327344 0.029167 0.031771 0.071296
2 0.651563 0.081481 0.031250 0.109259
0 0.302865 0.187963 0.028646 0.157407
0 0.174740 0.050000 0.023438 0.138889
0 0.203906 0.181019 0.027604 0.158333
0 0.163542 0.193981 0.026042 0.154630
0 0.198437 0.161574 0.023958 0.158333
0 0.137760 0.202315 0.028646 0.154630
0 0.129427 0.188889 0.042188 0.153704
0 0.153646 0.162500 0.028125 0.158333
0 0.186458 0.144444 0.026042 0.150000
0 0.119271 0.165741 0.020833 0.159259
0 0.467187 -0.025463 0.026042 0.147222
0 0.192969 0.816204 0.048438 0.245370
0 0.507812 0.442130 0.034375 0.197222
0 0.463542 0.453704 0.032292 0.196296
0 0.678385 0.857407 0.048438 0.259259
0 0.932292 0.743519 0.047917 0.229630
0 0.962500 0.694444 0.036458 0.233333
0 0.789583 0.041667 0.031250 0.137037
0 0.749740 0.039815 0.023438 0.137037
0 0.922656 0.198148 0.030729 0.164815
0 0.860417 0.163426 0.030208 0.150926
0 0.784375 0.188426 0.031250 0.147222
0 0.604427 0.137037 0.032813 0.151852
0 0.439063 -0.024537 0.022917 0.147222
0 0.417448 -0.023611 0.024479 0.137963
0 0.374740 0.031481 0.048438 0.098148
0 0.260677 0.102778 0.025521 0.137037
0 0.222396 0.452315 0.033333 0.195370
0 0.190365 0.456944 0.040104 0.180556
0 0.239844 0.146759 0.027604 0.162037
0 0.233073 0.051389 0.032813 0.139815
0 0.213802 0.031481 0.025521 0.125926
0 0.145313 0.047222 0.027083 0.127778
0 0.247396 0.295370 0.035417 0.175926
0 0.200000 0.292130 0.031250 0.169444
0 0.264062 0.277778 0.031250 0.166667
