0 0.846354 0.654630 0.052083 0.214815
0 0.358333 0.648611 0.041667 0.228704
0 0.916146 0.517130 0.039583 0.195370
0 0.484896 0.982870 0.044792 0.130556
0 0.351042 0.816667 0.036458 0.231481
2 0.377865 0.242593 0.040104 0.103704
2 0.367969 0.325463 0.029687 0.112037
0 0.433854 0.209259 0.039583 0.159259
0 0.336979 0.125463 0.020833 0.128704
0 0.194792 0.236111 0.025000 0.155556
0 0.174219 0.239352 0.035937 0.176852
0 0.405469 0.141204 0.027604 0.147222
0 0.398958 0.116667 0.028125 0.155556
2 0.651563 0.081481 0.031250 0.109259
0 0.306250 0.188426 0.030208 0.158333
0 0.200000 0.177778 0.025000 0.159259
0 0.163021 0.193519 0.026042 0.155556
0 0.194010 0.161111 0.024479 0.161111
0 0.137760 0.199537 0.026562 0.154630
0 0.127865 0.181019 0.024479 0.169444
0 0.145052 0.165741 0.024479 0.161111
0 0.175000 0.150000 0.026042 0.150000
0 0.118750 0.170370 0.020833 0.159259
0 0.165104 0.693519 0.043750 0.225926
0 0.535417 0.552315 0.043750 0.215741
0 0.489844 0.568056 0.035937 0.213889
0 0.948958 0.743519 0.057292 0.216667
0 0.988281 0.701852 0.032813 0.237037
0 0.798177 0.077315 0.028646 0.147222
0 0.750521 0.087500 0.025000 0.143519
0 0.892188 0.115741 0.026042 0.150000
0 0.834635 0.084259 0.024479 0.133333
0 0.783854 0.139352 0.030208 0.141667
0 0.237500 0.369907 0.028125 0.187963
0 0.197656 0.374537 0.041146 0.169444
0 0.206510 0.134259 0.025521 0.157407
0 0.263281 0.229167 0.029687 0.169444
0 0.229948 0.225000 0.029687 0.161111
0 0.258854 0.208796 0.028125 0.154630
