1 0.617448 0.379167 0.031771 0.139815
1 0.447917 0.363889 0.029167 0.142593
1 0.305729 0.424537 0.076042 0.356481
1 1.017448 0.645370 0.168229 0.755556
1 0.206771 0.396296 0.080208 0.275926
1 0.488021 0.365278 0.025000 0.128704
1 0.531510 0.340741 0.014063 0.057407
1 0.574740 0.368981 0.026562 0.156481
1 0.581771 0.371296 0.026042 0.144444
1 0.674219 0.363426 0.018229 0.113889
1 0.271354 0.362963 0.019792 0.120370
1 0.247396 0.362037 0.022917 0.120370
1 -0.005990 0.368981 0.026562 0.152778
1 0.509375 0.334722 0.009375 0.036111
7 0.455990 0.346759 0.024479 0.056481
7 0.467187 0.354630 0.018750 0.057407
1 0.381250 0.341204 0.012500 0.060185
1 0.357031 0.337500 0.013021 0.073148
1 0.339583 0.338889 0.012500 0.059259
1 0.348438 0.341204 0.012500 0.058333
