1 0.735417 0.637500 0.053125 0.223148
1 0.233854 0.416667 0.042708 0.212963
1 0.074740 0.623148 0.043229 0.229630
1 0.916406 0.519907 0.039062 0.193519
1 0.639583 0.997222 0.043750 0.201852
1 0.354167 0.820833 0.052083 0.232407
7 0.377865 0.242593 0.040104 0.103704
7 0.367969 0.325463 0.029687 0.112037
1 0.429688 0.218519 0.031250 0.161111
1 1.002344 0.370833 0.036979 0.176852
1 0.788802 0.132407 0.027604 0.135185
1 0.802083 0.272222 0.026042 0.161111
1 0.769531 0.277315 0.041146 0.178704
1 0.432031 0.262500 0.040104 0.158333
1 0.534115 0.256481 0.033854 0.162963
1 0.087500 0.418981 0.029167 0.178704
1 0.090104 0.397685 0.037500 0.187963
1 0.454948 0.236111 0.027604 0.168519
1 0.476562 0.248611 0.029167 0.156481
1 0.552083 -0.032407 0.023958 0.112963
1 0.534115 -0.033796 0.022396 0.110185
1 0.710156 0.264815 0.020313 0.151852
1 0.676302 0.234722 0.028646 0.150926
1 0.380469 0.070833 0.027604 0.150926
1 0.296354 0.022222 0.019792 0.120370
7 0.327344 0.029167 0.031771 0.071296
1 0.023177 0.794907 0.034896 0.212037
7 0.651563 0.080556 0.031250 0.107407
1 0.278125 0.256019 0.028125 0.163889
1 0.273698 0.269444 0.039062 0.177778
1 0.239844 0.096759 0.026562 0.145370
1 0.212240 0.103704 0.027604 0.150000
1 0.292708 0.136574 0.022917 0.154630
1 0.267188 0.112963 0.028125 0.148148
1 0.199219 0.179167 0.027604 0.163889
1 0.258073 0.175926 0.029687 0.142593
1 0.163542 0.192593 0.027083 0.157407
1 0.188281 0.159722 0.023438 0.162037
1 0.122656 0.196296 0.025521 0.151852
1 0.146094 0.169907 0.024479 0.171296
1 0.151562 0.151389 0.030208 0.156481
1 0.152083 0.142593 0.028125 0.153704
1 0.117708 0.174074 0.020833 0.159259
1 0.487500 -0.045833 0.020833 0.106481
1 0.228646 0.968056 0.051042 0.252778
7 0.648438 0.072222 0.034375 0.101852
