1 0.844792 0.654630 0.048958 0.214815
1 0.264583 0.009259 0.031250 0.174074
1 0.294792 0.609722 0.057292 0.221296
1 0.914583 0.518981 0.048958 0.193519
1 0.514323 0.981019 0.039062 0.236111
1 0.351042 0.816667 0.036458 0.231481
7 0.377865 0.242593 0.040104 0.103704
7 0.367969 0.325463 0.029687 0.112037
1 0.433594 0.213426 0.033854 0.156481
1 0.512240 -0.018056 0.025521 0.130556
1 0.484896 -0.024537 0.027083 0.136111
1 0.333854 0.126852 0.019792 0.131481
1 0.146875 0.315278 0.030208 0.169444
1 0.117448 0.307407 0.034896 0.187037
1 0.605990 0.975000 0.052604 0.238889
1 0.641667 0.981481 0.046875 0.222222
1 0.402865 0.145370 0.022396 0.140741
1 0.411719 0.124074 0.026562 0.159259
1 0.297656 0.021296 0.022396 0.122222
7 0.327344 0.029167 0.031771 0.071296
1 0.271094 0.145370 0.023438 0.144444
7 0.651563 0.082407 0.031250 0.109259
1 0.151562 1.037963 0.043750 0.124074
1 0.195312 1.010648 0.052083 0.178704
1 0.300521 0.183796 0.031250 0.163889
1 0.155729 0.070833 0.030208 0.145370
1 0.200260 0.183333 0.025521 0.159259
1 0.163021 0.193056 0.025000 0.156481
1 0.199219 0.165741 0.024479 0.159259
1 0.133594 0.198611 0.023438 0.147222
1 0.120573 0.181019 0.026562 0.167593
1 0.150000 0.166204 0.029167 0.162037
1 0.157552 0.143519 0.027604 0.151852
1 0.469010 0.004167 0.025521 0.149074
1 0.196094 0.370833 0.033854 0.189815
1 0.265365 0.099074 0.031771 0.161111
1 0.815365 1.003241 0.046354 0.182407
1 0.772396 1.015278 0.040625 0.162037
1 0.865625 0.273611 0.037500 0.175000
1 0.808333 0.258796 0.033333 0.165741
1 0.786458 0.071296 0.030208 0.131481
1 0.837240 0.015741 0.027604 0.140741
1 0.797656 0.006944 0.026562 0.145370
1 0.248438 0.160648 0.023958 0.160185
1 0.229167 0.168519 0.023958 0.140741
1 0.191406 0.030093 0.024479 0.128704
1 0.233854 0.045370 0.030208 0.144444
1 0.197396 0.040278 0.028125 0.141667
7 0.647396 0.052315 0.034375 0.121296
