1 0.607812 0.381481 0.032292 0.148148
1 0.445833 0.367593 0.029167 0.142593
1 0.308854 0.422685 0.069792 0.339815
1 1.011719 0.628704 0.166146 0.748148
1 0.207292 0.395370 0.078125 0.285185
1 0.481250 0.366667 0.029167 0.129630
1 0.523698 0.342130 0.014063 0.056481
1 0.566927 0.373148 0.025521 0.157407
1 0.573438 0.374074 0.025000 0.144444
1 0.665365 0.365741 0.019271 0.114815
1 0.272396 0.364815 0.019792 0.120370
1 0.251042 0.362963 0.022917 0.120370
1 -0.011979 0.371759 0.027083 0.145370
1 0.506510 0.336111 0.009896 0.035185
7 0.453125 0.349074 0.023958 0.055556
7 0.460417 0.360185 0.018750 0.057407
1 0.376563 0.346296 0.011458 0.059259
1 0.354167 0.341204 0.012500 0.073148
1 0.343750 0.344907 0.012500 0.058333
