1 0.829427 0.684722 0.045312 0.223148
1 0.250781 0.183333 0.036979 0.183333
1 0.259635 0.645833 0.050521 0.228704
1 0.915625 0.519907 0.040625 0.193519
1 0.514844 0.975926 0.039062 0.246296
1 0.351042 0.816667 0.036458 0.231481
7 0.377865 0.242593 0.040104 0.103704
7 0.367969 0.325463 0.029687 0.112037
1 0.429427 0.218519 0.030729 0.161111
1 0.766146 0.046296 0.028125 0.124074
1 0.553125 0.135648 0.027083 0.149074
1 0.521354 0.136111 0.031250 0.166667
1 0.280208 0.167593 0.019792 0.157407
1 0.497917 0.092593 0.031250 0.151852
1 0.069792 0.411111 0.026042 0.174074
1 0.053646 0.392130 0.038542 0.186111
1 0.460156 0.522222 0.044271 0.205556
1 0.486719 0.527315 0.036979 0.189815
1 0.410417 0.156481 0.019792 0.140741
1 0.385417 0.166204 0.029167 0.156481
1 0.381771 0.077315 0.026042 0.141667
1 0.297135 0.022685 0.021354 0.123148
7 0.327344 0.029167 0.031771 0.071296
1 0.133073 0.397685 0.029687 0.171296
7 0.651563 0.082407 0.031250 0.109259
1 0.274219 0.570370 0.033854 0.200000
1 0.228906 0.561574 0.044271 0.213889
1 0.294271 0.136111 0.025000 0.153704
1 0.184375 0.121759 0.027083 0.149074
1 0.203906 0.179630 0.027604 0.162963
1 0.532552 0.467593 0.030729 0.181481
1 0.163021 0.200000 0.027083 0.157407
1 0.196875 0.167130 0.025000 0.156481
1 0.122656 0.202778 0.028646 0.146296
1 0.129948 0.182407 0.023438 0.174074
1 0.148177 0.155556 0.028646 0.161111
1 0.151562 0.142593 0.028125 0.153704
1 0.117708 0.174074 0.020833 0.159259
1 0.452083 0.014352 0.023958 0.143519
1 0.236458 0.133796 0.030208 0.156481
1 0.244271 0.419907 0.038542 0.195370
1 0.970052 0.546759 0.034896 0.193519
1 0.844271 -0.025926 0.025000 0.129630
1 0.919010 0.143056 0.028646 0.143519
1 0.992188 0.133333 0.029167 0.146296
1 0.850260 0.055093 0.026562 0.141667
1 0.239844 0.994907 0.051562 0.210185
1 0.263021 0.943519 0.050000 0.246296
1 0.230208 0.007407 0.022917 0.127778
1 0.206771 0.005093 0.021875 0.126852
1 0.720573 -0.034259 0.029687 0.129630
7 0.646354 0.076389 0.032292 0.086111
1 0.651302 0.076389 0.034896 0.084259
