0 0.789323 0.661574 0.046354 0.228704
0 0.255729 0.213426 0.037500 0.187963
0 0.158073 0.653704 0.053646 0.237037
0 0.915625 0.519907 0.040625 0.193519
0 0.505208 0.971759 0.038542 0.155556
0 0.349740 0.820833 0.036979 0.230556
2 0.377865 0.242593 0.040104 0.103704
2 0.367969 0.325463 0.029687 0.112037
0 0.429427 0.218519 0.030729 0.161111
0 0.773698 0.085648 0.025521 0.132407
0 0.574219 0.151389 0.026562 0.147222
0 0.540625 0.165278 0.031250 0.167593
0 0.278385 0.176389 0.022396 0.162037
0 0.503906 0.138426 0.032813 0.160185
0 0.069531 0.410648 0.025521 0.173148
0 0.052344 0.392593 0.041146 0.187037
0 0.448698 0.469444 0.047396 0.201852
0 0.479948 0.477778 0.035937 0.183333
0 0.443229 0.170833 0.023958 0.141667
0 0.397135 0.172685 0.023438 0.156481
0 0.139063 0.455093 0.030208 0.180556
2 0.651563 0.082407 0.031250 0.109259
0 0.295833 0.512037 0.033333 0.200000
0 0.256250 0.498611 0.032292 0.210185
0 0.294010 0.136574 0.023438 0.154630
0 0.177604 0.122685 0.027083 0.149074
0 0.198958 0.182407 0.027083 0.162963
0 0.441146 0.418519 0.036458 0.170370
0 0.160938 0.200000 0.027083 0.157407
0 0.189844 0.165278 0.022396 0.162037
0 0.128385 0.195370 0.028646 0.148148
0 0.139583 0.176852 0.023958 0.170370
0 0.158333 0.165278 0.028125 0.141667
0 0.152083 0.142593 0.028125 0.153704
0 0.117188 0.174074 0.020833 0.159259
0 0.226823 0.101852 0.026562 0.153704
0 0.219271 0.499537 0.042708 0.210185
0 0.979688 0.608333 0.033333 0.198148
0 0.890104 0.110648 0.029167 0.141667
0 0.184635 0.912037 0.050521 0.215741
0 0.200781 0.837963 0.038021 0.248148
2 0.645833 0.076852 0.032292 0.087037
0 0.650781 0.076852 0.035937 0.085185
