0 0.847917 0.650000 0.035417 0.216667
0 0.417969 0.668056 0.049479 0.232407
0 0.914583 0.518981 0.043750 0.195370
0 0.554427 0.982407 0.043229 0.135185
0 0.351042 0.816667 0.036458 0.231481
2 0.377865 0.242593 0.040104 0.103704
2 0.367969 0.325463 0.029687 0.112037
0 0.426042 0.215278 0.034375 0.158333
0 0.328125 0.126852 0.019792 0.133333
0 0.115625 0.366667 0.033333 0.177778
0 0.085938 0.348611 0.027083 0.193519
0 0.553906 0.837037 0.060937 0.235185
0 0.587500 0.843981 0.047917 0.225000
0 0.404167 0.145370 0.023958 0.138889
0 0.429167 0.149537 0.031250 0.154630
0 0.229167 0.206944 0.025000 0.147222
2 0.651563 0.082407 0.031250 0.109259
0 0.148698 0.934722 0.042188 0.185185
0 0.143229 0.893519 0.046875 0.235185
0 0.293750 0.184259 0.030208 0.159259
0 0.168750 0.111111 0.025000 0.150000
0 0.200521 0.183333 0.027083 0.161111
0 0.988542 0.752778 0.032292 0.209259
0 0.163542 0.193519 0.026042 0.157407
0 0.196615 0.167593 0.024479 0.157407
0 0.128385 0.200000 0.030729 0.146296
0 0.126302 0.183333 0.027604 0.159259
0 0.162760 0.164815 0.028646 0.157407
0 0.154167 0.146759 0.026042 0.145370
0 0.117708 0.174074 0.020833 0.159259
0 0.213802 0.293056 0.031771 0.176852
0 0.254167 0.173148 0.034375 0.168519
0 0.886719 0.355093 0.045312 0.186111
0 0.831250 0.331481 0.028125 0.172222
0 0.791146 0.068056 0.029167 0.132407
0 0.953906 0.302315 0.035937 0.162037
0 0.226823 0.123611 0.023438 0.158333
0 0.202865 0.126389 0.025521 0.139815
2 0.647396 0.071296 0.033333 0.085185
