1 0.736719 0.638426 0.053646 0.223148
1 0.214062 0.490278 0.041667 0.221296
1 0.075260 0.624537 0.043229 0.232407
1 0.922917 0.521759 0.039583 0.197222
1 0.592187 1.003704 0.040625 0.192593
1 0.355208 0.820833 0.052083 0.232407
7 0.377865 0.242593 0.040104 0.103704
7 0.367969 0.325463 0.029687 0.112037
1 0.430208 0.218981 0.031250 0.162037
1 0.948698 0.275926 0.033854 0.170370
1 0.788281 0.132870 0.027604 0.134259
1 0.869271 0.329167 0.034375 0.167593
1 0.826562 0.324074 0.031250 0.177778
1 0.589583 0.280093 0.029167 0.167593
1 0.557813 0.207870 0.041667 0.169444
1 0.135156 0.465278 0.032813 0.187963
1 0.153125 0.440278 0.031250 0.204630
1 0.469271 0.196296 0.030208 0.166667
1 0.487500 0.193981 0.025000 0.149074
1 0.553646 0.020833 0.023958 0.113889
1 0.530990 0.018056 0.024479 0.112037
1 0.769010 0.311574 0.028646 0.158333
1 0.751563 0.262500 0.023958 0.158333
1 0.380469 0.070833 0.027604 0.150926
1 0.405729 -0.003704 0.020833 0.101852
1 0.296615 0.021296 0.019271 0.122222
7 0.327344 0.029167 0.031771 0.071296
1 0.003125 0.923611 0.037500 0.223148
7 0.642188 0.088889 0.039583 0.103704
1 0.277865 0.203704 0.028646 0.161111
1 0.290625 0.220370 0.045833 0.166667
1 0.254688 0.158796 0.027083 0.160185
1 0.231510 0.163426 0.028646 0.154630
1 0.292448 0.136574 0.021354 0.154630
1 0.268490 0.113426 0.025521 0.149074
1 0.198958 0.180093 0.027083 0.165741
1 0.206510 0.143056 0.024479 0.143519
1 0.163281 0.193519 0.027604 0.157407
1 0.188281 0.160648 0.025521 0.162037
1 0.128125 0.195370 0.023958 0.151852
1 0.153125 0.168519 0.029167 0.166667
1 0.141146 0.157407 0.030208 0.157407
1 0.151562 0.143056 0.028125 0.154630
1 0.119792 0.171296 0.021875 0.166667
1 0.485938 -0.045833 0.019792 0.106481
1 0.651823 0.055556 0.032813 0.137037
