1 0.473177 0.384259 0.034896 0.153704
1 0.417448 0.371296 0.025521 0.125926
1 0.380208 0.363426 0.022917 0.126852
1 0.832292 0.566204 0.098958 0.580556
1 0.942448 0.546759 0.106771 0.597222
1 0.287500 0.370370 0.039583 0.151852
1 0.420833 0.365278 0.021875 0.110185
1 0.440365 0.352778 0.018229 0.111111
1 0.127865 0.380093 0.025521 0.121296
1 0.562500 0.374074 0.035417 0.194444
1 0.447917 0.353704 0.016667 0.096296
1 0.485417 0.358796 0.017708 0.106481
1 0.218229 0.367593 0.020833 0.111111
1 0.204948 0.368056 0.016146 0.087963
1 0.495312 0.349537 0.020833 0.086111
1 0.257031 0.368981 0.017188 0.100926
1 0.242448 0.349074 0.011979 0.057407
1 0.396094 0.342593 0.013021 0.064815
1 0.026042 0.353704 0.011458 0.066667
1 0.051562 0.375463 0.020833 0.099074
7 0.347396 0.354630 0.018750 0.050000
7 0.360417 0.360185 0.015625 0.044444
1 0.059375 0.357870 0.014583 0.063889
7 0.797917 0.379630 0.033333 0.155556
1 0.264844 0.368519 0.011979 0.048148
