1 0.625000 0.326852 0.034375 0.150000
1 0.468229 0.318519 0.029167 0.140741
1 0.417448 0.346296 0.047396 0.220370
1 0.933073 0.568981 0.134896 0.730556
1 0.221615 0.349074 0.055729 0.235185
1 0.504687 0.320370 0.028125 0.122222
1 0.535677 0.292593 0.011979 0.053704
1 0.575000 0.317130 0.027083 0.143519
1 0.297917 0.316667 0.023958 0.103704
1 0.581510 0.318981 0.021354 0.136111
1 0.648698 0.310185 0.019271 0.111111
1 0.096875 0.354167 0.060417 0.241667
1 0.068229 0.368056 0.047917 0.206481
1 0.363021 0.312963 0.020833 0.105556
1 0.348698 0.317130 0.023438 0.110185
1 0.317708 0.331019 0.022917 0.121296
1 0.022396 0.304167 0.017708 0.093519
1 0.053125 0.330093 0.028125 0.134259
7 0.459115 0.308796 0.020313 0.049074
1 0.398177 0.297222 0.010937 0.059259
1 0.382812 0.295833 0.011458 0.065741
