1 0.846094 0.654630 0.051562 0.214815
1 0.356510 0.649074 0.047396 0.231481
1 0.916406 0.516667 0.038021 0.196296
1 0.472396 0.980093 0.040625 0.228704
1 0.351042 0.816667 0.036458 0.231481
7 0.377865 0.242593 0.040104 0.103704
7 0.367969 0.325463 0.029687 0.112037
1 0.426563 0.204630 0.031250 0.161111
1 0.336979 0.125463 0.020833 0.128704
1 0.193490 0.243981 0.025521 0.158333
1 0.163281 0.242593 0.032813 0.175926
1 0.405729 0.142130 0.029167 0.147222
1 0.398958 0.115278 0.028125 0.156481
1 0.300521 0.018056 0.026042 0.121296
7 0.327344 0.029167 0.031771 0.071296
1 0.240885 0.009259 0.022396 0.122222
7 0.651563 0.081481 0.031250 0.109259
1 0.304948 0.187500 0.031771 0.158333
1 0.174740 0.049074 0.023438 0.138889
1 0.200000 0.178704 0.025000 0.159259
1 0.163021 0.192593 0.026042 0.155556
1 0.190365 0.165741 0.024479 0.161111
1 0.135156 0.200000 0.025521 0.151852
1 0.122135 0.181481 0.025521 0.166667
1 0.148698 0.167130 0.028646 0.160185
1 0.176563 0.150000 0.026042 0.150000
1 0.118750 0.173148 0.020833 0.159259
1 0.467187 -0.025463 0.026042 0.147222
1 0.163281 0.616667 0.039062 0.220370
1 0.569271 0.635185 0.038542 0.231481
1 0.529687 0.655556 0.036458 0.222222
1 0.816146 0.118056 0.033333 0.152778
1 0.757031 0.117130 0.025521 0.145370
1 0.861198 0.067593 0.026562 0.142593
1 0.811979 0.041204 0.027083 0.134259
1 0.782031 0.107407 0.031771 0.140741
1 0.565885 -0.001852 0.028646 0.144444
1 0.390885 -0.010648 0.022396 0.125000
1 0.271875 0.015278 0.018750 0.125000
1 0.242188 0.318519 0.028125 0.177778
1 0.215104 0.322222 0.037500 0.164815
1 0.145573 0.136574 0.023438 0.160185
1 0.145833 0.047685 0.027083 0.128704
1 0.262500 0.184259 0.030208 0.164815
1 0.235937 0.182407 0.028125 0.159259
1 0.265104 0.164815 0.027083 0.157407
1 0.410156 -0.003241 0.023438 0.128704
