1 0.771094 0.648148 0.048438 0.227778
1 0.255729 0.228704 0.037500 0.190741
1 0.126562 0.650000 0.044792 0.233333
1 0.915625 0.519907 0.040625 0.193519
1 0.512500 0.974537 0.047917 0.247222
1 0.350260 0.818981 0.043229 0.230556
7 0.377865 0.242593 0.040104 0.103704
7 0.367969 0.325463 0.029687 0.112037
1 0.429427 0.218519 0.030729 0.161111
1 0.779427 0.100926 0.026562 0.135185
1 0.588542 0.160185 0.026042 0.148148
1 0.551562 0.176389 0.031250 0.167593
1 0.280208 0.182870 0.026042 0.162037
1 0.506250 0.155556 0.032292 0.161111
1 0.069531 0.410648 0.025521 0.173148
1 0.051562 0.393056 0.042708 0.187963
1 0.445312 0.443056 0.046875 0.193519
1 0.479687 0.450000 0.038542 0.179630
1 0.454688 0.174537 0.019792 0.143519
1 0.403125 0.172685 0.021875 0.158333
1 0.380469 0.072685 0.026562 0.149074
1 0.296875 0.023148 0.021875 0.124074
7 0.327344 0.029167 0.031771 0.071296
1 0.136458 0.477315 0.030208 0.182407
7 0.651563 0.082407 0.031250 0.109259
1 0.306250 0.482407 0.033333 0.194444
1 0.260417 0.473148 0.034375 0.201852
1 0.276042 -0.036574 0.026042 0.125000
1 0.247135 -0.032870 0.023438 0.132407
1 0.294010 0.136574 0.023438 0.154630
1 0.179167 0.124537 0.027083 0.149074
1 0.197917 0.182407 0.026042 0.161111
1 0.407292 0.402778 0.035417 0.174074
1 0.164062 0.196759 0.027083 0.156481
1 0.188542 0.165741 0.022917 0.162963
1 0.129427 0.194907 0.026562 0.149074
1 0.141146 0.175926 0.023958 0.170370
1 0.160156 0.164815 0.028646 0.144444
1 0.152083 0.142593 0.028125 0.153704
1 0.117188 0.174074 0.020833 0.159259
1 0.463542 -0.016667 0.018750 0.135185
1 0.220833 0.091204 0.029167 0.149074
1 0.226302 0.529167 0.044271 0.215741
1 0.984115 0.638426 0.034896 0.212037
1 0.873177 0.095833 0.028646 0.137963
1 0.802344 -0.007407 0.024479 0.120370
1 0.166146 0.865278 0.045833 0.256481
1 0.179948 0.796759 0.052604 0.243519
1 0.226562 -0.029630 0.021875 0.124074
1 0.204427 -0.031944 0.023438 0.121296
1 0.717187 -0.034259 0.029167 0.129630
7 0.645833 0.076852 0.032292 0.088889
1 0.650260 0.076852 0.035937 0.085185
