0 0.844792 0.654630 0.048958 0.214815
0 0.320052 0.613889 0.040104 0.225926
0 0.914062 0.518981 0.047917 0.193519
0 0.527604 0.986111 0.039583 0.125926
0 0.351042 0.816667 0.036458 0.231481
2 0.377865 0.242593 0.040104 0.103704
2 0.367969 0.325463 0.029687 0.112037
0 0.433594 0.213426 0.033854 0.156481
0 0.333594 0.126852 0.020313 0.131481
0 0.142708 0.320833 0.031250 0.171296
0 0.108073 0.313426 0.035937 0.184259
0 0.603385 0.956481 0.057813 0.163889
0 0.639583 0.959722 0.050000 0.152778
0 0.403385 0.145370 0.021354 0.140741
0 0.418490 0.125463 0.027604 0.158333
0 0.269531 0.154630 0.023438 0.144444
2 0.651563 0.082407 0.031250 0.109259
0 0.192708 0.995833 0.052083 0.107407
0 0.303385 0.184259 0.026562 0.162963
0 0.160677 0.077315 0.029687 0.145370
0 0.200521 0.183333 0.026042 0.159259
0 0.163021 0.193056 0.025000 0.156481
0 0.198437 0.166204 0.025000 0.158333
0 0.130469 0.199074 0.027604 0.148148
0 0.118490 0.180093 0.026562 0.167593
0 0.154167 0.166204 0.029167 0.162037
0 0.158333 0.142593 0.027083 0.151852
0 0.202344 0.358333 0.032813 0.183333
0 0.267448 0.108333 0.031771 0.161111
0 0.867448 0.287037 0.040104 0.175926
0 0.819010 0.270370 0.026562 0.166667
0 0.786458 0.070370 0.030208 0.131481
0 0.242448 0.150926 0.024479 0.155556
0 0.222656 0.162037 0.025521 0.140741
2 0.647656 0.063426 0.033854 0.099074
