1 0.067708 0.703241 0.023958 0.154630
1 0.669792 0.527315 0.010417 0.049074
1 0.048177 0.705556 0.019271 0.146296
1 0.047396 0.722222 0.017708 0.144444
1 0.035417 0.731019 0.021875 0.149074
1 0.721875 0.516667 0.010417 0.051852
1 0.816927 0.554167 0.018229 0.093519
1 0.794271 0.553241 0.019792 0.082407
1 0.784375 0.554167 0.016667 0.080556
1 0.712500 0.513889 0.010417 0.051852
1 0.701823 0.513426 0.016146 0.056481
1 0.774219 0.714352 0.035937 0.186111
1 0.845313 0.687963 0.045833 0.175926
1 0.718229 0.653704 0.028125 0.174074
1 0.807813 0.559722 0.017708 0.089815
1 0.735938 0.662963 0.042708 0.187037
1 0.748177 0.561111 0.018229 0.077778
1 0.769010 0.558796 0.018229 0.073148
1 0.855990 0.592130 0.022396 0.108333
1 0.839323 0.671296 0.047396 0.172222
1 0.880990 0.598611 0.022396 0.112037
1 0.870052 0.586574 0.020313 0.119444
1 0.723437 0.564352 0.023958 0.089815
