0 0.845573 0.654630 0.050521 0.214815
0 0.291927 0.640741 0.043229 0.229630
0 0.915885 0.517130 0.042188 0.191667
0 0.475260 0.991667 0.045312 0.116667
0 0.351042 0.816667 0.036458 0.231481
2 0.377865 0.242593 0.040104 0.103704
2 0.367969 0.325463 0.029687 0.112037
0 0.423698 0.205093 0.032813 0.158333
0 0.336979 0.125463 0.020833 0.128704
0 0.185677 0.258796 0.027604 0.158333
0 0.155469 0.253241 0.028646 0.180556
0 0.403646 0.144907 0.025000 0.139815
0 0.404427 0.118981 0.028646 0.158333
2 0.651563 0.081481 0.031250 0.109259
0 0.299479 0.187500 0.032292 0.160185
0 0.200000 0.180556 0.025000 0.159259
0 0.163021 0.192593 0.026042 0.155556
0 0.194531 0.170370 0.024479 0.161111
0 0.134896 0.200463 0.025000 0.150926
0 0.121615 0.180093 0.025521 0.169444
0 0.147917 0.165278 0.029167 0.162037
0 0.167448 0.151852 0.027604 0.151852
0 0.118229 0.174074 0.020833 0.159259
0 0.176563 0.538426 0.039583 0.206481
0 0.619531 0.732870 0.050521 0.245370
0 0.582292 0.748611 0.040625 0.237963
0 0.836979 0.158333 0.032292 0.161111
0 0.771615 0.154167 0.027604 0.149074
0 0.792969 0.084259 0.029687 0.135185
0 0.251042 0.268519 0.027083 0.170370
0 0.224219 0.271296 0.034896 0.157407
0 0.254948 0.142130 0.029687 0.154630
0 0.224219 0.141204 0.028646 0.154630
0 0.253385 0.121296 0.025521 0.142593
