1 0.589063 0.329630 0.034375 0.151852
1 0.452083 0.314815 0.029167 0.140741
1 0.427865 0.331481 0.039062 0.190741
1 0.838802 0.548148 0.106771 0.703704
1 0.978906 0.565278 0.156771 0.760185
1 0.238281 0.326852 0.039062 0.216667
1 0.488021 0.310185 0.023958 0.124074
1 0.508073 0.285648 0.013021 0.047222
1 0.541667 0.313426 0.022917 0.132407
1 0.266667 0.305556 0.025000 0.105556
1 0.547396 0.316204 0.020833 0.121296
1 0.610677 0.306019 0.017188 0.110185
1 0.136979 0.332407 0.038542 0.201852
1 0.116927 0.342593 0.028646 0.177778
1 0.379167 0.311111 0.025000 0.105556
1 0.367708 0.307870 0.019792 0.112037
1 0.312500 0.320833 0.022917 0.121296
1 0.019531 0.296296 0.018229 0.087037
1 0.058073 0.313889 0.026562 0.127778
7 0.460417 0.300926 0.017708 0.050000
1 0.332292 0.292130 0.011458 0.054630
1 0.346094 0.287963 0.013021 0.055556
