1 0.846354 0.656481 0.052083 0.218519
1 0.338021 0.621759 0.058333 0.223148
1 0.916146 0.519907 0.039583 0.195370
1 0.489844 0.987500 0.041146 0.225000
1 0.351042 0.816667 0.036458 0.231481
7 0.377865 0.242593 0.040104 0.103704
7 0.367969 0.325463 0.029687 0.112037
1 0.431510 0.208333 0.036979 0.157407
1 0.337240 0.125463 0.020313 0.128704
1 0.202604 0.234259 0.028125 0.153704
1 0.222917 0.243519 0.039583 0.177778
1 0.405469 0.142593 0.026562 0.148148
1 0.396354 0.108333 0.029167 0.151852
1 0.302083 0.016204 0.028125 0.123148
7 0.327344 0.029167 0.031771 0.071296
7 0.651563 0.081481 0.031250 0.109259
1 0.296615 0.188426 0.029687 0.154630
1 0.173698 0.050926 0.021354 0.138889
1 0.213542 0.178241 0.029167 0.160185
1 0.164062 0.194907 0.026042 0.154630
1 0.199479 0.157870 0.023958 0.158333
1 0.133854 0.201852 0.027083 0.157407
1 0.118229 0.181944 0.023958 0.169444
1 0.151823 0.161574 0.031771 0.156481
1 0.190625 0.145370 0.026042 0.150000
1 0.119271 0.162963 0.020833 0.159259
1 0.467187 -0.025463 0.026042 0.147222
1 0.197396 0.933796 0.046875 0.245370
1 0.498958 0.361574 0.035417 0.191667
1 0.455469 0.368981 0.031771 0.182407
1 0.633854 0.706481 0.045833 0.235185
1 0.930469 0.742593 0.047396 0.227778
1 0.954427 0.700000 0.038021 0.224074
1 0.762500 0.003704 0.029167 0.133333
1 0.724740 0.005556 0.023438 0.137037
1 0.959896 0.268519 0.036458 0.174074
1 0.887500 0.230093 0.031250 0.158333
1 0.783594 0.239352 0.032813 0.147222
1 0.642448 0.209259 0.033854 0.155556
1 0.456771 0.000000 0.026042 0.148148
1 0.415625 -0.008333 0.023958 0.142593
1 0.407552 0.011111 0.026562 0.135185
1 0.277604 0.151389 0.027083 0.141667
1 0.216667 0.524537 0.034375 0.204630
1 0.178125 0.530093 0.043750 0.189815
1 0.244010 0.143056 0.030729 0.160185
1 0.250521 0.096759 0.031250 0.147222
1 0.212500 0.062963 0.030208 0.140741
1 0.235417 0.065278 0.025000 0.139815
1 0.224479 0.353241 0.035417 0.180556
1 0.178385 0.350000 0.032813 0.177778
1 0.277865 0.337963 0.033854 0.168519
1 0.386979 -0.006019 0.022917 0.123148
