0 0.794010 0.664352 0.045312 0.228704
0 0.255208 0.210648 0.037500 0.187963
0 0.169531 0.654630 0.050521 0.237037
0 0.915625 0.519907 0.040625 0.193519
0 0.503906 0.969444 0.038021 0.255556
0 0.350000 0.819444 0.036458 0.231481
2 0.377865 0.242593 0.040104 0.103704
2 0.367969 0.325463 0.029687 0.112037
0 0.429427 0.218519 0.030729 0.161111
0 0.772917 0.081944 0.026042 0.132407
0 0.569792 0.150463 0.027083 0.147222
0 0.539583 0.161574 0.031250 0.167593
0 0.277604 0.174074 0.021875 0.161111
0 0.503646 0.132407 0.032292 0.157407
0 0.069531 0.410648 0.025521 0.173148
0 0.052604 0.392130 0.040625 0.186111
0 0.450260 0.475926 0.045312 0.200000
0 0.479687 0.481481 0.035417 0.181481
0 0.440885 0.169444 0.024479 0.142593
0 0.395573 0.170833 0.022396 0.156481
0 0.380469 0.072685 0.026562 0.149074
0 0.297135 0.022685 0.021354 0.123148
2 0.327344 0.029167 0.031771 0.071296
0 0.138281 0.447222 0.029687 0.177778
2 0.651563 0.082407 0.031250 0.109259
0 0.294531 0.517593 0.033854 0.198148
0 0.253385 0.504630 0.032813 0.211111
0 0.250260 -0.041204 0.023438 0.115741
0 0.294010 0.136574 0.023438 0.154630
0 0.177604 0.122685 0.027083 0.149074
0 0.199479 0.182407 0.028125 0.162963
0 0.453646 0.422685 0.035417 0.169444
0 0.159896 0.200926 0.027083 0.157407
0 0.191406 0.164815 0.024479 0.161111
0 0.127344 0.195833 0.028646 0.149074
0 0.136979 0.178704 0.023958 0.170370
0 0.157552 0.165278 0.028646 0.141667
0 0.151562 0.142593 0.028125 0.153704
0 0.117188 0.174074 0.020833 0.159259
0 0.460677 -0.002315 0.018229 0.137963
0 0.229167 0.105093 0.029167 0.154630
0 0.223438 0.489352 0.042708 0.210185
0 0.979688 0.600463 0.034375 0.197222
0 0.893750 0.115278 0.029167 0.141667
0 0.823958 0.012963 0.031250 0.129630
0 0.189583 0.924074 0.050000 0.255556
0 0.209635 0.849537 0.045312 0.250926
0 0.227344 -0.013889 0.021354 0.124074
0 0.202604 -0.013889 0.022917 0.124074
0 0.717187 -0.033796 0.028125 0.130556
2 0.645833 0.076852 0.032292 0.087037
0 0.650781 0.076852 0.035937 0.085185
