1 0.143490 0.643056 0.019271 0.121296
1 0.620833 0.516204 0.012500 0.052778
1 0.128125 0.643981 0.019792 0.112037
1 0.133594 0.655093 0.017188 0.112037
1 0.124219 0.661574 0.016146 0.108333
1 0.040885 0.656944 0.025521 0.110185
1 0.673177 0.503704 0.010937 0.044444
1 0.660417 0.509259 0.011458 0.053704
1 0.645312 0.503241 0.013542 0.047222
1 0.731771 0.613426 0.028125 0.123148
1 0.785417 0.597685 0.027083 0.123148
1 0.719792 0.599537 0.025000 0.128704
1 0.730469 0.528704 0.014063 0.055556
1 0.884896 0.554167 0.017708 0.099074
1 0.741146 0.590278 0.022917 0.123148
1 0.032031 0.658796 0.026562 0.121296
1 0.711979 0.540278 0.018750 0.078704
1 0.728385 0.535648 0.015104 0.065741
1 0.739844 0.558333 0.015104 0.085185
1 0.776563 0.589352 0.018750 0.106481
1 0.766406 0.562037 0.013021 0.098148
1 0.671354 0.536574 0.017708 0.058333
1 0.697135 0.538889 0.011979 0.062963
1 0.689583 0.537963 0.012500 0.059259
