1 0.608073 0.346296 0.028646 0.131481
1 0.407292 0.346296 0.032292 0.161111
1 0.451562 0.352778 0.027083 0.148148
1 0.661458 0.343056 0.029167 0.130556
1 0.871615 0.450463 0.080729 0.573148
1 0.393750 0.336574 0.022917 0.102778
1 0.820052 0.428704 0.073438 0.462963
1 0.540885 0.318056 0.016146 0.063889
1 0.019271 0.325000 0.033333 0.127778
1 0.051823 0.326389 0.020313 0.097222
1 0.073438 0.321759 0.022917 0.097222
1 0.575000 0.319907 0.012500 0.052778
1 0.561979 0.316667 0.012500 0.057407
7 0.490365 0.355556 0.028646 0.094444
7 0.512240 0.360648 0.026562 0.089815
1 0.321615 0.312500 0.013021 0.049074
1 0.332292 0.313889 0.011458 0.046296
1 0.341667 0.309722 0.011458 0.043519
1 0.348177 0.306944 0.011979 0.045370
1 0.357292 0.308796 0.010417 0.037963
1 0.369792 0.311574 0.011458 0.037963
