1 0.734635 0.637037 0.053646 0.224074
1 0.240625 0.365741 0.039583 0.203704
1 0.073698 0.622685 0.043229 0.230556
1 0.916146 0.519907 0.039583 0.193519
1 0.598437 0.977778 0.042708 0.238889
1 0.353646 0.820833 0.052083 0.232407
7 0.377865 0.242593 0.040104 0.103704
7 0.367969 0.325463 0.029687 0.112037
1 0.429688 0.218519 0.031250 0.161111
1 0.789323 0.131944 0.027604 0.136111
1 0.736979 0.242130 0.028125 0.150926
1 0.719271 0.253704 0.035417 0.168519
1 0.364323 0.242130 0.019271 0.152778
1 0.497917 0.282870 0.035417 0.175000
1 0.069010 0.410648 0.024479 0.173148
1 0.078646 0.393056 0.028125 0.187963
1 0.426042 0.283333 0.033333 0.172222
1 0.447396 0.292130 0.026042 0.158333
1 0.651823 0.244444 0.022396 0.150000
1 0.597656 0.215278 0.045312 0.158333
1 0.380469 0.071296 0.027604 0.150000
1 0.294792 0.020370 0.021875 0.125926
7 0.327344 0.029167 0.031771 0.071296
1 0.060937 0.709722 0.032292 0.204630
7 0.651563 0.081944 0.031250 0.108333
1 0.302865 0.305093 0.026562 0.171296
1 0.290365 0.317593 0.036979 0.185185
1 0.246875 0.065278 0.028125 0.139815
1 0.208073 0.062963 0.024479 0.148148
1 0.293229 0.136574 0.025000 0.154630
1 0.266406 0.112963 0.029687 0.148148
1 0.199479 0.178704 0.028125 0.162963
1 0.263802 0.230556 0.027604 0.151852
1 0.164062 0.193519 0.027083 0.157407
1 0.189583 0.163426 0.022917 0.162037
1 0.124479 0.194907 0.026042 0.150926
1 0.147396 0.169444 0.027083 0.168519
1 0.153646 0.150926 0.029167 0.155556
1 0.153125 0.142593 0.028125 0.153704
1 0.117188 0.174074 0.020833 0.159259
1 0.488802 -0.045370 0.021354 0.107407
1 0.204948 -0.016204 0.019271 0.125000
1 0.232813 0.849074 0.051042 0.250000
1 0.784375 -0.015278 0.025000 0.126852
7 0.647135 0.075000 0.033854 0.098148
1 0.651302 0.075000 0.036979 0.088889
