1 0.734115 0.637037 0.053646 0.224074
1 0.238802 0.336111 0.039062 0.203704
1 0.074740 0.619907 0.043229 0.234259
1 0.916146 0.519907 0.039583 0.193519
1 0.561719 0.969907 0.035937 0.252778
1 0.353646 0.820833 0.052083 0.232407
7 0.377865 0.242593 0.040104 0.103704
7 0.367969 0.325463 0.029687 0.112037
1 0.429688 0.218519 0.031250 0.161111
1 0.789583 0.131944 0.027083 0.136111
1 0.693490 0.235648 0.025521 0.145370
1 0.679948 0.241204 0.031771 0.165741
1 0.322917 0.234722 0.031250 0.149074
1 0.464583 0.274537 0.035417 0.176852
1 0.069010 0.410648 0.024479 0.173148
1 0.079427 0.393056 0.029687 0.187963
1 0.410938 0.318519 0.035417 0.175926
1 0.435156 0.325926 0.032813 0.168519
1 0.615365 0.224074 0.024479 0.148148
1 0.544271 0.201852 0.028125 0.157407
1 0.380469 0.071296 0.027604 0.150000
1 0.297396 0.020370 0.021875 0.124074
7 0.327344 0.029167 0.031771 0.071296
1 0.114323 0.665278 0.032813 0.199074
7 0.651563 0.081944 0.031250 0.108333
1 0.322917 0.331019 0.030208 0.176852
1 0.292187 0.344444 0.029167 0.190741
1 0.251302 0.042593 0.026562 0.138889
1 0.211458 0.039352 0.022917 0.147222
1 0.293229 0.136574 0.025000 0.154630
1 0.249219 0.110185 0.025521 0.150000
1 0.199219 0.179167 0.027604 0.162037
1 0.269792 0.263889 0.029167 0.155556
1 0.164062 0.194444 0.027083 0.157407
1 0.190625 0.162037 0.022917 0.157407
1 0.125781 0.192130 0.026562 0.152778
1 0.147135 0.171759 0.027604 0.171296
1 0.158854 0.152778 0.029167 0.155556
1 0.153125 0.142593 0.028125 0.153704
1 0.117188 0.174074 0.020833 0.159259
1 0.489583 -0.045370 0.021875 0.107407
1 0.199479 0.011111 0.022917 0.142593
1 0.234375 0.777315 0.046875 0.243519
1 0.802083 0.006019 0.025000 0.126852
7 0.646094 0.076852 0.032813 0.094444
