0 0.821615 0.580093 0.044271 0.150926
0 0.089844 0.601389 0.019271 0.093519
0 0.788542 0.615278 0.035417 0.167593
0 0.493229 0.502778 0.011458 0.046296
0 0.680208 0.520370 0.012500 0.079630
0 0.081250 0.601389 0.014583 0.089815
0 0.080990 0.615741 0.015104 0.090741
0 0.013021 0.611111 0.015625 0.090741
0 0.611719 0.552778 0.020313 0.090741
0 0.236719 0.517130 0.007812 0.036111
0 0.618750 0.542593 0.021875 0.100000
0 0.637760 0.541204 0.021354 0.102778
0 0.545573 0.521296 0.016146 0.070370
0 0.522135 0.522685 0.013021 0.062037
