1 0.733333 0.637037 0.053125 0.224074
1 0.238802 0.304630 0.039062 0.201852
1 0.072917 0.621296 0.047917 0.229630
1 0.916146 0.519907 0.039583 0.193519
1 0.527865 0.974074 0.035937 0.251852
1 0.353646 0.820833 0.052083 0.232407
7 0.377865 0.242593 0.040104 0.103704
7 0.367969 0.325463 0.029687 0.112037
1 0.429688 0.218519 0.031250 0.161111
1 0.790104 0.131481 0.027083 0.137037
1 0.654167 0.211111 0.021875 0.151852
1 0.625260 0.222685 0.036979 0.169444
1 0.292969 0.202778 0.028646 0.144444
1 0.476302 0.243519 0.045312 0.172222
1 0.069271 0.410648 0.025000 0.173148
1 0.079948 0.392593 0.030729 0.187037
1 0.407813 0.352315 0.036458 0.182407
1 0.434375 0.359259 0.036458 0.166667
1 0.569010 0.205093 0.028646 0.145370
1 0.483854 0.186111 0.021875 0.157407
1 0.380469 0.071296 0.027604 0.150000
1 0.296354 0.021296 0.021875 0.124074
7 0.327344 0.029167 0.031771 0.071296
1 0.136719 0.605093 0.030729 0.187963
7 0.651563 0.082407 0.031250 0.109259
1 0.329948 0.372685 0.030729 0.176852
1 0.288802 0.381019 0.033854 0.193519
1 0.252083 0.018056 0.026042 0.137963
1 0.221094 0.018056 0.023438 0.147222
1 0.293490 0.136574 0.024479 0.154630
1 0.223177 0.112500 0.033854 0.147222
1 0.198958 0.178241 0.027083 0.162037
1 0.292187 0.300463 0.030208 0.154630
1 0.164062 0.195370 0.027083 0.157407
1 0.187500 0.163889 0.022917 0.161111
1 0.124479 0.193519 0.028125 0.151852
1 0.146875 0.172685 0.027083 0.169444
1 0.155469 0.153704 0.028646 0.155556
1 0.152604 0.142593 0.028125 0.153704
1 0.117188 0.174074 0.020833 0.159259
1 0.485156 -0.040741 0.021354 0.116667
1 0.191146 0.027315 0.027083 0.149074
1 0.238281 0.700463 0.047396 0.234259
1 0.813802 0.030556 0.028646 0.125926
1 0.049219 0.695370 0.059896 0.224074
7 0.645833 0.076852 0.032292 0.092593
