1 0.846094 0.654630 0.051562 0.214815
1 0.362760 0.647685 0.047396 0.232407
1 0.916146 0.516667 0.038542 0.196296
1 0.469531 0.982870 0.040104 0.228704
1 0.351042 0.816667 0.036458 0.231481
7 0.377865 0.242593 0.040104 0.103704
7 0.367969 0.325463 0.029687 0.112037
1 0.428385 0.207407 0.033854 0.161111
1 0.336979 0.125463 0.020833 0.128704
1 0.192969 0.242130 0.024479 0.154630
1 0.168490 0.239352 0.032813 0.176852
1 0.405990 0.141204 0.028646 0.147222
1 0.398958 0.116204 0.029167 0.156481
1 0.300781 0.018056 0.026562 0.121296
7 0.327344 0.029167 0.031771 0.071296
1 0.247917 0.003704 0.022917 0.122222
7 0.651563 0.081481 0.031250 0.109259
1 0.305729 0.188426 0.030208 0.158333
1 0.174740 0.049074 0.023438 0.138889
1 0.200000 0.178704 0.025000 0.159259
1 0.163021 0.192593 0.026042 0.155556
1 0.188802 0.165741 0.024479 0.161111
1 0.136458 0.199537 0.025000 0.152778
1 0.123698 0.181481 0.025521 0.166667
1 0.149479 0.166204 0.028125 0.162037
1 0.175521 0.150000 0.026042 0.150000
1 0.118750 0.172222 0.020833 0.159259
1 0.467187 -0.025463 0.026042 0.147222
1 0.163281 0.635648 0.041146 0.221296
1 0.562760 0.610185 0.047396 0.222222
1 0.518490 0.628241 0.035937 0.219444
1 0.814323 0.112037 0.029687 0.151852
1 0.754167 0.110648 0.025000 0.145370
1 0.868229 0.075000 0.028125 0.144444
1 0.818229 0.050000 0.025000 0.133333
1 0.783333 0.112500 0.029167 0.139815
1 0.569271 0.003241 0.027083 0.145370
1 0.391146 -0.006944 0.021875 0.125000
1 0.271354 0.019907 0.018750 0.125000
1 0.241927 0.326852 0.027604 0.177778
1 0.211458 0.328704 0.038542 0.164815
1 0.161719 0.134722 0.023438 0.160185
1 0.145833 0.047685 0.027083 0.128704
1 0.261979 0.194907 0.029167 0.163889
1 0.234375 0.191667 0.028125 0.159259
1 0.263021 0.172222 0.027083 0.157407
1 0.410677 -0.003241 0.023438 0.128704
