1 0.844271 0.654630 0.047917 0.214815
1 0.260417 0.032407 0.031250 0.166667
1 0.363802 0.627315 0.044271 0.236111
1 0.915625 0.518056 0.042708 0.195370
1 0.536719 0.982407 0.039062 0.235185
1 0.351042 0.816667 0.036458 0.231481
7 0.377865 0.242593 0.040104 0.103704
7 0.367969 0.325463 0.029687 0.112037
1 0.432812 0.214352 0.031250 0.156481
1 0.519010 -0.000463 0.025521 0.130556
1 0.491406 -0.005556 0.027604 0.140741
1 0.333333 0.126852 0.020833 0.131481
1 0.135677 0.335185 0.031771 0.174074
1 0.101042 0.325000 0.030208 0.190741
1 0.588281 0.916204 0.061979 0.243519
1 0.627865 0.918981 0.052604 0.228704
1 0.402865 0.145370 0.021354 0.140741
1 0.434635 0.128704 0.025521 0.151852
1 0.297396 0.021296 0.021875 0.122222
7 0.327344 0.029167 0.031771 0.071296
1 0.262240 0.172685 0.024479 0.145370
7 0.651563 0.082407 0.031250 0.109259
1 0.151823 1.001852 0.043229 0.196296
1 0.186719 0.964352 0.051562 0.250926
1 0.304688 0.185648 0.025000 0.160185
1 0.166146 0.087963 0.029167 0.146296
1 0.200521 0.183333 0.027083 0.161111
1 0.163021 0.193056 0.025000 0.156481
1 0.196094 0.163889 0.025521 0.162963
1 0.125781 0.199074 0.027604 0.148148
1 0.118490 0.179167 0.026562 0.167593
1 0.162760 0.167593 0.027604 0.151852
1 0.157292 0.143519 0.027083 0.150000
1 0.466927 0.014352 0.025521 0.149074
1 0.208073 0.335648 0.033854 0.178704
1 0.267969 0.128704 0.031771 0.161111
1 0.879687 0.309259 0.038542 0.183333
1 0.825000 0.291204 0.027083 0.169444
1 0.786458 0.070370 0.030208 0.131481
1 0.990104 0.339352 0.036458 0.163889
1 0.865104 0.037037 0.027083 0.140741
1 0.816667 0.026389 0.027083 0.150926
1 0.235937 0.141204 0.023958 0.154630
1 0.214062 0.149074 0.023958 0.140741
1 0.197396 0.007870 0.025000 0.126852
1 0.234896 0.026852 0.029167 0.144444
1 0.202865 0.021759 0.026562 0.141667
7 0.647135 0.070833 0.032813 0.084259
