1 0.845833 0.654630 0.051042 0.214815
1 0.340885 0.653241 0.038021 0.226852
1 0.916667 0.516667 0.037500 0.196296
1 0.475260 0.985185 0.045312 0.227778
1 0.351042 0.816667 0.036458 0.231481
7 0.377865 0.242593 0.040104 0.103704
7 0.367969 0.325463 0.029687 0.112037
1 0.421615 0.202778 0.025521 0.162963
1 0.336979 0.125463 0.020833 0.128704
1 0.192708 0.250000 0.025000 0.161111
1 0.159896 0.246296 0.029167 0.183333
1 0.404948 0.139815 0.028646 0.146296
1 0.399479 0.114815 0.029167 0.155556
1 0.300260 0.018519 0.026562 0.122222
7 0.327344 0.029167 0.031771 0.071296
1 0.241406 0.018056 0.021354 0.123148
7 0.651563 0.081481 0.031250 0.109259
1 0.301042 0.187500 0.031250 0.160185
1 0.174740 0.049074 0.023438 0.138889
1 0.200000 0.179630 0.025000 0.159259
1 0.163021 0.192593 0.026042 0.155556
1 0.191406 0.165741 0.024479 0.161111
1 0.134115 0.200463 0.025521 0.150926
1 0.121615 0.181019 0.025521 0.167593
1 0.147656 0.166204 0.028646 0.162037
1 0.179167 0.150000 0.026042 0.150000
1 0.118229 0.174074 0.020833 0.159259
1 0.467187 -0.025463 0.026042 0.147222
1 0.167969 0.594907 0.040104 0.219444
1 0.584115 0.662500 0.044271 0.232407
1 0.546094 0.678704 0.040104 0.220370
1 0.825781 0.133796 0.030729 0.160185
1 0.763542 0.126389 0.023958 0.147222
1 0.854427 0.049537 0.026562 0.136111
1 0.805469 0.030556 0.023438 0.135185
1 0.786198 0.096759 0.030729 0.136111
1 0.566146 -0.020370 0.022917 0.135185
1 0.390365 -0.016204 0.022396 0.125000
1 0.272917 0.000463 0.018750 0.125000
1 0.244792 0.303241 0.028125 0.176852
1 0.219010 0.303704 0.034896 0.162963
1 0.145833 0.048148 0.027083 0.129630
1 0.266146 0.167593 0.033333 0.159259
1 0.234375 0.166667 0.028125 0.157407
1 0.263021 0.148148 0.027083 0.150000
1 0.418490 -0.004167 0.023438 0.128704
