0 0.854688 0.565741 0.025000 0.114815
0 0.757812 0.560648 0.021875 0.110185
0 0.190104 0.538889 0.013542 0.066667
0 0.639062 0.518056 0.013542 0.058333
0 0.626823 0.537500 0.018229 0.086111
0 0.645833 0.518981 0.011458 0.056481
0 0.143490 0.537963 0.009896 0.057407
0 0.476823 0.491204 0.009896 0.043519
0 0.184635 0.537037 0.009896 0.064815
0 0.187760 0.544907 0.011979 0.060185
0 0.136458 0.537500 0.012500 0.067593
0 0.158333 0.533796 0.012500 0.062037
0 0.508594 0.508333 0.010937 0.053704
0 0.517448 0.508333 0.010937 0.055556
0 0.573438 0.506944 0.016667 0.054630
0 0.561979 0.510185 0.011458 0.057407
0 0.663281 0.516667 0.015104 0.068519
0 0.609375 0.504630 0.009375 0.061111
0 0.626042 0.504630 0.014583 0.059259
0 0.525781 0.507407 0.011979 0.046296
