1 0.884115 0.618981 0.034896 0.165741
1 0.936458 0.560648 0.023958 0.093519
1 0.901302 0.538889 0.019271 0.092593
1 0.145573 0.575000 0.024479 0.120370
1 0.173437 0.580556 0.026042 0.118519
1 0.255208 0.558333 0.021875 0.098148
1 0.238802 0.561111 0.017188 0.094444
1 0.291667 0.540278 0.018750 0.091667
1 0.279948 0.552778 0.019271 0.103704
1 0.821875 0.502315 0.012500 0.047222
1 0.725521 0.507870 0.012500 0.058333
1 0.808594 0.502315 0.010937 0.049074
1 0.516406 0.470833 0.006771 0.028704
1 0.238542 0.527778 0.011458 0.077778
1 0.377865 0.487963 0.007812 0.038889
1 0.242188 0.549537 0.015625 0.100926
1 0.629948 0.475926 0.008854 0.037037
1 0.390104 0.493981 0.010417 0.050926
1 0.404687 0.500926 0.010417 0.051852
1 0.366406 0.493056 0.009896 0.056481
1 0.815104 0.498148 0.011458 0.053704
1 0.820052 0.497685 0.007812 0.054630
1 0.653646 0.489352 0.011458 0.043519
1 0.663802 0.491667 0.009896 0.044444
1 0.706510 0.493519 0.011979 0.046296
1 0.735156 0.499537 0.011979 0.049074
1 0.221875 0.556944 0.015625 0.078704
1 0.828125 0.500000 0.012500 0.050000
