1 0.895312 0.639352 0.040625 0.175000
1 0.937500 0.565278 0.026042 0.095370
1 0.896354 0.544444 0.019792 0.092593
1 0.117708 0.590741 0.026042 0.124074
1 0.146094 0.592593 0.024479 0.124074
1 0.227083 0.575926 0.020833 0.103704
1 0.209115 0.575926 0.018229 0.098148
1 0.268229 0.555556 0.019792 0.094444
1 0.255990 0.568056 0.020313 0.110185
1 0.810677 0.507407 0.013021 0.046296
1 0.719792 0.518056 0.013542 0.060185
1 0.795312 0.507870 0.011458 0.049074
1 0.498698 0.478241 0.005729 0.028704
1 0.214844 0.531944 0.013021 0.073148
1 0.360677 0.499537 0.008854 0.037963
1 0.212500 0.562963 0.021875 0.105556
1 0.617969 0.482407 0.008854 0.038889
1 0.375260 0.504167 0.009896 0.052778
1 0.389062 0.508333 0.010417 0.053704
1 0.350521 0.502315 0.010417 0.058333
1 0.800000 0.503241 0.012500 0.054630
1 0.806250 0.500926 0.011458 0.051852
1 0.643229 0.493056 0.011458 0.043519
1 0.650781 0.493519 0.009896 0.044444
1 0.693490 0.500463 0.010937 0.047222
1 0.732031 0.503241 0.009896 0.049074
1 0.722396 0.504630 0.011458 0.050000
1 0.192708 0.573611 0.015625 0.084259
1 0.836979 0.504630 0.012500 0.057407
1 0.814063 0.505093 0.009375 0.049074
