1 0.599219 0.374074 0.033854 0.146296
1 0.528906 0.357870 0.029687 0.134259
1 0.505729 0.357407 0.023958 0.148148
1 0.789844 0.599537 0.121354 0.675000
1 0.948698 0.612037 0.143229 0.711111
1 0.374219 0.360648 0.034896 0.180556
1 0.539062 0.357407 0.022917 0.120370
1 0.553125 0.328241 0.010417 0.041667
1 0.036979 0.380093 0.040625 0.182407
1 0.576562 0.350926 0.026042 0.124074
1 0.906250 0.459259 0.097917 0.462963
1 0.587760 0.351389 0.019271 0.110185
1 0.642708 0.350463 0.017708 0.106481
1 0.297656 0.347685 0.026562 0.137963
1 0.283333 0.353704 0.020833 0.118519
1 0.155208 0.325000 0.014583 0.074074
1 0.163802 0.349074 0.020313 0.109259
7 0.492708 0.342593 0.018750 0.050000
1 0.174740 0.322685 0.017188 0.071296
1 0.437500 0.329167 0.011458 0.056481
1 0.424219 0.334259 0.008854 0.061111
1 0.391406 0.325926 0.010937 0.051852
1 0.404167 0.329630 0.011458 0.048148
