0 0.846094 0.654630 0.051562 0.214815
0 0.357552 0.648148 0.047396 0.231481
0 0.916406 0.516667 0.038021 0.196296
0 0.472135 0.980093 0.040104 0.134259
0 0.351042 0.816667 0.036458 0.231481
2 0.377865 0.242593 0.040104 0.103704
2 0.367969 0.325463 0.029687 0.112037
0 0.426823 0.205093 0.031771 0.162037
0 0.336979 0.125463 0.020833 0.128704
0 0.193490 0.243519 0.025521 0.157407
0 0.164062 0.242593 0.033333 0.175926
0 0.405729 0.141204 0.029167 0.147222
0 0.399219 0.115278 0.028646 0.156481
2 0.651563 0.081481 0.031250 0.109259
0 0.304948 0.187500 0.031771 0.158333
0 0.200000 0.178704 0.025000 0.159259
0 0.163021 0.192593 0.026042 0.155556
0 0.190365 0.165741 0.024479 0.161111
0 0.135156 0.200000 0.025521 0.151852
0 0.122135 0.181481 0.025521 0.166667
0 0.148958 0.167130 0.028125 0.160185
0 0.176563 0.150000 0.026042 0.150000
0 0.118750 0.173148 0.020833 0.159259
0 0.163281 0.618519 0.039062 0.220370
0 0.568750 0.633333 0.040625 0.231481
0 0.528646 0.652778 0.036458 0.222222
0 0.816146 0.117593 0.033333 0.151852
0 0.756771 0.116204 0.025000 0.145370
0 0.782031 0.108333 0.031771 0.140741
0 0.241927 0.319907 0.027604 0.176852
0 0.214583 0.322222 0.037500 0.164815
0 0.146615 0.136574 0.023438 0.160185
0 0.262240 0.184722 0.029687 0.163889
0 0.235937 0.183333 0.028125 0.159259
0 0.265104 0.165741 0.027083 0.157407
