1 0.457813 0.357407 0.030208 0.150000
1 0.215625 0.424074 0.106250 0.392593
1 0.506771 0.363889 0.029167 0.140741
1 0.578646 0.327778 0.016667 0.066667
1 0.647396 0.365278 0.029167 0.208333
1 0.341146 0.350000 0.020833 0.094444
1 0.636198 0.367593 0.026562 0.190741
1 0.126042 0.366667 0.037500 0.137037
1 0.076042 0.377315 0.050000 0.152778
1 0.526302 0.326389 0.014063 0.058333
1 0.278385 0.375000 0.023438 0.161111
1 0.544792 0.323148 0.009375 0.038889
1 0.533073 0.318056 0.008854 0.041667
7 0.482812 0.350926 0.023958 0.064815
7 0.502344 0.354167 0.021354 0.063889
1 0.378385 0.333333 0.015104 0.066667
1 0.357031 0.337037 0.017188 0.077778
1 0.373958 0.330093 0.012500 0.060185
1 0.384375 0.336574 0.011458 0.058333
