1 0.738542 0.636111 0.054167 0.224074
1 0.251042 0.262500 0.038542 0.195370
1 0.081250 0.632407 0.043750 0.227778
1 0.915885 0.519907 0.040104 0.193519
1 0.504167 0.964815 0.036458 0.262963
1 0.352083 0.820370 0.047917 0.231481
7 0.377865 0.242593 0.040104 0.103704
7 0.367969 0.325463 0.029687 0.112037
1 0.429427 0.218519 0.030729 0.161111
1 0.785937 0.123611 0.027083 0.137963
1 0.619271 0.182407 0.026042 0.151852
1 0.579167 0.192593 0.029167 0.166667
1 0.281510 0.192130 0.026562 0.163889
1 0.502865 0.195370 0.035937 0.164815
1 0.069271 0.410648 0.025000 0.173148
1 0.050781 0.392130 0.043229 0.186111
1 0.430729 0.405093 0.041667 0.189815
1 0.461458 0.408333 0.039583 0.175926
1 0.493490 0.178704 0.019271 0.142593
1 0.415885 0.172222 0.027604 0.151852
1 0.380729 0.072222 0.027083 0.150000
1 0.295833 0.023148 0.021875 0.124074
7 0.327344 0.029167 0.031771 0.071296
1 0.131250 0.532407 0.030208 0.188889
7 0.651563 0.082407 0.031250 0.109259
1 0.322135 0.432407 0.031771 0.187037
1 0.276042 0.436574 0.036458 0.204630
1 0.266667 -0.012500 0.026042 0.137963
1 0.224219 -0.014815 0.022396 0.142593
1 0.293750 0.136574 0.023958 0.154630
1 0.195312 0.119907 0.027083 0.150926
1 0.198698 0.180093 0.026562 0.162037
1 0.345573 0.358796 0.028646 0.162037
1 0.164583 0.194907 0.027083 0.156481
1 0.187500 0.163426 0.022917 0.158333
1 0.124479 0.193519 0.028125 0.151852
1 0.144531 0.173148 0.023438 0.164815
1 0.160938 0.158333 0.029167 0.155556
1 0.152083 0.142593 0.028125 0.153704
1 0.117188 0.174074 0.020833 0.159259
1 0.467708 -0.031944 0.018750 0.128704
1 0.200521 0.067593 0.028125 0.148148
1 0.223177 0.597222 0.045312 0.224074
1 0.998698 0.687037 0.039062 0.214815
1 0.844531 0.068981 0.028646 0.132407
1 0.125000 0.781944 0.043750 0.236111
1 0.105729 0.721759 0.052083 0.230556
7 0.645833 0.076852 0.032292 0.090741
