1 0.526563 0.411111 0.036458 0.159259
1 0.469271 0.391667 0.026042 0.120370
1 0.417448 0.383796 0.020313 0.112037
1 1.007812 0.572222 0.093750 0.550000
1 0.053125 0.438426 0.054167 0.226852
1 0.304167 0.400463 0.035417 0.136111
1 0.465104 0.387963 0.021875 0.109259
1 -0.000521 0.459259 0.035417 0.187037
1 0.476302 0.377778 0.018229 0.094444
1 0.171875 0.405556 0.028125 0.122222
1 0.573698 0.387963 0.030729 0.151852
1 0.514844 0.379167 0.016146 0.104630
1 0.275781 0.387500 0.016146 0.097222
1 0.264062 0.387037 0.014583 0.079630
1 0.427865 0.369907 0.013021 0.063889
1 0.090885 0.378241 0.010937 0.062037
1 0.118490 0.397222 0.017188 0.094444
7 0.376302 0.376852 0.017188 0.044444
7 0.390104 0.382407 0.015625 0.044444
1 0.115365 0.375926 0.011979 0.059259
7 0.799219 0.402778 0.027604 0.127778
1 0.285156 0.377315 0.013021 0.050926
