1 0.846354 0.656481 0.052083 0.218519
1 0.330729 0.620370 0.047917 0.220370
1 0.916146 0.519907 0.039583 0.195370
1 0.489583 0.988426 0.041667 0.221296
1 0.351042 0.816667 0.036458 0.231481
7 0.377865 0.242593 0.040104 0.103704
7 0.367969 0.325463 0.029687 0.112037
1 0.431510 0.208333 0.036979 0.157407
1 0.337240 0.125463 0.020313 0.128704
1 0.214062 0.234722 0.025000 0.152778
1 0.243750 0.243056 0.030208 0.178704
1 0.404948 0.143519 0.026562 0.148148
1 0.396354 0.110648 0.028125 0.152778
1 0.302083 0.015741 0.028125 0.124074
7 0.327344 0.029167 0.031771 0.071296
7 0.651563 0.081481 0.031250 0.109259
1 0.296094 0.188889 0.030729 0.155556
1 0.172917 0.051389 0.019792 0.137963
1 0.211458 0.178241 0.029167 0.160185
1 0.164062 0.195370 0.026042 0.155556
1 0.199219 0.159722 0.023438 0.162037
1 0.134635 0.206944 0.026562 0.147222
1 0.117188 0.181944 0.023958 0.169444
1 0.151823 0.161574 0.031771 0.156481
1 0.190625 0.146296 0.026042 0.150000
1 0.119792 0.164352 0.020833 0.158333
1 0.467187 -0.025463 0.026042 0.147222
1 0.207552 0.954167 0.051562 0.252778
1 0.499740 0.348611 0.034896 0.191667
1 0.455469 0.356019 0.033854 0.184259
1 0.625260 0.693056 0.047396 0.241667
1 0.927604 0.742593 0.048958 0.225926
1 0.939844 0.697222 0.041146 0.229630
1 0.759115 0.001852 0.029687 0.133333
1 0.719271 -0.001852 0.022917 0.137037
1 0.965885 0.280556 0.030729 0.174074
1 0.895312 0.238426 0.028125 0.162037
1 0.777865 -0.026389 0.024479 0.113889
1 0.782031 0.247685 0.032813 0.147222
1 0.654167 0.219444 0.030208 0.155556
1 0.458333 -0.000463 0.028125 0.147222
1 0.418229 -0.008333 0.023958 0.142593
1 0.407552 0.011111 0.026562 0.135185
1 0.277604 0.159259 0.028125 0.140741
1 0.214323 0.542130 0.031771 0.210185
1 0.176042 0.546759 0.046875 0.189815
1 0.242708 0.142593 0.032292 0.159259
1 0.257552 0.110185 0.030729 0.151852
1 0.214062 0.069907 0.030208 0.141667
1 0.238542 0.068056 0.025000 0.139815
1 0.221354 0.358796 0.038542 0.180556
1 0.173698 0.363426 0.032813 0.182407
1 0.275781 0.347685 0.033854 0.169444
1 0.390885 -0.001852 0.028646 0.124074
