1 0.613021 0.368981 0.030208 0.132407
1 0.446875 0.368056 0.030208 0.162037
1 0.130729 0.510185 0.157292 0.546296
1 0.490885 0.368519 0.026562 0.144444
1 0.702604 0.400926 0.043750 0.296296
1 0.361979 0.361111 0.019792 0.100000
1 0.686458 0.398611 0.041667 0.260185
1 0.534896 0.343981 0.014583 0.060185
1 0.197135 0.417593 0.032813 0.238889
1 0.559635 0.339815 0.009896 0.044444
1 0.546615 0.337963 0.010937 0.051852
7 0.507812 0.375463 0.022917 0.071296
1 0.331771 0.347222 0.016667 0.066667
1 0.380208 0.344907 0.012500 0.060185
1 0.391146 0.343056 0.011458 0.058333
