1 0.735677 0.637500 0.053646 0.223148
1 0.232031 0.422685 0.043229 0.213889
1 0.074740 0.623611 0.043229 0.230556
1 0.916406 0.519907 0.039062 0.193519
1 0.643750 0.997685 0.043750 0.202778
1 0.354167 0.820833 0.052083 0.232407
7 0.377865 0.242593 0.040104 0.103704
7 0.367969 0.325463 0.029687 0.112037
1 0.429688 0.218519 0.031250 0.161111
1 0.997135 0.363426 0.036979 0.176852
1 0.788802 0.132407 0.027604 0.135185
1 0.809635 0.278704 0.026562 0.162963
1 0.776302 0.279167 0.033854 0.178704
1 0.447917 0.262500 0.044792 0.158333
1 0.537240 0.251852 0.035937 0.161111
1 0.090104 0.420833 0.028125 0.175000
1 0.091667 0.398148 0.036458 0.188889
1 0.457292 0.236111 0.029167 0.172222
1 0.478906 0.243519 0.028646 0.155556
1 0.552083 -0.030556 0.023958 0.112963
1 0.534115 -0.030093 0.022396 0.110185
1 0.716667 0.269444 0.020833 0.153704
1 0.686719 0.239352 0.030729 0.152778
1 0.380469 0.070833 0.027604 0.150926
1 0.296094 0.022222 0.019271 0.120370
7 0.327344 0.029167 0.031771 0.071296
1 0.023177 0.802315 0.034896 0.212037
7 0.651563 0.080093 0.031250 0.106481
1 0.272917 0.250463 0.028125 0.163889
1 0.274219 0.264352 0.040104 0.178704
1 0.240365 0.100926 0.025521 0.146296
1 0.212760 0.112037 0.026562 0.151852
1 0.292708 0.136574 0.022917 0.154630
1 0.267188 0.112963 0.028125 0.148148
1 0.199219 0.179167 0.027604 0.163889
1 0.252083 0.172222 0.028125 0.142593
1 0.162500 0.192593 0.027083 0.157407
1 0.189323 0.160648 0.022396 0.160185
1 0.122656 0.196296 0.025521 0.151852
1 0.145833 0.169907 0.023958 0.171296
1 0.151562 0.153241 0.030208 0.156481
1 0.152083 0.142593 0.028125 0.153704
1 0.117708 0.174074 0.020833 0.159259
1 0.487240 -0.045833 0.020313 0.106481
1 0.229427 0.979167 0.051562 0.239815
7 0.648438 0.072222 0.034375 0.101852
