1 0.655469 0.520370 0.013021 0.062963
1 0.704167 0.520833 0.010417 0.058333
1 0.819271 0.567593 0.021875 0.107407
1 0.793750 0.564352 0.022917 0.091667
1 0.773698 0.570370 0.013021 0.094444
1 0.785417 0.570833 0.021875 0.097222
1 0.693490 0.525000 0.009896 0.061111
1 0.760156 0.829167 0.049479 0.271296
1 0.785677 0.776389 0.051562 0.239815
1 0.656510 0.702315 0.036979 0.212037
1 0.810677 0.575463 0.017188 0.093519
1 0.672656 0.718056 0.041146 0.223148
1 0.720833 0.578704 0.020833 0.098148
1 0.750000 0.572222 0.026042 0.096296
1 0.920312 0.635185 0.033333 0.148148
1 0.806510 0.752315 0.052604 0.226852
1 0.944010 0.628704 0.031771 0.144444
1 0.920573 0.615278 0.029687 0.147222
1 0.709635 0.570370 0.025521 0.098148
