1 0.852344 0.684722 0.052604 0.225000
1 0.258854 0.150463 0.035417 0.176852
1 0.386719 0.625463 0.047396 0.219444
1 0.915365 0.519907 0.041146 0.193519
1 0.530990 0.976389 0.046354 0.247222
1 0.351042 0.816667 0.036458 0.231481
7 0.377865 0.242593 0.040104 0.103704
7 0.367969 0.325463 0.029687 0.112037
1 0.428906 0.218519 0.028646 0.159259
1 0.772135 0.001389 0.026562 0.121296
1 0.537240 0.105556 0.027604 0.148148
1 0.508073 0.093519 0.030729 0.157407
1 0.264062 0.136111 0.026042 0.148148
1 0.491146 0.034259 0.030208 0.140741
1 0.070052 0.410648 0.026562 0.173148
1 0.058073 0.391667 0.029687 0.185185
1 0.472396 0.601389 0.054167 0.217593
1 0.504948 0.603241 0.042188 0.199074
1 0.405990 0.160185 0.030729 0.116667
1 0.386198 0.162500 0.032813 0.154630
1 0.386719 0.055093 0.025521 0.136111
1 0.297135 0.022685 0.021354 0.123148
7 0.327344 0.029167 0.031771 0.071296
1 0.120313 0.334259 0.028125 0.162963
7 0.651563 0.082407 0.031250 0.109259
1 0.233333 0.673611 0.038542 0.219444
1 0.177604 0.654167 0.041667 0.230556
1 0.301302 0.138889 0.029687 0.151852
1 0.182552 0.128241 0.030729 0.150926
1 0.200521 0.181481 0.027083 0.162963
1 0.643490 0.544907 0.028646 0.187963
1 0.162500 0.195370 0.027083 0.157407
1 0.191927 0.162037 0.026562 0.159259
1 0.131510 0.203704 0.034896 0.142593
1 0.135417 0.187500 0.036458 0.154630
1 0.154427 0.156481 0.028646 0.161111
1 0.147656 0.141667 0.025521 0.151852
1 0.117708 0.174074 0.020833 0.159259
1 0.446615 0.042130 0.027604 0.149074
1 0.234896 0.162963 0.026042 0.161111
1 0.259896 0.337963 0.037500 0.187037
1 0.923438 0.471759 0.034375 0.191667
1 0.809896 0.006481 0.029167 0.137037
1 0.938021 0.189815 0.031250 0.153704
1 0.946875 0.140741 0.035417 0.153704
1 0.990365 0.143981 0.040104 0.160185
1 0.876563 0.129167 0.034375 0.154630
1 0.320573 1.040741 0.045312 0.118519
1 0.232813 0.036111 0.020833 0.129630
1 0.204167 0.043056 0.033333 0.128704
1 0.721615 -0.035185 0.031771 0.127778
7 0.646615 0.074537 0.032813 0.086111
1 0.651302 0.075926 0.033854 0.083333
