1 0.845052 0.652778 0.034896 0.216667
1 0.250521 0.069444 0.033333 0.162963
1 0.435677 0.672222 0.040104 0.235185
1 0.915365 0.519907 0.041146 0.197222
1 0.558333 0.982407 0.043750 0.235185
1 0.351042 0.816667 0.036458 0.231481
7 0.377865 0.242593 0.040104 0.103704
7 0.367969 0.325463 0.029687 0.112037
1 0.422656 0.213889 0.032813 0.157407
1 0.529687 0.031019 0.027083 0.137963
1 0.497917 0.021296 0.028125 0.146296
1 0.320312 0.129167 0.018750 0.136111
1 0.107031 0.375463 0.033854 0.176852
1 0.078385 0.353241 0.027604 0.193519
1 0.540885 0.811574 0.065104 0.239815
1 0.572656 0.818056 0.042188 0.221296
1 0.405208 0.148611 0.023958 0.137963
1 0.417708 0.153704 0.027083 0.155556
1 0.297135 0.022222 0.021354 0.122222
7 0.327344 0.029167 0.031771 0.071296
1 0.214844 0.219444 0.027604 0.151852
7 0.651563 0.082407 0.031250 0.109259
1 0.156250 0.906019 0.041667 0.239815
1 0.127604 0.875463 0.050000 0.258333
1 0.285938 0.179630 0.031250 0.159259
1 0.166146 0.114352 0.023958 0.150926
1 0.200521 0.182870 0.027083 0.162037
1 0.962240 0.723611 0.042188 0.199074
1 0.163802 0.193519 0.026562 0.157407
1 0.199479 0.167130 0.023958 0.162037
1 0.128646 0.200000 0.031250 0.146296
1 0.127344 0.182870 0.027604 0.160185
1 0.163021 0.163426 0.029167 0.160185
1 0.148438 0.146759 0.026042 0.145370
1 0.117708 0.174074 0.020833 0.159259
1 0.471094 0.028704 0.025521 0.150000
1 0.217708 0.277315 0.031250 0.176852
1 0.255208 0.183796 0.034375 0.167593
1 0.895573 0.363426 0.038021 0.182407
1 0.839844 0.342593 0.028646 0.172222
1 0.788802 0.064352 0.028646 0.132407
1 0.941667 0.288889 0.036458 0.161111
1 0.877865 0.075926 0.026562 0.148148
1 0.847396 0.068981 0.028125 0.158333
1 1.001562 0.315278 0.037500 0.178704
1 0.223177 0.111111 0.024479 0.150000
1 0.198958 0.116667 0.026042 0.138889
1 0.201302 -0.028241 0.023438 0.119444
1 0.219531 -0.013426 0.026562 0.141667
1 0.271094 -0.026852 0.023438 0.133333
7 0.647396 0.071759 0.033333 0.086111
