1 0.734375 0.637037 0.053125 0.224074
1 0.239844 0.353241 0.039062 0.200926
1 0.073698 0.623148 0.043229 0.231481
1 0.916146 0.519907 0.039583 0.193519
1 0.583594 0.974537 0.042188 0.239815
1 0.353646 0.820833 0.052083 0.232407
7 0.377865 0.242593 0.040104 0.103704
7 0.367969 0.325463 0.029687 0.112037
1 0.429688 0.218519 0.031250 0.161111
1 0.789323 0.131944 0.027604 0.136111
1 0.720313 0.240278 0.026042 0.149074
1 0.704948 0.248611 0.026562 0.167593
1 0.345052 0.240278 0.029687 0.147222
1 0.483333 0.284259 0.039583 0.175926
1 0.069010 0.410648 0.024479 0.173148
1 0.078906 0.393056 0.028646 0.187963
1 0.420312 0.295833 0.032292 0.173148
1 0.440885 0.302315 0.026562 0.158333
1 0.639583 0.235185 0.023958 0.150000
1 0.576302 0.207870 0.027604 0.162037
1 0.380469 0.071296 0.027604 0.150000
1 0.298177 0.020833 0.022396 0.125000
7 0.327344 0.029167 0.031771 0.071296
1 0.081771 0.694907 0.033333 0.200926
7 0.651563 0.081944 0.031250 0.108333
1 0.310677 0.312037 0.028646 0.174074
1 0.291406 0.329167 0.033854 0.191667
1 0.246094 0.059259 0.024479 0.140741
1 0.209375 0.053241 0.022917 0.147222
1 0.293229 0.136574 0.025000 0.154630
1 0.261979 0.111111 0.029167 0.148148
1 0.199479 0.178704 0.028125 0.162963
1 0.263802 0.242130 0.030729 0.156481
1 0.164062 0.193519 0.027083 0.157407
1 0.190104 0.163889 0.022917 0.162963
1 0.127604 0.192130 0.023958 0.152778
1 0.147656 0.169907 0.026562 0.171296
1 0.161198 0.151852 0.028646 0.155556
1 0.153125 0.142593 0.028125 0.153704
1 0.117188 0.174074 0.020833 0.159259
1 0.488802 -0.045370 0.021354 0.107407
1 0.202083 -0.001852 0.020833 0.142593
1 0.230208 0.824537 0.050000 0.249074
1 0.791146 -0.007870 0.025000 0.126852
7 0.646875 0.075926 0.033333 0.096296
