1 0.849740 0.683333 0.052604 0.224074
1 0.256510 0.145370 0.034896 0.175926
1 0.395573 0.626852 0.040104 0.216667
1 0.915365 0.519907 0.041146 0.193519
1 0.532031 0.977315 0.047396 0.239815
1 0.351042 0.816667 0.036458 0.231481
7 0.377865 0.242593 0.040104 0.103704
7 0.367969 0.325463 0.029687 0.112037
1 0.428646 0.218519 0.028125 0.159259
1 0.772656 -0.009722 0.026562 0.121296
1 0.538281 0.100926 0.027604 0.148148
1 0.507031 0.087500 0.029687 0.156481
1 0.265104 0.131944 0.022917 0.149074
1 0.487500 0.023611 0.028125 0.139815
1 0.070052 0.410648 0.026562 0.173148
1 0.059375 0.391204 0.027083 0.184259
1 0.474479 0.612500 0.054167 0.215741
1 0.508333 0.619444 0.040625 0.200000
1 0.404948 0.155093 0.027604 0.128704
1 0.387240 0.162500 0.031771 0.156481
1 0.386198 0.047685 0.025521 0.136111
1 0.297135 0.022685 0.021354 0.123148
7 0.327344 0.029167 0.031771 0.071296
1 0.123438 0.323611 0.028125 0.163889
7 0.651563 0.082407 0.031250 0.109259
1 0.225521 0.684259 0.037500 0.218519
1 0.173698 0.672222 0.046354 0.237037
1 0.299479 0.141667 0.029167 0.151852
1 0.182552 0.129167 0.030729 0.150926
1 0.200521 0.181481 0.027083 0.162963
1 0.662240 0.560648 0.043229 0.187963
1 0.163021 0.194444 0.027083 0.157407
1 0.191667 0.162500 0.027083 0.160185
1 0.133333 0.201852 0.037500 0.142593
1 0.134635 0.182407 0.033854 0.161111
1 0.157552 0.156481 0.028646 0.161111
1 0.147917 0.141667 0.026042 0.151852
1 0.117708 0.174074 0.020833 0.159259
1 0.448177 0.044907 0.024479 0.150926
1 0.235156 0.172685 0.027604 0.160185
1 0.255469 0.324074 0.044271 0.185185
1 0.995833 0.489352 0.038542 0.178704
1 0.916406 0.462963 0.033854 0.190741
1 0.807292 0.011111 0.029167 0.137037
1 0.934375 0.195833 0.029167 0.150926
1 0.948438 0.140741 0.035417 0.153704
1 0.971354 0.146296 0.041667 0.157407
1 0.884896 0.143056 0.037500 0.160185
1 0.232552 0.045370 0.021354 0.135185
1 0.203646 0.044444 0.035417 0.127778
1 0.721615 -0.034722 0.030729 0.126852
7 0.646615 0.074537 0.032813 0.086111
1 0.651302 0.075926 0.033854 0.083333
