0 0.848698 0.650000 0.035937 0.216667
0 0.407552 0.662963 0.042188 0.225926
0 0.917188 0.518519 0.039583 0.194444
0 0.551042 0.981944 0.043750 0.135185
0 0.351042 0.816667 0.036458 0.231481
2 0.377865 0.242593 0.040104 0.103704
2 0.367969 0.325463 0.029687 0.112037
0 0.427083 0.214815 0.033333 0.157407
0 0.331510 0.127778 0.021354 0.133333
0 0.120052 0.356944 0.032813 0.173148
0 0.087500 0.339815 0.028125 0.187037
0 0.560417 0.854167 0.058333 0.243519
0 0.595573 0.854630 0.049479 0.218519
0 0.404948 0.144907 0.022396 0.139815
0 0.435417 0.144444 0.029167 0.153704
0 0.238281 0.200000 0.025521 0.146296
2 0.651563 0.082407 0.031250 0.109259
0 0.148698 0.953704 0.042188 0.166667
0 0.160417 0.908796 0.050000 0.219444
0 0.296094 0.186574 0.029687 0.154630
0 0.173177 0.105093 0.027604 0.149074
0 0.200521 0.183333 0.027083 0.161111
0 0.163281 0.193056 0.025521 0.156481
0 0.196094 0.167130 0.024479 0.163889
0 0.127604 0.200463 0.028125 0.147222
0 0.125260 0.182870 0.027604 0.160185
0 0.162760 0.165741 0.028646 0.155556
0 0.156771 0.145833 0.026042 0.145370
0 0.117708 0.174074 0.020833 0.159259
0 0.212240 0.301389 0.032813 0.178704
0 0.257812 0.162963 0.033333 0.166667
0 0.886458 0.342130 0.037500 0.184259
0 0.829688 0.320370 0.028125 0.172222
0 0.788542 0.070370 0.030208 0.131481
0 0.965365 0.306944 0.035937 0.162037
0 0.229427 0.125926 0.023438 0.155556
0 0.204948 0.133796 0.026562 0.139815
2 0.647135 0.071296 0.032813 0.085185
