1 0.506771 0.421296 0.036458 0.159259
1 0.446354 0.405093 0.026042 0.121296
1 0.387240 0.398148 0.019271 0.105556
1 0.979948 0.577778 0.141146 0.525926
1 0.034896 0.448148 0.051042 0.220370
1 0.263542 0.406944 0.035417 0.132407
1 0.436979 0.403704 0.021875 0.107407
1 0.137500 0.418519 0.029167 0.129630
1 0.538281 0.397685 0.026562 0.139815
1 0.482552 0.389352 0.016146 0.102778
1 0.249219 0.397222 0.017188 0.094444
1 0.238802 0.398611 0.013021 0.078704
1 0.398958 0.382870 0.013542 0.063889
1 0.060677 0.386111 0.010937 0.062963
1 0.084115 0.406481 0.017188 0.094444
7 0.347396 0.389815 0.018750 0.048148
7 0.357292 0.389815 0.015625 0.044444
7 0.758333 0.410648 0.026042 0.128704
