0 0.844792 0.654630 0.048958 0.214815
0 0.302344 0.610185 0.048438 0.222222
0 0.914583 0.518981 0.048958 0.193519
0 0.518229 0.982407 0.039583 0.133333
0 0.351042 0.816667 0.036458 0.231481
2 0.377865 0.242593 0.040104 0.103704
2 0.367969 0.325463 0.029687 0.112037
0 0.433594 0.213426 0.033854 0.156481
0 0.333854 0.126852 0.019792 0.131481
0 0.145573 0.316667 0.030729 0.170370
0 0.114844 0.309722 0.036979 0.186111
0 0.605729 0.971296 0.053125 0.148148
0 0.641406 0.976389 0.048438 0.135185
0 0.403125 0.145370 0.021875 0.140741
0 0.413542 0.124537 0.027083 0.160185
0 0.271094 0.148148 0.023438 0.144444
2 0.651563 0.082407 0.031250 0.109259
0 0.301302 0.183796 0.029687 0.163889
0 0.157292 0.073611 0.030208 0.145370
0 0.200521 0.183333 0.026042 0.159259
0 0.163021 0.193056 0.025000 0.156481
0 0.199219 0.166204 0.024479 0.158333
0 0.132812 0.198611 0.025000 0.147222
0 0.120052 0.181019 0.026562 0.167593
0 0.151042 0.166204 0.029167 0.162037
0 0.157812 0.143519 0.027083 0.151852
0 0.197917 0.368981 0.033333 0.187963
0 0.265885 0.100926 0.031771 0.161111
0 0.865625 0.277315 0.039583 0.175000
0 0.811198 0.261574 0.030729 0.165741
0 0.786458 0.071296 0.030208 0.131481
0 0.246875 0.157870 0.023958 0.158333
0 0.228125 0.167130 0.023958 0.139815
