1 0.734375 0.637037 0.053125 0.224074
1 0.239583 0.351852 0.038542 0.201852
1 0.073698 0.622222 0.043229 0.231481
1 0.916146 0.519907 0.039583 0.193519
1 0.581510 0.974537 0.042188 0.241667
1 0.353646 0.820833 0.052083 0.232407
7 0.377865 0.242593 0.040104 0.103704
7 0.367969 0.325463 0.029687 0.112037
1 0.429688 0.218519 0.031250 0.161111
1 0.789323 0.131944 0.027604 0.136111
1 0.717187 0.238889 0.026042 0.148148
1 0.702865 0.247685 0.026562 0.167593
1 0.342187 0.239815 0.031250 0.146296
1 0.482031 0.284722 0.041146 0.178704
1 0.069010 0.410648 0.024479 0.173148
1 0.078906 0.393056 0.028646 0.187963
1 0.419010 0.297222 0.031771 0.172222
1 0.439583 0.304167 0.027083 0.158333
1 0.638021 0.234259 0.025000 0.150000
1 0.573438 0.207407 0.032292 0.161111
1 0.380469 0.071296 0.027604 0.150000
1 0.298698 0.020833 0.023438 0.125000
7 0.327344 0.029167 0.031771 0.071296
1 0.086458 0.692593 0.036458 0.200000
7 0.651563 0.081944 0.031250 0.108333
1 0.312240 0.313426 0.028646 0.175000
1 0.291406 0.330093 0.032813 0.191667
1 0.246615 0.057407 0.024479 0.140741
1 0.209896 0.053241 0.022917 0.147222
1 0.293229 0.136574 0.025000 0.154630
1 0.261719 0.110185 0.028646 0.148148
1 0.199479 0.178704 0.028125 0.162963
1 0.263802 0.243981 0.030729 0.156481
1 0.164062 0.193519 0.027083 0.157407
1 0.190104 0.163889 0.022917 0.162963
1 0.127344 0.192130 0.024479 0.152778
1 0.148177 0.169907 0.026562 0.171296
1 0.161719 0.151852 0.028646 0.155556
1 0.153125 0.142593 0.028125 0.153704
1 0.117188 0.174074 0.020833 0.159259
1 0.489063 -0.045370 0.021875 0.107407
1 0.202344 -0.000926 0.021354 0.142593
1 0.229167 0.820833 0.051042 0.249074
1 0.791667 -0.006019 0.025000 0.126852
7 0.646615 0.075926 0.032813 0.096296
