1 0.846615 0.654630 0.052604 0.214815
1 0.356250 0.648611 0.041667 0.225000
1 0.916146 0.518056 0.039583 0.195370
1 0.492448 0.988889 0.042188 0.220370
1 0.351042 0.816667 0.036458 0.231481
7 0.377865 0.242593 0.040104 0.103704
7 0.367969 0.325463 0.029687 0.112037
1 0.432292 0.208333 0.038542 0.157407
1 0.337240 0.125463 0.020313 0.128704
1 0.195312 0.235648 0.026042 0.154630
1 0.174479 0.239352 0.034375 0.176852
1 0.406250 0.142130 0.026042 0.147222
1 0.400521 0.116204 0.025000 0.154630
1 0.301823 0.017130 0.028646 0.121296
7 0.327344 0.029167 0.031771 0.071296
7 0.651563 0.081481 0.031250 0.109259
1 0.304948 0.187963 0.029687 0.157407
1 0.174740 0.050000 0.023438 0.138889
1 0.208073 0.177315 0.027604 0.158333
1 0.163542 0.193981 0.026042 0.154630
1 0.196875 0.164352 0.023958 0.160185
1 0.139583 0.200000 0.029167 0.151852
1 0.123698 0.181019 0.025521 0.171296
1 0.140885 0.165741 0.027604 0.159259
1 0.186979 0.148148 0.026042 0.150000
1 0.119271 0.167593 0.020833 0.159259
1 0.467187 -0.025463 0.026042 0.147222
1 0.182812 0.757407 0.046875 0.237037
1 0.520833 0.487500 0.032292 0.210185
1 0.470833 0.502778 0.032292 0.203704
1 0.706250 0.934259 0.050000 0.240741
1 0.933073 0.739815 0.049479 0.222222
1 0.963802 0.701852 0.036979 0.235185
1 0.796615 0.059259 0.029687 0.137037
1 0.758594 0.064815 0.023438 0.137037
1 0.907031 0.160648 0.027604 0.162037
1 0.845573 0.129630 0.027604 0.146296
1 0.786458 0.167593 0.030208 0.142593
1 0.593750 0.100926 0.031250 0.148148
1 0.435417 -0.029167 0.022917 0.130556
1 0.410156 -0.027778 0.024479 0.133333
1 0.386979 0.011111 0.033333 0.125926
1 0.256250 0.078704 0.023958 0.135185
1 0.230990 0.413889 0.029687 0.190741
1 0.191406 0.412500 0.044271 0.171296
1 0.232813 0.141204 0.027083 0.162037
1 0.231250 0.028704 0.035417 0.131481
1 0.212760 0.005556 0.021354 0.122222
1 0.145833 0.047222 0.027083 0.127778
1 0.263281 0.268056 0.034896 0.173148
1 0.214062 0.262963 0.028125 0.170370
1 0.259896 0.241204 0.033333 0.160185
1 0.394010 -0.012500 0.023438 0.128704
