1 0.608333 0.370370 0.031250 0.131481
1 0.434375 0.371296 0.030208 0.150000
1 0.218229 0.440741 0.111458 0.425926
1 0.490104 0.375926 0.029167 0.140741
1 0.569531 0.350000 0.016146 0.070370
1 0.642969 0.388889 0.032813 0.224074
1 0.325521 0.357407 0.020833 0.094444
1 0.629948 0.388426 0.031771 0.200926
1 0.045833 0.386574 0.037500 0.141667
1 0.511198 0.346759 0.014063 0.058333
1 0.532031 0.340278 0.010937 0.037963
1 0.516667 0.341204 0.010417 0.043519
7 0.466146 0.367130 0.023958 0.067593
7 0.485677 0.370833 0.021354 0.063889
1 0.349219 0.350926 0.015104 0.066667
1 0.321875 0.348611 0.018750 0.076852
1 0.355469 0.349074 0.011979 0.059259
1 0.367188 0.350463 0.011458 0.058333
