1 0.845573 0.654630 0.050521 0.214815
1 0.293490 0.641204 0.045312 0.228704
1 0.916406 0.517130 0.042188 0.191667
1 0.475781 0.992130 0.045312 0.215741
1 0.351042 0.816667 0.036458 0.231481
7 0.377865 0.242593 0.040104 0.103704
7 0.367969 0.325463 0.029687 0.112037
1 0.423698 0.205093 0.032813 0.158333
1 0.336979 0.125463 0.020833 0.128704
1 0.185677 0.258796 0.027604 0.158333
1 0.155990 0.252315 0.028646 0.180556
1 0.403646 0.144444 0.025000 0.140741
1 0.404427 0.118981 0.028646 0.158333
1 0.299740 0.018981 0.025521 0.121296
7 0.327344 0.029167 0.031771 0.071296
1 0.252083 0.041667 0.021875 0.129630
7 0.651563 0.081481 0.031250 0.109259
1 0.299479 0.187500 0.032292 0.160185
1 0.174740 0.049074 0.023438 0.138889
1 0.200000 0.180556 0.025000 0.159259
1 0.163021 0.192593 0.026042 0.155556
1 0.194531 0.170370 0.024479 0.161111
1 0.134896 0.200463 0.025000 0.150926
1 0.121615 0.180093 0.025521 0.169444
1 0.147917 0.165278 0.029167 0.162037
1 0.167708 0.151852 0.027083 0.151852
1 0.118229 0.174074 0.020833 0.159259
1 0.467187 -0.025463 0.026042 0.147222
1 0.176042 0.540278 0.039583 0.206481
1 0.226302 -0.035185 0.030729 0.127778
1 0.617969 0.730093 0.049479 0.243519
1 0.581250 0.747222 0.040625 0.238889
1 0.836458 0.156944 0.032292 0.160185
1 0.770573 0.153704 0.028646 0.150000
1 0.817448 0.023611 0.028646 0.126852
1 0.798698 -0.000463 0.022396 0.126852
1 0.792448 0.084259 0.029687 0.135185
1 0.382812 -0.036111 0.021875 0.120370
1 0.282031 -0.025000 0.019271 0.122222
1 0.251042 0.270370 0.027083 0.170370
1 0.223958 0.272222 0.035417 0.157407
1 0.146354 0.046759 0.025000 0.130556
1 0.255469 0.142593 0.029687 0.153704
1 0.224740 0.142130 0.028646 0.154630
1 0.253906 0.121296 0.025521 0.142593
1 0.450521 -0.001852 0.028125 0.133333
