1 0.491406 0.457870 0.109896 0.613889
1 0.196094 0.435648 0.074479 0.349074
1 0.280469 0.419907 0.064062 0.347222
1 0.358073 0.384259 0.022396 0.124074
1 0.380729 0.374537 0.026042 0.126852
1 0.723958 0.371296 0.023958 0.125926
1 0.551302 0.420370 0.059896 0.390741
1 0.973958 0.376389 0.020833 0.104630
1 0.948177 0.376852 0.019271 0.096296
1 0.868750 0.362963 0.014583 0.079630
1 0.855469 0.366204 0.016146 0.075000
1 0.418490 0.375000 0.024479 0.109259
1 0.688542 0.377315 0.020833 0.102778
1 0.693750 0.380093 0.016667 0.089815
