1 0.845573 0.654630 0.050521 0.214815
1 0.296354 0.641667 0.047917 0.227778
1 0.916927 0.516667 0.041146 0.192593
1 0.476302 0.992130 0.045312 0.215741
1 0.351042 0.816667 0.036458 0.231481
7 0.377865 0.242593 0.040104 0.103704
7 0.367969 0.325463 0.029687 0.112037
1 0.423438 0.204630 0.033333 0.159259
1 0.336979 0.125463 0.020833 0.128704
1 0.185417 0.257407 0.028125 0.157407
1 0.156510 0.250926 0.028646 0.179630
1 0.403385 0.143981 0.025521 0.141667
1 0.404167 0.118981 0.029167 0.158333
1 0.299740 0.018981 0.025521 0.121296
7 0.327344 0.029167 0.031771 0.071296
1 0.252083 0.040278 0.021875 0.130556
7 0.651563 0.081481 0.031250 0.109259
1 0.299740 0.187500 0.031771 0.160185
1 0.174740 0.049074 0.023438 0.138889
1 0.200000 0.180556 0.025000 0.159259
1 0.163021 0.192593 0.026042 0.155556
1 0.194531 0.170370 0.024479 0.161111
1 0.134635 0.200463 0.025521 0.150926
1 0.121615 0.180093 0.025521 0.169444
1 0.147917 0.165278 0.029167 0.162037
1 0.167969 0.151852 0.027604 0.151852
1 0.118229 0.174074 0.020833 0.159259
1 0.467187 -0.025463 0.026042 0.147222
1 0.175000 0.542593 0.039583 0.207407
1 0.224740 -0.035648 0.030729 0.126852
1 0.615365 0.725463 0.048438 0.241667
1 0.578646 0.741667 0.040625 0.237037
1 0.835417 0.154630 0.032292 0.159259
1 0.769010 0.152778 0.029687 0.150000
1 0.820312 0.023148 0.027083 0.127778
1 0.799219 0.003241 0.022396 0.130556
1 0.792448 0.085185 0.029687 0.135185
1 0.383333 -0.036111 0.021875 0.122222
1 0.281510 -0.024074 0.019271 0.122222
1 0.250521 0.273148 0.027083 0.170370
1 0.223698 0.274074 0.035937 0.159259
1 0.146354 0.046759 0.025000 0.130556
1 0.256771 0.143519 0.030208 0.153704
1 0.225781 0.143981 0.028646 0.154630
1 0.255469 0.122222 0.025521 0.142593
1 0.447917 -0.003241 0.027083 0.132407
