1 0.727604 0.481481 0.042708 0.229630
1 0.763021 0.475926 0.038542 0.162963
1 0.349479 0.485185 0.044792 0.196296
1 0.629167 0.439815 0.025000 0.112963
1 0.242188 0.480556 0.038542 0.168519
1 0.364063 0.478704 0.034375 0.172222
1 0.280729 0.487037 0.032292 0.159259
1 0.490365 0.444907 0.021354 0.104630
1 0.598437 0.445370 0.019792 0.098148
1 0.302083 0.483333 0.031250 0.166667
1 0.572917 0.430556 0.016667 0.075926
1 0.186979 0.435648 0.014583 0.063889
1 0.327604 0.463426 0.027083 0.126852
1 0.608854 0.440741 0.016667 0.094444
1 0.426042 0.430556 0.010417 0.062963
1 0.416406 0.433796 0.010937 0.052778
1 0.433594 0.440278 0.010937 0.065741
1 0.406510 0.436111 0.009896 0.053704
1 0.390104 0.433333 0.011458 0.057407
7 0.826302 0.450463 0.021354 0.099074
