1 0.845052 0.654630 0.049479 0.214815
1 0.254427 0.607407 0.042188 0.224074
1 0.916146 0.518981 0.051042 0.193519
1 0.484635 0.979167 0.039062 0.239815
1 0.351042 0.816667 0.036458 0.231481
7 0.377865 0.242593 0.040104 0.103704
7 0.367969 0.325463 0.029687 0.112037
1 0.433594 0.213889 0.032813 0.157407
1 0.505208 -0.031481 0.025000 0.127778
1 0.338021 0.125926 0.020833 0.129630
1 0.156250 0.300463 0.030208 0.169444
1 0.128906 0.296296 0.027604 0.185185
1 0.604948 1.004630 0.052604 0.192593
1 0.638281 1.009722 0.044271 0.180556
1 0.403385 0.147685 0.021354 0.141667
1 0.403125 0.121759 0.027083 0.158333
1 0.298177 0.020370 0.023438 0.122222
7 0.327344 0.029167 0.031771 0.071296
1 0.265104 0.123611 0.022917 0.139815
7 0.651563 0.082407 0.031250 0.109259
1 0.301563 0.185185 0.030208 0.161111
1 0.163802 0.064352 0.026562 0.139815
1 0.200000 0.183333 0.025000 0.159259
1 0.163021 0.193056 0.025000 0.156481
1 0.196875 0.164352 0.026042 0.158333
1 0.130729 0.199074 0.025000 0.148148
1 0.122656 0.181019 0.026562 0.167593
1 0.151562 0.166204 0.029167 0.162037
1 0.157031 0.142593 0.027604 0.151852
1 0.118229 0.174074 0.020833 0.159259
1 0.472135 -0.003241 0.025521 0.149074
1 0.189583 0.400000 0.035417 0.190741
1 0.258854 0.074074 0.029167 0.153704
1 0.775000 0.959259 0.044792 0.235185
1 0.731771 0.981019 0.046875 0.217593
1 0.859375 0.248148 0.036458 0.170370
1 0.796875 0.241667 0.029167 0.162963
1 0.786458 0.071296 0.030208 0.131481
1 0.819531 -0.001852 0.027604 0.140741
1 0.781771 -0.016204 0.026042 0.141667
1 0.258073 0.180556 0.023438 0.161111
1 0.236458 0.184722 0.027083 0.145370
1 0.176042 0.035185 0.028125 0.129630
1 0.227865 0.069444 0.028646 0.142593
1 0.196875 0.064352 0.026042 0.141667
1 0.233594 0.048148 0.023438 0.133333
1 0.845833 -0.007407 0.015625 0.075926
1 0.622917 0.043981 0.037500 0.134259
