1 0.513021 0.418519 0.036458 0.159259
1 0.452604 0.401852 0.026042 0.122222
1 0.397917 0.388889 0.019792 0.107407
1 0.986458 0.574074 0.131250 0.531481
1 0.041667 0.439352 0.053125 0.221296
1 0.276302 0.401389 0.030729 0.132407
1 0.446354 0.400000 0.021875 0.107407
1 0.454427 0.386574 0.017188 0.095370
1 0.148438 0.410648 0.029167 0.126852
1 0.548177 0.393056 0.027604 0.143519
1 0.491927 0.384722 0.016146 0.102778
1 0.261198 0.390741 0.017188 0.096296
1 0.247135 0.389352 0.013021 0.080556
1 0.408333 0.374537 0.013542 0.063889
1 0.074219 0.380093 0.010937 0.062037
1 0.095573 0.399074 0.017188 0.094444
7 0.355729 0.383333 0.018750 0.048148
7 0.369271 0.384259 0.015625 0.044444
7 0.770573 0.407870 0.026562 0.128704
