1 0.644271 0.352315 0.032292 0.145370
1 0.462500 0.345370 0.030208 0.146296
1 0.197396 0.399074 0.090625 0.353704
1 0.509375 0.352778 0.029167 0.137037
1 0.573438 0.331481 0.014583 0.066667
1 0.632552 0.363426 0.026562 0.186111
1 0.338542 0.329630 0.020833 0.094444
1 0.629948 0.359259 0.026562 0.166667
1 0.159896 0.343519 0.030208 0.142593
1 0.525781 0.324537 0.014063 0.058333
1 0.302865 0.354167 0.021354 0.145370
1 0.542188 0.319444 0.009375 0.038889
1 0.531250 0.316667 0.008333 0.044444
7 0.481510 0.337037 0.024479 0.062963
7 0.500000 0.343056 0.020833 0.062037
1 0.390365 0.319444 0.015104 0.066667
1 0.370052 0.315278 0.015104 0.075000
1 0.373437 0.322685 0.012500 0.060185
1 0.384375 0.319907 0.011458 0.058333
