1 0.614062 0.367593 0.035417 0.151852
1 0.534375 0.345370 0.031250 0.135185
1 0.518229 0.347685 0.029167 0.150926
1 0.813021 0.585185 0.120833 0.670370
1 0.972396 0.583796 0.135417 0.712037
1 0.378646 0.356944 0.052083 0.191667
1 0.546875 0.348148 0.022917 0.120370
1 0.567187 0.315741 0.010417 0.042593
1 0.044531 0.368519 0.038021 0.179630
1 0.589844 0.341204 0.025521 0.123148
1 0.308333 0.341204 0.025000 0.108333
1 0.598958 0.343519 0.018750 0.112963
1 0.654948 0.340278 0.019271 0.108333
1 0.300781 0.338889 0.028646 0.148148
1 0.283073 0.352315 0.021354 0.125000
1 0.507552 0.338426 0.021354 0.100926
1 0.162760 0.309722 0.013021 0.071296
1 0.171094 0.333333 0.020313 0.109259
7 0.500000 0.337037 0.018750 0.050000
1 0.179948 0.318981 0.017188 0.071296
1 0.446875 0.322685 0.011458 0.056481
1 0.434115 0.322222 0.008854 0.061111
1 0.401302 0.317593 0.010937 0.051852
1 -0.001042 0.361574 0.037500 0.187963
1 0.407292 0.325000 0.011458 0.048148
