1 0.875000 0.571296 0.023958 0.112963
1 0.787240 0.561574 0.023438 0.112037
1 0.221615 0.530093 0.011979 0.062037
1 0.664844 0.519444 0.013021 0.057407
1 0.638021 0.533333 0.016667 0.075926
1 0.669010 0.516667 0.010937 0.053704
1 0.179167 0.526852 0.009375 0.055556
1 0.496615 0.488426 0.009896 0.043519
1 0.685677 0.515278 0.011979 0.062037
1 0.216146 0.530556 0.010417 0.061111
1 0.219792 0.537500 0.011458 0.062037
1 0.170052 0.530556 0.013021 0.064815
1 0.193229 0.523611 0.012500 0.063889
1 0.527344 0.506481 0.008854 0.055556
1 0.536198 0.508796 0.010937 0.054630
1 0.598437 0.503241 0.011458 0.056481
1 0.587500 0.508796 0.011458 0.056481
1 0.694010 0.516204 0.015104 0.065741
1 0.636979 0.506944 0.009375 0.056481
1 0.651302 0.506481 0.014063 0.059259
1 0.549219 0.507870 0.009896 0.047222
