1 0.636198 0.513889 0.009896 0.053704
1 0.752344 0.569907 0.022396 0.110185
1 0.727083 0.565278 0.022917 0.099074
1 0.708333 0.573611 0.013542 0.104630
1 0.717708 0.572685 0.022917 0.102778
1 0.626042 0.517130 0.014583 0.065741
1 0.678906 0.889815 0.063021 0.307407
1 0.663021 0.836111 0.059375 0.287037
1 0.536458 0.738889 0.042708 0.240741
1 0.741667 0.570833 0.017708 0.093519
1 0.557031 0.753241 0.054688 0.262037
1 0.645833 0.577315 0.023958 0.108333
1 0.678906 0.577315 0.026562 0.112037
1 0.894792 0.654630 0.035417 0.168519
1 0.692187 0.797685 0.048958 0.262037
1 0.920573 0.642130 0.044271 0.150926
1 0.884375 0.623611 0.031250 0.152778
1 0.643490 0.564815 0.025521 0.098148
