1 0.625000 0.345833 0.030208 0.132407
1 0.448437 0.348148 0.031250 0.162963
1 0.046615 0.546759 0.191146 0.675000
1 0.485677 0.351389 0.025521 0.143519
1 0.739062 0.393519 0.050000 0.333333
1 0.380469 0.340278 0.020313 0.100926
1 0.717969 0.393981 0.045312 0.287963
1 0.548438 0.325463 0.014583 0.060185
1 0.181771 0.407407 0.053125 0.262963
1 0.163542 0.327315 0.021875 0.106481
1 0.150260 0.320370 0.015104 0.072222
1 0.151302 0.322222 0.015104 0.075926
1 0.572917 0.322222 0.010417 0.046296
1 0.562500 0.324074 0.010417 0.051852
7 0.499219 0.344444 0.023438 0.072222
7 0.515625 0.351852 0.022917 0.074074
1 0.331510 0.331481 0.017188 0.066667
1 0.395573 0.324074 0.011979 0.059259
1 0.404687 0.326389 0.011458 0.058333
