1 0.626563 0.368981 0.032292 0.145370
1 0.454167 0.353704 0.029167 0.142593
1 0.293229 0.424537 0.081250 0.373148
1 1.023177 0.661574 0.163021 0.750926
1 0.220312 0.387963 0.078125 0.301852
1 0.495833 0.353704 0.029167 0.129630
1 0.540885 0.326852 0.014063 0.055556
1 0.586458 0.359259 0.027083 0.162963
1 0.593490 0.362963 0.026562 0.146296
1 0.688802 0.354167 0.020313 0.113889
1 -0.002344 0.359259 0.026562 0.159259
1 0.513021 0.332407 0.009375 0.037037
7 0.459635 0.343519 0.025521 0.057407
7 0.476562 0.347222 0.018750 0.057407
1 0.389583 0.328704 0.014583 0.061111
1 0.364583 0.328241 0.014583 0.073148
1 0.351042 0.331019 0.012500 0.060185
