1 0.736198 0.637500 0.053646 0.223148
1 0.222135 0.461574 0.044271 0.217593
1 0.074740 0.624074 0.043229 0.231481
1 0.916667 0.520833 0.038542 0.193519
1 0.622917 1.002315 0.039583 0.195370
1 0.354687 0.820833 0.052083 0.232407
7 0.377865 0.242593 0.040104 0.103704
7 0.367969 0.325463 0.029687 0.112037
1 0.429688 0.218519 0.031250 0.161111
1 0.966406 0.306944 0.032813 0.173148
1 0.788281 0.132407 0.027604 0.135185
1 0.848437 0.306944 0.029167 0.167593
1 0.805729 0.306481 0.031250 0.177778
1 0.535417 0.266204 0.037500 0.163889
1 0.549219 0.219907 0.035937 0.160185
1 0.119271 0.438889 0.033333 0.181481
1 0.128385 0.416204 0.031771 0.195370
1 0.469792 0.211574 0.028125 0.165741
1 0.489323 0.212963 0.025521 0.148148
1 0.552604 -0.001852 0.023958 0.112963
1 0.534115 -0.002315 0.022396 0.110185
1 0.749740 0.293981 0.025521 0.156481
1 0.728646 0.252778 0.025000 0.157407
1 0.380469 0.070833 0.027604 0.150926
1 0.396875 -0.025463 0.020833 0.100926
1 0.297917 0.020833 0.021875 0.121296
7 0.327344 0.029167 0.031771 0.071296
1 0.009375 0.878704 0.037500 0.222222
7 0.646354 0.083796 0.037500 0.106481
1 0.271615 0.222685 0.027604 0.163889
1 0.278906 0.234259 0.046354 0.172222
1 0.250521 0.134722 0.023958 0.154630
1 0.229427 0.143981 0.027604 0.152778
1 0.292448 0.136574 0.022396 0.154630
1 0.267969 0.112963 0.026562 0.148148
1 0.198958 0.179630 0.027083 0.164815
1 0.205729 0.149074 0.023958 0.142593
1 0.161979 0.192593 0.027083 0.157407
1 0.187760 0.160185 0.025521 0.161111
1 0.124479 0.194444 0.023958 0.151852
1 0.145573 0.170833 0.027604 0.165741
1 0.141667 0.156944 0.030208 0.156481
1 0.151562 0.142593 0.028125 0.153704
1 0.118750 0.174074 0.020833 0.159259
1 0.486198 -0.045833 0.020313 0.106481
1 0.220833 1.027315 0.042708 0.143519
1 0.648177 0.057870 0.040104 0.125000
