1 0.461979 0.354630 0.030208 0.150000
1 0.210677 0.419907 0.097396 0.375000
1 0.510417 0.359259 0.029167 0.137037
1 0.579688 0.333796 0.015625 0.063889
1 0.645312 0.373148 0.030208 0.200000
1 0.345833 0.347222 0.020833 0.094444
1 0.635417 0.367593 0.026042 0.183333
1 0.150000 0.370833 0.033333 0.134259
1 0.110417 0.375000 0.046875 0.148148
1 0.526302 0.331019 0.014063 0.058333
1 0.286719 0.369907 0.025521 0.154630
1 0.546875 0.330556 0.009375 0.038889
1 0.535937 0.328241 0.009375 0.041667
7 0.486979 0.354167 0.023958 0.063889
7 0.505469 0.356944 0.021354 0.063889
1 0.385677 0.340741 0.015104 0.066667
1 0.367708 0.332407 0.014583 0.077778
1 0.372396 0.335648 0.012500 0.060185
1 0.388021 0.331019 0.011458 0.058333
