0 0.784115 0.575463 0.025521 0.147222
0 0.078385 0.595833 0.017188 0.087963
0 0.733073 0.604167 0.033854 0.145370
0 0.586979 0.543981 0.019792 0.082407
0 0.470573 0.504167 0.010937 0.045370
0 0.646875 0.515741 0.013542 0.072222
0 0.069792 0.595370 0.014583 0.087037
0 0.069531 0.608333 0.015104 0.087037
0 0.003385 0.604167 0.017188 0.091667
0 0.586719 0.545833 0.018229 0.086111
0 0.217708 0.514815 0.008333 0.033333
0 0.600781 0.539815 0.019271 0.092593
0 0.615365 0.533333 0.017188 0.087037
0 0.580208 0.514815 0.012500 0.066667
0 0.498177 0.522685 0.013021 0.062037
