1 0.459896 0.360185 0.091667 0.435185
1 0.550260 0.350000 0.081771 0.481481
1 -0.048958 0.511111 0.321875 1.479630
1 0.234896 0.587500 0.286458 1.326852
1 0.355208 0.359722 0.084375 0.454630
1 0.398177 0.356944 0.058854 0.334259
1 0.639323 0.354630 0.051562 0.327778
1 0.740104 0.308796 0.018750 0.110185
1 0.717187 0.309722 0.013542 0.084259
1 0.697917 0.306944 0.017708 0.078704
1 0.855469 0.302315 0.017188 0.095370
1 0.946615 0.301852 0.019271 0.114815
1 0.950521 0.312037 0.017708 0.092593
1 0.979427 0.292593 0.019271 0.077778
1 0.765885 0.303241 0.013021 0.058333
