1 0.737240 0.549537 0.017188 0.087963
1 0.797396 0.543981 0.019792 0.073148
1 0.836979 0.616204 0.027083 0.117593
1 0.887240 0.616667 0.035937 0.122222
1 0.777344 0.531481 0.016146 0.077778
1 0.011979 0.727315 0.025000 0.099074
1 0.068490 0.609259 0.024479 0.146296
1 0.117448 0.621296 0.025521 0.144444
1 0.263542 0.548611 0.017708 0.086111
1 0.285677 0.553241 0.016146 0.087963
1 0.342969 0.524537 0.013021 0.067593
1 0.334375 0.528704 0.011458 0.061111
1 0.359635 0.515741 0.011979 0.059259
1 0.565365 0.481944 0.006771 0.025000
1 0.326302 0.517130 0.007812 0.067593
1 0.627083 0.484722 0.007292 0.032407
1 0.674219 0.493981 0.010937 0.041667
1 0.418229 0.493981 0.008333 0.041667
1 0.436458 0.500463 0.008333 0.039815
1 0.408333 0.496296 0.008333 0.044444
1 0.767448 0.500000 0.013021 0.038889
