1 0.845313 0.654630 0.050000 0.214815
1 0.229687 0.620833 0.050000 0.228704
1 0.915625 0.518056 0.047917 0.191667
1 0.464583 0.983333 0.042708 0.233333
1 0.351042 0.816667 0.036458 0.231481
7 0.377865 0.242593 0.040104 0.103704
7 0.367969 0.325463 0.029687 0.112037
1 0.422656 0.208796 0.025521 0.158333
1 0.336979 0.125463 0.020833 0.128704
1 0.178646 0.268056 0.035417 0.160185
1 0.149479 0.269444 0.029167 0.185185
1 0.403385 0.145833 0.024479 0.139815
1 0.404167 0.122685 0.028125 0.158333
1 0.299219 0.019444 0.024479 0.122222
7 0.327344 0.029167 0.031771 0.071296
1 0.254688 0.078241 0.021875 0.130556
7 0.651563 0.081481 0.031250 0.109259
1 0.302083 0.185648 0.029167 0.162037
1 0.182031 0.049537 0.026562 0.139815
1 0.200000 0.181481 0.025000 0.159259
1 0.163021 0.193519 0.025000 0.155556
1 0.194531 0.166204 0.025521 0.162037
1 0.135156 0.199537 0.025521 0.150926
1 0.121875 0.179167 0.026042 0.171296
1 0.147917 0.165278 0.029167 0.162037
1 0.159115 0.141667 0.027604 0.151852
1 0.118229 0.174074 0.020833 0.159259
1 0.470833 -0.018056 0.026042 0.149074
1 0.174219 0.475463 0.038021 0.197222
1 0.258594 0.012963 0.030729 0.148148
1 0.677865 0.829167 0.050521 0.254630
1 0.635677 0.842130 0.043229 0.243519
1 0.848437 0.196296 0.032292 0.164815
1 0.782292 0.188889 0.025000 0.159259
1 0.756771 -0.003241 0.021875 0.123148
1 0.786458 -0.037500 0.021875 0.117593
1 0.785417 0.072222 0.030208 0.131481
1 0.261719 0.231481 0.024479 0.164815
1 0.232031 0.235648 0.034896 0.150926
1 0.147135 0.046759 0.024479 0.130556
1 0.232552 0.107870 0.031771 0.147222
1 0.203646 0.104630 0.027083 0.140741
1 0.235677 0.092593 0.025521 0.142593
1 0.835156 -0.002315 0.021354 0.078704
1 0.517188 0.010648 0.033333 0.128704
