1 0.734115 0.637037 0.053646 0.224074
1 0.238802 0.337037 0.039062 0.203704
1 0.074219 0.619907 0.043229 0.234259
1 0.916146 0.519907 0.039583 0.193519
1 0.562500 0.970833 0.036458 0.252778
1 0.353646 0.820833 0.052083 0.232407
7 0.377865 0.242593 0.040104 0.103704
7 0.367969 0.325463 0.029687 0.112037
1 0.429688 0.218519 0.031250 0.161111
1 0.789583 0.131944 0.027083 0.136111
1 0.694531 0.236574 0.025521 0.145370
1 0.681250 0.241204 0.032292 0.165741
1 0.323958 0.235185 0.031250 0.148148
1 0.464844 0.275463 0.034896 0.176852
1 0.069010 0.410648 0.024479 0.173148
1 0.079427 0.393056 0.029687 0.187963
1 0.411198 0.317593 0.035937 0.175926
1 0.435677 0.325000 0.032813 0.168519
1 0.616406 0.225000 0.024479 0.148148
1 0.546354 0.201852 0.025000 0.157407
1 0.380469 0.071296 0.027604 0.150000
1 0.297396 0.020370 0.021875 0.124074
7 0.327344 0.029167 0.031771 0.071296
1 0.113281 0.666204 0.032813 0.199074
7 0.651563 0.081944 0.031250 0.108333
1 0.322396 0.330093 0.030208 0.176852
1 0.291927 0.343519 0.028646 0.190741
1 0.251563 0.042593 0.027083 0.138889
1 0.210938 0.039352 0.022917 0.147222
1 0.293229 0.136574 0.025000 0.154630
1 0.250260 0.109722 0.024479 0.149074
1 0.199219 0.179167 0.027604 0.162037
1 0.269271 0.262963 0.029167 0.155556
1 0.164062 0.194444 0.027083 0.157407
1 0.190625 0.162037 0.022917 0.157407
1 0.125781 0.192130 0.026562 0.152778
1 0.147135 0.171759 0.027604 0.171296
1 0.159375 0.152778 0.029167 0.155556
1 0.153125 0.142593 0.028125 0.153704
1 0.117188 0.174074 0.020833 0.159259
1 0.489583 -0.045370 0.021875 0.107407
1 0.199479 0.011111 0.022917 0.142593
1 0.233854 0.778704 0.046875 0.242593
1 0.802083 0.005093 0.025000 0.126852
7 0.646094 0.076389 0.032813 0.095370
