0 0.846354 0.656481 0.052083 0.218519
0 0.329688 0.620370 0.046875 0.220370
0 0.916146 0.519907 0.039583 0.195370
0 0.489583 0.988426 0.041667 0.122222
0 0.351042 0.816667 0.036458 0.231481
2 0.377865 0.242593 0.040104 0.103704
2 0.367969 0.325463 0.029687 0.112037
0 0.431510 0.208333 0.036979 0.157407
0 0.337240 0.125463 0.020313 0.128704
0 0.215365 0.234259 0.025521 0.151852
0 0.245052 0.243056 0.031771 0.178704
0 0.404948 0.143519 0.026562 0.148148
0 0.396354 0.110648 0.028125 0.152778
2 0.651563 0.081481 0.031250 0.109259
0 0.295833 0.188889 0.031250 0.155556
0 0.210938 0.178241 0.029167 0.160185
0 0.164062 0.195370 0.026042 0.155556
0 0.199219 0.159722 0.023438 0.162037
0 0.134635 0.206944 0.026562 0.147222
0 0.117188 0.181944 0.023958 0.169444
0 0.151823 0.161574 0.031771 0.156481
0 0.190625 0.146296 0.026042 0.150000
0 0.120052 0.164815 0.020313 0.157407
0 0.208073 0.956481 0.051562 0.169444
0 0.499740 0.347685 0.034896 0.191667
0 0.455208 0.354630 0.034375 0.183333
0 0.624479 0.689815 0.046875 0.240741
0 0.926042 0.742130 0.048958 0.225000
0 0.938021 0.697222 0.040625 0.231481
0 0.966406 0.282407 0.030729 0.174074
0 0.895833 0.239352 0.028125 0.162037
0 0.781771 0.247685 0.032292 0.147222
0 0.654948 0.220370 0.029687 0.155556
0 0.277604 0.160648 0.028125 0.141667
0 0.214323 0.542130 0.031771 0.210185
0 0.175781 0.548611 0.046354 0.189815
0 0.242448 0.142593 0.032813 0.159259
0 0.258073 0.111111 0.030729 0.151852
0 0.220833 0.359722 0.038542 0.180556
0 0.173177 0.364815 0.032813 0.183333
0 0.275781 0.348611 0.033854 0.169444
