1 0.472396 0.435185 0.036458 0.159259
1 0.413542 0.412963 0.025000 0.118519
1 0.347917 0.414815 0.018750 0.100000
1 0.965365 0.606019 0.116146 0.523148
1 0.015104 0.456481 0.047917 0.216667
1 0.225781 0.420370 0.032813 0.131481
1 0.398958 0.412963 0.020833 0.107407
1 0.094271 0.433796 0.030208 0.134259
1 0.497135 0.410648 0.029687 0.134259
1 0.445573 0.406944 0.016146 0.102778
1 0.210677 0.412500 0.017188 0.089815
1 0.201042 0.415278 0.013542 0.075000
1 0.200521 0.402778 0.011458 0.053704
1 0.357812 0.394444 0.013542 0.064815
1 0.041667 0.425000 0.017708 0.098148
7 0.310417 0.407407 0.018750 0.048148
7 0.318229 0.405556 0.015625 0.044444
7 0.708854 0.421296 0.025000 0.125926
