1 0.845052 0.654630 0.049479 0.214815
1 0.255729 -0.011574 0.031250 0.171296
1 0.252083 0.605093 0.038542 0.226852
1 0.916146 0.518981 0.051042 0.193519
1 0.479167 0.979167 0.038542 0.239815
1 0.351042 0.816667 0.036458 0.231481
7 0.377865 0.242593 0.040104 0.103704
7 0.367969 0.325463 0.029687 0.112037
1 0.433333 0.213889 0.032292 0.157407
1 0.504687 -0.034722 0.025000 0.126852
1 0.339062 0.125926 0.020833 0.129630
1 0.157292 0.298611 0.030208 0.169444
1 0.130208 0.295370 0.028125 0.183333
1 0.600781 1.008796 0.052604 0.184259
1 0.640885 1.012500 0.047396 0.175000
1 0.403385 0.146296 0.022396 0.142593
1 0.403646 0.121296 0.028125 0.159259
1 0.298177 0.020370 0.023438 0.122222
7 0.327344 0.029167 0.031771 0.071296
1 0.264062 0.119907 0.022917 0.136111
7 0.651563 0.082407 0.031250 0.109259
1 0.302604 0.184722 0.029167 0.162037
1 0.164323 0.062500 0.026562 0.139815
1 0.200000 0.183333 0.025000 0.159259
1 0.163021 0.193056 0.025000 0.156481
1 0.197656 0.164815 0.026562 0.157407
1 0.129688 0.199074 0.025000 0.148148
1 0.122656 0.181019 0.026562 0.167593
1 0.151562 0.167130 0.029167 0.162037
1 0.157031 0.141667 0.027604 0.151852
1 0.118229 0.174074 0.020833 0.159259
1 0.472656 -0.005093 0.025521 0.149074
1 0.187240 0.403704 0.035937 0.190741
1 0.259375 0.071759 0.028125 0.152778
1 0.770052 0.951852 0.049479 0.235185
1 0.725781 0.969444 0.045312 0.222222
1 0.859375 0.244444 0.039583 0.172222
1 0.794271 0.239815 0.030208 0.162963
1 0.786458 0.071296 0.030208 0.131481
1 0.817448 -0.003704 0.027604 0.140741
1 0.779948 -0.019907 0.025521 0.139815
1 0.259375 0.184259 0.022917 0.161111
1 0.236979 0.186111 0.029167 0.146296
1 0.171615 0.035185 0.031771 0.129630
1 0.227344 0.069444 0.027604 0.142593
1 0.196875 0.067130 0.026042 0.141667
1 0.232031 0.050926 0.023438 0.135185
1 0.844792 -0.007407 0.016667 0.075926
1 0.615625 0.040278 0.038542 0.134259
