1 0.670833 0.529630 0.050000 0.301852
1 0.611458 0.497222 0.038542 0.162963
1 0.173177 0.531944 0.060937 0.254630
1 0.498958 0.468519 0.023958 0.112963
1 0.073958 0.510185 0.044792 0.185185
1 0.190625 0.501389 0.034375 0.180556
1 0.118750 0.512963 0.033333 0.168519
1 0.365625 0.463889 0.022917 0.111111
1 0.473438 0.470370 0.020833 0.100000
1 0.155729 0.507870 0.034375 0.176852
1 0.449740 0.461574 0.015104 0.080556
1 0.485938 0.464815 0.015625 0.094444
1 0.292969 0.456944 0.011979 0.063889
1 0.283594 0.464352 0.010937 0.058333
1 0.302083 0.467593 0.011458 0.068519
1 0.272917 0.458796 0.011458 0.058333
1 0.258073 0.459259 0.010937 0.059259
1 0.245312 0.457870 0.010417 0.050926
7 0.709635 0.480093 0.021354 0.099074
