1 0.733333 0.533333 0.017708 0.092593
1 0.790104 0.524537 0.017708 0.071296
1 0.824219 0.590741 0.028646 0.114815
1 0.873698 0.591667 0.031771 0.120370
1 0.771354 0.516667 0.015625 0.074074
1 0.045312 0.728241 0.021875 0.097222
1 0.091667 0.617593 0.023958 0.142593
1 0.138021 0.622222 0.023958 0.137037
1 0.268229 0.557870 0.017708 0.086111
1 0.289323 0.555093 0.016146 0.087963
1 0.346354 0.529167 0.013542 0.063889
1 0.336198 0.531481 0.010937 0.059259
1 0.360417 0.518981 0.011458 0.052778
1 0.564844 0.479167 0.005729 0.023148
1 0.329167 0.522222 0.008333 0.064815
1 0.624479 0.478241 0.007292 0.032407
1 0.672396 0.481944 0.009375 0.041667
1 0.419271 0.496759 0.008333 0.041667
1 0.436979 0.500926 0.008333 0.038889
1 0.409896 0.499074 0.008333 0.044444
1 0.766146 0.485185 0.010417 0.038889
