1 0.793229 0.663889 0.045833 0.227778
1 0.255208 0.211111 0.037500 0.187037
1 0.166927 0.654630 0.051562 0.237037
1 0.915625 0.519907 0.040625 0.193519
1 0.503906 0.970370 0.038021 0.255556
1 0.350000 0.819907 0.036458 0.230556
7 0.377865 0.242593 0.040104 0.103704
7 0.367969 0.325463 0.029687 0.112037
1 0.429427 0.218519 0.030729 0.161111
1 0.772917 0.082870 0.025000 0.132407
1 0.570833 0.150463 0.027083 0.147222
1 0.539583 0.162500 0.031250 0.167593
1 0.277865 0.174537 0.022396 0.160185
1 0.503646 0.133333 0.032292 0.157407
1 0.069531 0.410648 0.025521 0.173148
1 0.052604 0.392130 0.040625 0.186111
1 0.450000 0.474537 0.045833 0.200926
1 0.479687 0.481019 0.035417 0.182407
1 0.441146 0.169907 0.023958 0.141667
1 0.395833 0.171296 0.022917 0.155556
1 0.380469 0.072685 0.026562 0.149074
1 0.297135 0.022685 0.021354 0.123148
7 0.327344 0.029167 0.031771 0.071296
1 0.138542 0.448611 0.030208 0.178704
7 0.651563 0.082407 0.031250 0.109259
1 0.294792 0.516667 0.033333 0.200000
1 0.253906 0.502778 0.032813 0.211111
1 0.250260 -0.041204 0.023438 0.115741
1 0.294010 0.136574 0.023438 0.154630
1 0.177604 0.122685 0.027083 0.149074
1 0.199219 0.182407 0.027604 0.162963
1 0.451042 0.421759 0.035417 0.169444
1 0.159896 0.200926 0.027083 0.157407
1 0.191146 0.164815 0.023958 0.161111
1 0.127344 0.195833 0.028646 0.149074
1 0.137500 0.177778 0.023958 0.170370
1 0.157812 0.165278 0.028125 0.141667
1 0.151562 0.142593 0.028125 0.153704
1 0.117188 0.174074 0.020833 0.159259
1 0.460677 -0.003241 0.018229 0.137963
1 0.228646 0.104630 0.028125 0.153704
1 0.222917 0.491667 0.042708 0.209259
1 0.979688 0.601852 0.034375 0.198148
1 0.892708 0.114352 0.029167 0.141667
1 0.823177 0.011574 0.030729 0.130556
1 0.188542 0.921296 0.050000 0.255556
1 0.207813 0.846759 0.043750 0.250926
1 0.227083 -0.013889 0.021875 0.124074
1 0.202604 -0.014815 0.022917 0.124074
1 0.717187 -0.033796 0.028125 0.130556
7 0.645833 0.076852 0.032292 0.087037
1 0.650781 0.076852 0.035937 0.085185
