1 0.845313 0.654630 0.050000 0.214815
1 0.223698 0.617593 0.036979 0.224074
1 0.915885 0.518056 0.048438 0.191667
1 0.464323 0.982407 0.043229 0.235185
1 0.351042 0.816667 0.036458 0.231481
7 0.377865 0.242593 0.040104 0.103704
7 0.367969 0.325463 0.029687 0.112037
1 0.427865 0.210185 0.022396 0.161111
1 0.336979 0.125463 0.020833 0.128704
1 0.175260 0.270370 0.029687 0.159259
1 0.149479 0.270370 0.029167 0.183333
1 0.402865 0.145833 0.024479 0.139815
1 0.404167 0.123148 0.028125 0.157407
1 0.298958 0.019444 0.023958 0.122222
7 0.327344 0.029167 0.031771 0.071296
1 0.256510 0.083333 0.022396 0.127778
7 0.651563 0.081481 0.031250 0.109259
1 0.303646 0.184722 0.028125 0.162037
1 0.182552 0.049537 0.026562 0.139815
1 0.200000 0.182407 0.025000 0.159259
1 0.163021 0.193519 0.025000 0.155556
1 0.194792 0.166204 0.025000 0.162037
1 0.133854 0.197685 0.025000 0.150926
1 0.121875 0.179167 0.026042 0.171296
1 0.147917 0.165278 0.029167 0.162037
1 0.158073 0.141667 0.027604 0.151852
1 0.118229 0.174074 0.020833 0.159259
1 0.471354 -0.017130 0.026042 0.149074
1 0.172656 0.470833 0.038021 0.200926
1 0.257031 0.014815 0.030729 0.148148
1 0.689583 0.844444 0.046875 0.253704
1 0.644271 0.860185 0.045833 0.250000
1 0.850781 0.198148 0.032813 0.164815
1 0.780729 0.192130 0.025000 0.160185
1 0.748437 -0.010648 0.021875 0.119444
1 0.783594 -0.040741 0.022396 0.116667
1 0.785677 0.072222 0.029687 0.131481
1 0.807292 -0.038426 0.026042 0.119444
1 0.263542 0.225926 0.025000 0.162963
1 0.232552 0.229167 0.036979 0.150926
1 0.147135 0.046759 0.024479 0.130556
1 0.230469 0.103241 0.031771 0.147222
1 0.202083 0.100926 0.027083 0.140741
1 0.234635 0.087500 0.025521 0.141667
1 0.836979 -0.003704 0.020833 0.079630
1 0.527083 0.012963 0.036458 0.129630
