1 0.120573 0.646759 0.020313 0.134259
1 0.655990 0.492593 0.009896 0.051852
1 0.104427 0.648611 0.020313 0.128704
1 0.107031 0.664352 0.017188 0.126852
1 0.096875 0.669444 0.018750 0.125926
1 0.002865 0.665278 0.026562 0.130556
1 0.710156 0.484722 0.013021 0.052778
1 0.788802 0.517130 0.015104 0.086111
1 0.822917 0.525000 0.015625 0.079630
1 0.767708 0.514815 0.017708 0.074074
1 0.696615 0.493519 0.011979 0.051852
1 0.685156 0.483796 0.016146 0.052778
1 0.763542 0.630556 0.036458 0.157407
1 0.836979 0.611111 0.022917 0.153704
1 0.728906 0.601852 0.048438 0.148148
1 0.781771 0.523148 0.013542 0.085185
1 0.966406 0.547685 0.021354 0.119444
1 0.754948 0.598148 0.040104 0.157407
1 0.742188 0.519907 0.014583 0.063889
1 0.760677 0.515741 0.017188 0.064815
1 0.805208 0.544907 0.019792 0.086111
1 0.835156 0.592593 0.039062 0.148148
1 0.833854 0.544444 0.017708 0.081481
1 0.710417 0.519907 0.022917 0.071296
1 0.726302 0.526852 0.013021 0.061111
