1 0.110156 0.659722 0.021354 0.139815
1 0.660156 0.489815 0.009896 0.051852
1 0.093229 0.663889 0.019792 0.131481
1 0.095312 0.678241 0.016667 0.128704
1 0.085417 0.685648 0.018750 0.128704
1 0.712240 0.487037 0.009896 0.051852
1 0.796354 0.524074 0.016667 0.088889
1 0.773958 0.519444 0.017708 0.075926
1 0.701823 0.491204 0.011979 0.050926
1 0.689583 0.489352 0.015625 0.056481
1 0.771615 0.643981 0.038021 0.160185
1 0.842969 0.622685 0.034896 0.158333
1 0.728125 0.611574 0.029167 0.158333
1 0.789062 0.523148 0.014583 0.081481
1 0.980729 0.549074 0.020833 0.120370
1 0.754167 0.610185 0.031250 0.170370
1 0.744010 0.526389 0.016146 0.069444
1 0.764844 0.521759 0.018229 0.065741
1 0.817448 0.549537 0.021354 0.086111
1 0.831510 0.611574 0.023438 0.152778
1 0.845313 0.544907 0.015625 0.080556
1 0.714844 0.522685 0.024479 0.075000
1 0.730469 0.531481 0.013021 0.064815
