1 0.853646 0.692593 0.046875 0.225926
1 0.257292 0.156019 0.035417 0.178704
1 0.360938 0.628241 0.053125 0.225000
1 0.915365 0.519907 0.041146 0.193519
1 0.532292 0.968519 0.046875 0.261111
1 0.351042 0.816667 0.036458 0.231481
7 0.377865 0.242593 0.040104 0.103704
7 0.367969 0.325463 0.029687 0.112037
1 0.429167 0.218519 0.030208 0.159259
1 0.763281 0.009722 0.026562 0.121296
1 0.539844 0.113889 0.027604 0.148148
1 0.509896 0.102315 0.032292 0.160185
1 0.271615 0.145370 0.025521 0.155556
1 0.493229 0.046759 0.029167 0.141667
1 0.070052 0.410648 0.026562 0.173148
1 0.054688 0.392130 0.036458 0.186111
1 0.465104 0.578704 0.045833 0.212963
1 0.498958 0.584722 0.039583 0.197222
1 0.406510 0.161574 0.031771 0.110185
1 0.383333 0.162500 0.030208 0.154630
1 0.383594 0.062500 0.026562 0.136111
1 0.297135 0.022685 0.021354 0.123148
7 0.327344 0.029167 0.031771 0.071296
1 0.120833 0.346296 0.028125 0.166667
7 0.651563 0.082407 0.031250 0.109259
1 0.243750 0.644907 0.036458 0.212037
1 0.190104 0.631019 0.047917 0.226852
1 0.297135 0.135185 0.029687 0.151852
1 0.182031 0.127315 0.031771 0.150926
1 0.200521 0.180556 0.027083 0.162963
1 0.611198 0.530556 0.039062 0.185185
1 0.161458 0.195833 0.027083 0.156481
1 0.193229 0.162500 0.026042 0.160185
1 0.129167 0.201852 0.030208 0.144444
1 0.134375 0.188889 0.034375 0.151852
1 0.150000 0.155556 0.029167 0.161111
1 0.147396 0.141667 0.025000 0.151852
1 0.117708 0.174074 0.020833 0.159259
1 0.444792 0.035648 0.029167 0.147222
1 0.236458 0.157870 0.028125 0.162037
1 0.253906 0.352778 0.041146 0.190741
1 0.938281 0.490741 0.035937 0.192593
1 0.817708 -0.002778 0.028125 0.135185
1 0.940885 0.179167 0.034896 0.150926
1 0.945573 0.136574 0.033854 0.154630
1 0.870052 0.112963 0.032813 0.153704
1 0.321094 1.022685 0.045312 0.154630
1 0.233333 0.028704 0.025000 0.127778
1 0.205729 0.031944 0.033333 0.128704
1 0.722135 -0.034722 0.032813 0.128704
7 0.646615 0.075000 0.032813 0.087037
1 0.651302 0.075926 0.033854 0.083333
