0 0.735677 0.637500 0.053646 0.223148
0 0.226302 0.443981 0.044271 0.215741
0 0.074740 0.623611 0.043229 0.230556
0 0.916406 0.519907 0.039062 0.193519
0 0.354167 0.820833 0.052083 0.232407
2 0.377865 0.242593 0.040104 0.103704
2 0.367969 0.325463 0.029687 0.112037
0 0.429688 0.218519 0.031250 0.161111
0 0.979167 0.325000 0.038542 0.177778
0 0.788281 0.132407 0.027604 0.135185
0 0.832031 0.294907 0.028646 0.165741
0 0.793750 0.293519 0.031250 0.177778
0 0.496354 0.265741 0.048958 0.161111
0 0.545573 0.233333 0.040104 0.168519
0 0.107813 0.429630 0.034375 0.177778
0 0.111719 0.407870 0.033854 0.195370
0 0.464583 0.222685 0.030208 0.167593
0 0.486458 0.227315 0.026042 0.152778
0 0.734375 0.282407 0.023958 0.155556
0 0.712760 0.248611 0.028646 0.154630
2 0.649740 0.082870 0.038021 0.108333
0 0.270052 0.232870 0.027604 0.163889
0 0.276562 0.243519 0.047917 0.177778
0 0.245573 0.118981 0.027604 0.150926
0 0.224740 0.131481 0.026562 0.151852
0 0.292448 0.136574 0.022396 0.154630
0 0.267708 0.112963 0.027083 0.148148
0 0.199219 0.179167 0.027604 0.163889
0 0.221354 0.154167 0.027083 0.141667
0 0.160938 0.192593 0.027083 0.157407
0 0.190104 0.162500 0.025000 0.160185
0 0.123958 0.194444 0.025000 0.151852
0 0.144531 0.169444 0.023438 0.170370
0 0.146875 0.156944 0.030208 0.156481
0 0.152083 0.142593 0.028125 0.153704
0 0.118229 0.174074 0.020833 0.159259
2 0.648177 0.058796 0.033854 0.113889
