1 0.733333 0.637037 0.053125 0.224074
1 0.238802 0.291667 0.039062 0.200000
1 0.072917 0.623148 0.047917 0.229630
1 0.915885 0.519907 0.040104 0.193519
1 0.514844 0.969444 0.035937 0.248148
1 0.353646 0.820833 0.052083 0.232407
7 0.377865 0.242593 0.040104 0.103704
7 0.367969 0.325463 0.029687 0.112037
1 0.429427 0.218519 0.030729 0.161111
1 0.790104 0.131481 0.027083 0.137037
1 0.639844 0.203704 0.022396 0.151852
1 0.608073 0.213426 0.029687 0.171296
1 0.284896 0.195833 0.026042 0.160185
1 0.485156 0.224537 0.035937 0.169444
1 0.069271 0.410648 0.025000 0.173148
1 0.077083 0.391204 0.031250 0.184259
1 0.411198 0.371296 0.035937 0.187037
1 0.439323 0.378241 0.035937 0.176852
1 0.540104 0.194907 0.023958 0.145370
1 0.459375 0.181481 0.025000 0.159259
1 0.380729 0.072222 0.027083 0.150000
1 0.296354 0.021296 0.021875 0.124074
7 0.327344 0.029167 0.031771 0.071296
1 0.133073 0.580556 0.029687 0.192593
7 0.651563 0.082407 0.031250 0.109259
1 0.329688 0.388889 0.030208 0.172222
1 0.282552 0.397222 0.038021 0.198148
1 0.255208 0.007870 0.026042 0.137963
1 0.221615 0.005093 0.023438 0.147222
1 0.293490 0.136574 0.024479 0.154630
1 0.210938 0.113889 0.027083 0.150000
1 0.198958 0.178241 0.027083 0.162037
1 0.305469 0.326389 0.027604 0.162037
1 0.164062 0.195370 0.027083 0.157407
1 0.186979 0.162500 0.022917 0.158333
1 0.124479 0.193519 0.028125 0.151852
1 0.147396 0.173148 0.027083 0.166667
1 0.160156 0.157407 0.028646 0.155556
1 0.152604 0.142593 0.028125 0.153704
1 0.117188 0.174074 0.020833 0.159259
1 0.478125 -0.039815 0.023958 0.118519
1 0.193229 0.051852 0.028125 0.148148
1 0.230208 0.657870 0.041667 0.225000
1 0.821354 0.046759 0.028125 0.132407
1 0.073958 0.723148 0.057292 0.231481
1 0.026302 0.674074 0.060937 0.218519
7 0.645833 0.076852 0.032292 0.090741
