1 0.736198 0.637500 0.053646 0.223148
1 0.218750 0.474537 0.043750 0.219444
1 0.074740 0.624074 0.043229 0.231481
1 0.917708 0.520833 0.038542 0.193519
1 0.612760 1.000463 0.040104 0.199074
1 0.354687 0.820833 0.052083 0.232407
7 0.377865 0.242593 0.040104 0.103704
7 0.367969 0.325463 0.029687 0.112037
1 0.429688 0.218519 0.031250 0.161111
1 0.957812 0.288426 0.033333 0.167593
1 0.788281 0.132407 0.027604 0.135185
1 0.858594 0.319444 0.030729 0.170370
1 0.816667 0.315741 0.031250 0.177778
1 0.559375 0.271296 0.046875 0.164815
1 0.553906 0.211574 0.033854 0.160185
1 0.125000 0.447685 0.033333 0.180556
1 0.140104 0.423148 0.031250 0.198148
1 0.472917 0.204630 0.030208 0.164815
1 0.489323 0.206019 0.026562 0.147222
1 0.552604 0.010185 0.023958 0.112963
1 0.533333 0.008796 0.023958 0.110185
1 0.758854 0.299537 0.026042 0.156481
1 0.740104 0.255556 0.025000 0.157407
1 0.380469 0.070833 0.027604 0.150926
1 0.401562 -0.016204 0.020833 0.100926
1 0.297396 0.020833 0.020833 0.121296
7 0.327344 0.029167 0.031771 0.071296
1 0.004687 0.906019 0.037500 0.232407
7 0.644271 0.085648 0.037500 0.104630
1 0.274479 0.214352 0.028125 0.162037
1 0.287500 0.227778 0.054167 0.175926
1 0.253385 0.143056 0.025521 0.158333
1 0.230990 0.154167 0.027604 0.156481
1 0.292187 0.136574 0.021875 0.154630
1 0.268229 0.112963 0.026042 0.148148
1 0.198958 0.179630 0.027083 0.164815
1 0.203385 0.143519 0.024479 0.142593
1 0.162240 0.192593 0.027604 0.157407
1 0.187240 0.160185 0.025521 0.161111
1 0.124740 0.194444 0.023438 0.151852
1 0.148177 0.171296 0.030729 0.166667
1 0.141146 0.156944 0.030208 0.156481
1 0.151562 0.142593 0.028125 0.153704
1 0.119271 0.172685 0.020833 0.162037
1 0.485938 -0.045833 0.019792 0.106481
1 0.647917 0.055556 0.039583 0.131481
