1 0.794792 0.664815 0.045833 0.227778
1 0.255208 0.210185 0.037500 0.187037
1 0.171615 0.655093 0.049479 0.237963
1 0.915625 0.519907 0.040625 0.193519
1 0.503646 0.969444 0.037500 0.255556
1 0.350521 0.818981 0.036458 0.230556
7 0.377865 0.242593 0.040104 0.103704
7 0.367969 0.325463 0.029687 0.112037
1 0.429427 0.218519 0.030729 0.161111
1 0.772917 0.081019 0.026042 0.132407
1 0.569010 0.150463 0.027604 0.147222
1 0.539062 0.161574 0.031250 0.167593
1 0.277604 0.173611 0.021875 0.160185
1 0.503385 0.131019 0.031771 0.156481
1 0.069531 0.410648 0.025521 0.173148
1 0.052604 0.392130 0.040625 0.186111
1 0.450781 0.477315 0.044271 0.199074
1 0.479948 0.482407 0.035937 0.181481
1 0.440104 0.169444 0.025000 0.142593
1 0.395573 0.170833 0.022396 0.156481
1 0.380469 0.072685 0.026562 0.149074
1 0.297135 0.022685 0.021354 0.123148
7 0.327344 0.029167 0.031771 0.071296
1 0.138281 0.445370 0.029687 0.177778
7 0.651563 0.082407 0.031250 0.109259
1 0.294271 0.518519 0.033333 0.198148
1 0.252865 0.506019 0.032813 0.212037
1 0.250260 -0.041667 0.023438 0.114815
1 0.294010 0.136574 0.023438 0.154630
1 0.177604 0.122685 0.027083 0.149074
1 0.199740 0.182407 0.027604 0.162963
1 0.456510 0.423611 0.034896 0.169444
1 0.159896 0.200926 0.027083 0.157407
1 0.191667 0.164815 0.025000 0.161111
1 0.127344 0.196296 0.028646 0.150000
1 0.136458 0.178704 0.023958 0.170370
1 0.157552 0.165278 0.028646 0.141667
1 0.151562 0.142593 0.028125 0.153704
1 0.117188 0.174074 0.020833 0.159259
1 0.460677 -0.001389 0.018229 0.137963
1 0.229687 0.106019 0.029167 0.154630
1 0.224479 0.487037 0.042708 0.209259
1 0.979427 0.598611 0.034896 0.197222
1 0.894271 0.116204 0.029167 0.141667
1 0.825000 0.013889 0.032292 0.129630
1 0.190625 0.925926 0.050000 0.255556
1 0.211198 0.851389 0.046354 0.250926
1 0.227344 -0.013889 0.021354 0.124074
1 0.202604 -0.012963 0.022917 0.124074
1 0.717187 -0.033796 0.028125 0.130556
7 0.645833 0.076852 0.032292 0.087037
1 0.651042 0.076852 0.035417 0.085185
