1 0.820833 0.679167 0.043750 0.225000
1 0.252604 0.192593 0.037500 0.185185
1 0.229427 0.650463 0.047396 0.230556
1 0.915625 0.519907 0.040625 0.193519
1 0.506510 0.972222 0.038021 0.253704
1 0.351042 0.816667 0.036458 0.231481
7 0.377865 0.242593 0.040104 0.103704
7 0.367969 0.325463 0.029687 0.112037
1 0.429427 0.218519 0.030729 0.161111
1 0.768229 0.056481 0.027083 0.127778
1 0.555208 0.143519 0.026042 0.150000
1 0.527083 0.143981 0.031250 0.167593
1 0.281510 0.169444 0.020313 0.155556
1 0.500000 0.103241 0.032292 0.154630
1 0.069792 0.411111 0.026042 0.174074
1 0.053125 0.392130 0.039583 0.186111
1 0.458333 0.508796 0.043750 0.199074
1 0.486198 0.511111 0.036979 0.185185
1 0.414844 0.159259 0.022396 0.140741
1 0.388542 0.167130 0.027083 0.156481
1 0.382812 0.077315 0.026042 0.141667
1 0.297135 0.022685 0.021354 0.123148
7 0.327344 0.029167 0.031771 0.071296
1 0.136458 0.412037 0.029167 0.174074
7 0.651563 0.082407 0.031250 0.109259
1 0.280990 0.556481 0.034896 0.201852
1 0.234635 0.546296 0.044271 0.212963
1 0.294271 0.136111 0.023958 0.153704
1 0.179167 0.121759 0.027083 0.149074
1 0.203385 0.181481 0.029687 0.164815
1 0.511458 0.456019 0.035417 0.176852
1 0.161458 0.200000 0.027083 0.157407
1 0.196615 0.166204 0.028646 0.156481
1 0.123698 0.201852 0.027604 0.150000
1 0.129948 0.182407 0.023438 0.175926
1 0.150781 0.156944 0.028646 0.154630
1 0.151562 0.142593 0.028125 0.153704
1 0.117188 0.174074 0.020833 0.159259
1 0.454948 0.010648 0.022396 0.141667
1 0.233594 0.124537 0.028646 0.154630
1 0.235417 0.440741 0.042708 0.200000
1 0.970573 0.560648 0.034896 0.193519
1 0.856250 -0.032870 0.027083 0.128704
1 0.913021 0.135185 0.031250 0.144444
1 0.841927 0.045370 0.029687 0.140741
1 0.224219 0.982407 0.050521 0.235185
1 0.245833 0.916204 0.046875 0.247222
1 0.228906 0.001389 0.022396 0.125000
1 0.204948 0.001852 0.022396 0.125926
1 0.720052 -0.034259 0.028646 0.129630
7 0.646354 0.076389 0.032292 0.086111
1 0.651302 0.076389 0.034896 0.084259
