1 0.735156 0.637500 0.053646 0.223148
1 0.235417 0.410648 0.042708 0.212037
1 0.074740 0.623148 0.043229 0.229630
1 0.916406 0.519907 0.039062 0.193519
1 0.636979 0.995370 0.043750 0.205556
1 0.354167 0.820833 0.052083 0.232407
7 0.377865 0.242593 0.040104 0.103704
7 0.367969 0.325463 0.029687 0.112037
1 0.429688 0.218519 0.031250 0.161111
1 1.005990 0.376389 0.036979 0.176852
1 0.788802 0.132407 0.027604 0.135185
1 0.795312 0.270370 0.026042 0.161111
1 0.764062 0.275463 0.038542 0.176852
1 0.421875 0.258333 0.033333 0.161111
1 0.530469 0.259259 0.034896 0.166667
1 0.082812 0.417130 0.026042 0.178704
1 0.086979 0.395370 0.035417 0.187037
1 0.452865 0.243056 0.027604 0.169444
1 0.474479 0.252315 0.028125 0.154630
1 0.552083 -0.038426 0.023958 0.112037
1 0.704948 0.263426 0.020313 0.150926
1 0.667969 0.231944 0.034896 0.150926
1 0.380469 0.070833 0.027604 0.150926
1 0.296094 0.022685 0.020313 0.119444
7 0.327344 0.029167 0.031771 0.071296
1 0.023438 0.786111 0.034375 0.212963
7 0.651563 0.080556 0.031250 0.107407
1 0.281771 0.261574 0.028125 0.163889
1 0.275000 0.274537 0.039583 0.180556
1 0.239844 0.094907 0.026562 0.147222
1 0.212240 0.100926 0.027604 0.150000
1 0.292708 0.136574 0.023958 0.154630
1 0.267188 0.112963 0.028125 0.148148
1 0.199479 0.178704 0.028125 0.162963
1 0.261458 0.181481 0.030208 0.142593
1 0.164583 0.192593 0.027083 0.157407
1 0.187760 0.160185 0.023438 0.162963
1 0.122656 0.196296 0.025521 0.151852
1 0.146615 0.169907 0.025521 0.171296
1 0.151823 0.150926 0.029687 0.155556
1 0.152604 0.142593 0.028125 0.153704
1 0.117708 0.174074 0.020833 0.159259
1 0.487500 -0.045370 0.020833 0.107407
1 0.184375 -0.025463 0.021875 0.121296
1 0.227604 0.953241 0.050000 0.249074
7 0.648438 0.072685 0.034375 0.100926
