0 0.845573 0.654630 0.050521 0.214815
0 0.272396 0.637963 0.048958 0.231481
0 0.914844 0.517593 0.044271 0.190741
0 0.467969 0.990278 0.045312 0.119444
0 0.351042 0.816667 0.036458 0.231481
2 0.377865 0.242593 0.040104 0.103704
2 0.367969 0.325463 0.029687 0.112037
0 0.421615 0.205556 0.031771 0.159259
0 0.336979 0.125463 0.020833 0.128704
0 0.187240 0.259722 0.027604 0.158333
0 0.151823 0.257870 0.030729 0.180556
0 0.403385 0.146296 0.024479 0.138889
0 0.404427 0.119907 0.027604 0.158333
2 0.651563 0.081481 0.031250 0.109259
0 0.300260 0.187963 0.031771 0.161111
0 0.200000 0.180556 0.025000 0.159259
0 0.163281 0.192593 0.025521 0.155556
0 0.194792 0.168519 0.025000 0.162963
0 0.135417 0.200463 0.025000 0.150926
0 0.121615 0.179630 0.025521 0.170370
0 0.147917 0.165278 0.029167 0.162037
0 0.166146 0.151852 0.027083 0.151852
0 0.118229 0.174074 0.020833 0.159259
0 0.176563 0.522685 0.037500 0.204630
0 0.629948 0.746296 0.044271 0.238889
0 0.595313 0.768981 0.039583 0.234259
0 0.843750 0.165278 0.031250 0.162037
0 0.775521 0.161574 0.027083 0.152778
0 0.792969 0.079630 0.029687 0.133333
0 0.253906 0.260185 0.027604 0.172222
0 0.226042 0.262037 0.033333 0.155556
0 0.248177 0.134722 0.028646 0.154630
0 0.221094 0.136111 0.026562 0.155556
0 0.249219 0.114815 0.025521 0.142593
