1 0.644271 0.345370 0.032292 0.146296
1 0.460938 0.336111 0.030208 0.146296
1 0.060677 0.467130 0.160938 0.582407
1 0.207031 0.381481 0.082812 0.337037
1 0.509375 0.348148 0.029167 0.137037
1 0.567448 0.312037 0.014063 0.061111
1 0.619792 0.346759 0.026042 0.176852
1 0.336719 0.321296 0.021354 0.100000
1 0.621354 0.348148 0.027083 0.161111
1 0.522135 0.310648 0.014063 0.058333
1 0.305208 0.338426 0.021875 0.136111
1 0.536979 0.308333 0.009375 0.038889
1 0.528125 0.310185 0.008333 0.040741
7 0.478385 0.331019 0.023438 0.060185
7 0.494531 0.334722 0.020313 0.056481
1 0.392448 0.311111 0.015104 0.066667
1 0.372656 0.316204 0.015104 0.075000
1 0.368750 0.306944 0.012500 0.060185
1 0.382292 0.311574 0.011458 0.058333
