1 0.846354 0.657407 0.052083 0.220370
1 0.319792 0.615741 0.035417 0.229630
1 0.916146 0.519907 0.039583 0.195370
1 0.481250 0.983796 0.040625 0.232407
1 0.351042 0.816667 0.036458 0.231481
7 0.377865 0.242593 0.040104 0.103704
7 0.367969 0.325463 0.029687 0.112037
1 0.431510 0.208333 0.036979 0.157407
1 0.337240 0.125463 0.020313 0.128704
1 0.246354 0.235648 0.030208 0.154630
1 0.275260 0.244444 0.034896 0.175926
1 0.404687 0.144444 0.027083 0.148148
1 0.395573 0.109259 0.029687 0.151852
1 0.302083 0.015741 0.028125 0.124074
7 0.327344 0.029167 0.031771 0.071296
7 0.651563 0.081481 0.031250 0.109259
1 0.296354 0.188426 0.030208 0.154630
1 0.169531 0.051389 0.017188 0.139815
1 0.208333 0.177315 0.029167 0.160185
1 0.164062 0.195370 0.026042 0.155556
1 0.199479 0.160185 0.023958 0.161111
1 0.135156 0.205556 0.027604 0.148148
1 0.121354 0.181481 0.033333 0.168519
1 0.151823 0.162037 0.031771 0.157407
1 0.190625 0.147222 0.026042 0.150000
1 0.124740 0.166204 0.020313 0.154630
1 0.467187 -0.025463 0.026042 0.147222
1 0.225260 0.992593 0.051562 0.216667
1 0.505208 0.316204 0.034375 0.184259
1 0.459115 0.327315 0.030729 0.180556
1 0.611198 0.643981 0.045312 0.234259
1 0.891927 0.739352 0.045312 0.217593
1 0.895312 0.701852 0.048958 0.237037
1 0.745313 -0.014815 0.029167 0.133333
1 0.710156 -0.011111 0.023438 0.137037
1 0.981250 0.313889 0.033333 0.174074
1 0.905469 0.272222 0.030729 0.164815
1 0.795312 -0.023148 0.028125 0.148148
1 0.770833 -0.017593 0.023958 0.140741
1 0.783594 0.270370 0.036979 0.150000
1 0.681510 0.252778 0.033854 0.153704
1 0.461198 0.004630 0.028646 0.146296
1 0.428646 -0.008333 0.023958 0.142593
1 0.407552 0.011111 0.026562 0.135185
1 0.263542 0.181944 0.023958 0.145370
1 0.211719 0.574537 0.034896 0.210185
1 0.171875 0.586111 0.045833 0.194444
1 0.241667 0.143981 0.032292 0.158333
1 0.268750 0.131481 0.031250 0.151852
1 0.219271 0.089352 0.032292 0.150926
1 0.246615 0.087037 0.026562 0.140741
1 0.244531 0.032870 0.027604 0.132407
1 0.208594 0.385648 0.038021 0.182407
1 0.170313 0.389352 0.034375 0.187963
1 0.270052 0.380093 0.038021 0.178704
1 0.391406 0.002315 0.031771 0.123148
