1 0.626823 0.345370 0.031771 0.133333
1 0.451562 0.352778 0.031250 0.162963
1 0.082812 0.529630 0.175000 0.653704
1 0.492448 0.353704 0.027604 0.144444
1 0.621354 0.333796 0.021875 0.089815
1 0.737760 0.393981 0.059896 0.328704
1 0.378646 0.341667 0.019792 0.100000
1 0.713542 0.390278 0.045833 0.282407
1 0.549479 0.325463 0.014583 0.060185
1 0.190365 0.405093 0.040104 0.258333
1 0.178125 0.325463 0.021875 0.106481
1 0.574479 0.322685 0.010417 0.047222
1 0.562500 0.316667 0.010417 0.051852
7 0.501563 0.343981 0.022917 0.073148
7 0.521354 0.353241 0.022917 0.073148
1 0.336458 0.325926 0.016667 0.066667
1 0.396615 0.324074 0.011979 0.059259
1 0.404167 0.329167 0.011458 0.058333
