0 0.846875 0.650926 0.035417 0.216667
0 0.426823 0.669907 0.047396 0.241667
0 0.914583 0.519444 0.042708 0.196296
0 0.556771 0.982407 0.043750 0.135185
0 0.351042 0.816667 0.036458 0.231481
2 0.377865 0.242593 0.040104 0.103704
2 0.367969 0.325463 0.029687 0.112037
0 0.424479 0.214815 0.034375 0.157407
0 0.324219 0.127778 0.019271 0.135185
0 0.110937 0.371296 0.033333 0.177778
0 0.082292 0.351852 0.027083 0.194444
0 0.547917 0.824074 0.063542 0.237037
0 0.579688 0.832407 0.044792 0.225926
0 0.404687 0.147222 0.023958 0.138889
0 0.423698 0.151852 0.029687 0.155556
0 0.222396 0.213426 0.026042 0.149074
2 0.651563 0.082407 0.031250 0.109259
0 0.152604 0.919907 0.041667 0.200000
0 0.133854 0.884722 0.047917 0.244444
0 0.289844 0.181944 0.030729 0.160185
0 0.166927 0.113426 0.024479 0.150926
0 0.200521 0.183333 0.027083 0.161111
0 0.974740 0.737963 0.043229 0.205556
0 0.163542 0.193519 0.026042 0.157407
0 0.198437 0.167130 0.023958 0.158333
0 0.128646 0.200000 0.031250 0.146296
0 0.126823 0.183333 0.027604 0.159259
0 0.163021 0.163889 0.029167 0.159259
0 0.151562 0.146759 0.026042 0.145370
0 0.117708 0.174074 0.020833 0.159259
0 0.216146 0.284722 0.031250 0.176852
0 0.252604 0.179167 0.034375 0.167593
0 0.890104 0.361111 0.043750 0.185185
0 0.835156 0.338426 0.028646 0.171296
0 0.790885 0.066204 0.028646 0.132407
0 0.947135 0.296759 0.035937 0.162037
0 0.225000 0.118519 0.023958 0.155556
0 0.201302 0.122685 0.025521 0.139815
2 0.647396 0.071296 0.033333 0.085185
