1 0.766146 0.562500 0.021875 0.106481
1 0.837240 0.545833 0.019271 0.076852
1 0.916146 0.650926 0.033333 0.150000
1 0.973698 0.646759 0.041146 0.152778
1 0.809635 0.534722 0.017188 0.075000
1 0.006250 0.685185 0.034375 0.185185
1 0.243750 0.567130 0.018750 0.095370
1 0.268750 0.575000 0.019792 0.090741
1 0.331771 0.543056 0.013542 0.071296
1 0.319010 0.544444 0.011979 0.068519
1 0.353125 0.526852 0.016667 0.059259
1 0.823698 0.506944 0.011979 0.045370
1 0.704167 0.503704 0.010417 0.044444
1 0.815625 0.504630 0.007292 0.046296
1 0.559896 0.485185 0.006250 0.024074
1 0.314323 0.531944 0.008854 0.069444
1 0.324479 0.526389 0.008333 0.062037
1 0.635156 0.485648 0.007812 0.034259
1 0.685937 0.493056 0.007292 0.041667
1 0.416667 0.501389 0.008333 0.041667
1 0.436458 0.507407 0.008333 0.044444
1 0.404167 0.500463 0.009375 0.039815
1 0.833073 0.501852 0.010937 0.044444
