1 0.844792 0.654630 0.048958 0.214815
1 0.265625 0.019444 0.031250 0.172222
1 0.323177 0.615741 0.043229 0.225926
1 0.914062 0.518981 0.047917 0.193519
1 0.529167 0.986574 0.039583 0.223148
1 0.351042 0.816667 0.036458 0.231481
7 0.377865 0.242593 0.040104 0.103704
7 0.367969 0.325463 0.029687 0.112037
1 0.433594 0.213426 0.033854 0.156481
1 0.514844 -0.011574 0.025521 0.130556
1 0.488021 -0.015278 0.027083 0.136111
1 0.333594 0.126852 0.020313 0.131481
1 0.142187 0.322685 0.031250 0.171296
1 0.107031 0.313426 0.033854 0.184259
1 0.602344 0.952315 0.059896 0.241667
1 0.638802 0.955093 0.049479 0.225000
1 0.403385 0.145370 0.021354 0.140741
1 0.419531 0.125463 0.027604 0.156481
1 0.297656 0.021296 0.022396 0.122222
7 0.327344 0.029167 0.031771 0.071296
1 0.269010 0.155556 0.023438 0.144444
7 0.651563 0.082407 0.031250 0.109259
1 0.152083 1.023611 0.043750 0.152778
1 0.192188 0.992593 0.052083 0.211111
1 0.303646 0.184259 0.026042 0.162963
1 0.161458 0.077778 0.029167 0.146296
1 0.200521 0.183333 0.026042 0.159259
1 0.163021 0.193056 0.025000 0.156481
1 0.198177 0.165741 0.025521 0.159259
1 0.130208 0.199074 0.027083 0.148148
1 0.118490 0.180093 0.026562 0.167593
1 0.154948 0.166667 0.029687 0.161111
1 0.158333 0.142593 0.027083 0.151852
1 0.467448 0.006019 0.025521 0.149074
1 0.203385 0.354630 0.033854 0.183333
1 0.266927 0.111111 0.031771 0.161111
1 0.839323 1.026389 0.035937 0.139815
1 0.789583 1.032870 0.036458 0.132407
1 0.868750 0.288889 0.038542 0.175926
1 0.820052 0.272222 0.026562 0.166667
1 0.786458 0.070370 0.030208 0.131481
1 1.005729 0.357870 0.036458 0.163889
1 0.850260 0.021296 0.027604 0.140741
1 0.804948 0.011111 0.026562 0.148148
1 0.241927 0.150463 0.024479 0.156481
1 0.221615 0.160185 0.025521 0.140741
1 0.194792 0.020370 0.025000 0.127778
1 0.234115 0.037963 0.030729 0.144444
1 0.197396 0.031019 0.026042 0.141667
7 0.647656 0.065278 0.033854 0.095370
