1 0.824479 0.664815 0.043750 0.224074
1 0.252604 0.099537 0.037500 0.167593
1 0.443229 0.681019 0.043750 0.239815
1 0.913542 0.519444 0.045833 0.190741
1 0.552865 0.984259 0.046354 0.231481
1 0.351042 0.816667 0.036458 0.231481
7 0.377865 0.242593 0.040104 0.103704
7 0.367969 0.325463 0.029687 0.112037
1 0.429167 0.212963 0.029167 0.161111
1 0.534375 0.055093 0.027083 0.137963
1 0.499219 0.048148 0.027604 0.148148
1 0.295312 0.125926 0.020833 0.144444
1 0.469792 -0.036111 0.027083 0.124074
1 0.089844 0.396296 0.034896 0.177778
1 0.060156 0.380556 0.022396 0.198148
1 0.509635 0.733796 0.060937 0.230556
1 0.546354 0.742130 0.038542 0.213889
1 0.405990 0.155556 0.025521 0.122222
1 0.387500 0.162500 0.032292 0.154630
1 0.392708 -0.029167 0.025000 0.132407
1 0.297135 0.022222 0.021354 0.122222
7 0.327344 0.029167 0.031771 0.071296
1 0.174219 0.248148 0.025521 0.155556
7 0.651563 0.082407 0.031250 0.109259
1 0.175521 0.826852 0.038542 0.238889
1 0.136458 0.801852 0.053125 0.248148
1 0.278385 0.164352 0.030729 0.158333
1 0.179427 0.127315 0.027604 0.152778
1 0.200521 0.182870 0.027083 0.162037
1 0.867708 0.649537 0.036458 0.195370
1 0.163542 0.194444 0.027083 0.157407
1 0.202604 0.163889 0.026042 0.162963
1 0.129167 0.200000 0.032292 0.146296
1 0.134896 0.182870 0.029167 0.162037
1 0.158073 0.161574 0.029687 0.163889
1 0.150521 0.141667 0.026042 0.150000
1 0.117708 0.174074 0.020833 0.159259
1 0.470052 0.042593 0.025521 0.150000
1 0.227344 0.236111 0.030729 0.168519
1 0.258854 0.233333 0.031250 0.175926
1 0.932813 0.417130 0.038542 0.199074
1 0.863021 0.386574 0.031250 0.182407
1 0.794010 0.049537 0.029687 0.136111
1 0.920833 0.254167 0.035417 0.158333
1 0.894010 0.112500 0.026562 0.150926
1 0.863021 0.106019 0.029167 0.162037
1 0.966146 0.249074 0.040625 0.172222
1 0.222917 0.086111 0.022917 0.146296
1 0.195052 0.093056 0.027604 0.134259
1 0.709375 -0.037963 0.026042 0.120370
7 0.647135 0.072222 0.033854 0.087037
1 0.652344 0.076389 0.033854 0.084259
