1 0.622396 0.358333 0.032292 0.144444
1 0.533073 0.342130 0.027604 0.136111
1 0.516146 0.347685 0.034375 0.160185
1 0.817969 0.577778 0.125521 0.685185
1 0.960677 0.586111 0.150521 0.724074
1 0.382812 0.350926 0.040625 0.190741
1 0.547135 0.342130 0.021354 0.119444
1 0.568750 0.318056 0.010417 0.043519
1 0.038021 0.373148 0.038542 0.179630
1 0.598177 0.337963 0.020313 0.122222
1 0.314583 0.332407 0.025000 0.105556
1 0.602604 0.341204 0.019792 0.113889
1 0.657813 0.335648 0.017708 0.106481
1 0.293229 0.342593 0.031250 0.157407
1 0.279687 0.350463 0.021875 0.132407
1 0.499740 0.333796 0.021354 0.104630
1 0.158073 0.311574 0.017188 0.071296
1 0.165104 0.329167 0.020833 0.110185
1 0.175260 0.318981 0.017188 0.071296
1 0.447917 0.318981 0.011458 0.056481
1 0.434635 0.313889 0.008854 0.061111
1 0.400521 0.318056 0.011458 0.052778
1 -0.001563 0.363889 0.037500 0.188889
1 0.405208 0.320370 0.011458 0.048148
