1 0.852083 0.568981 0.025000 0.115741
1 0.736198 0.560185 0.026562 0.105556
1 0.169792 0.536111 0.014583 0.062963
1 0.621875 0.540278 0.018750 0.086111
1 0.626823 0.521296 0.011979 0.059259
1 0.121094 0.535648 0.008854 0.062037
1 0.464323 0.488426 0.009896 0.043519
1 0.163021 0.538426 0.010417 0.065741
1 0.166406 0.547685 0.011979 0.062037
1 0.112500 0.542130 0.012500 0.067593
1 0.133333 0.533796 0.013542 0.065741
1 0.497656 0.508333 0.010937 0.053704
1 0.557552 0.508333 0.011979 0.057407
1 0.547917 0.510648 0.011458 0.058333
1 0.646615 0.517593 0.015104 0.068519
1 0.593750 0.505556 0.011458 0.057407
1 0.605729 0.503241 0.015625 0.060185
1 0.508073 0.506019 0.010937 0.056481
