1 0.698438 0.513889 0.047917 0.277778
1 0.669792 0.487037 0.038542 0.162963
1 0.255729 0.513889 0.055208 0.227778
1 0.552083 0.460185 0.023958 0.112963
1 0.141406 0.504167 0.042188 0.178704
1 0.190625 0.506019 0.032292 0.165741
1 0.413021 0.462963 0.022917 0.107407
1 0.522656 0.460185 0.020313 0.100000
1 0.214062 0.499074 0.034375 0.172222
1 0.497135 0.451389 0.016146 0.078704
1 0.082031 0.453241 0.015104 0.069444
1 0.240365 0.474074 0.026562 0.124074
1 0.538542 0.452778 0.015625 0.092593
1 0.350521 0.449537 0.011458 0.060185
1 0.342969 0.449537 0.010937 0.052778
1 0.356771 0.455093 0.011458 0.067593
1 0.329948 0.450463 0.010937 0.056481
1 0.315104 0.447685 0.011458 0.056481
1 0.302083 0.446759 0.010417 0.050926
7 0.760677 0.468981 0.021354 0.099074
