1 0.846354 0.656944 0.052083 0.219444
1 0.324740 0.619907 0.040104 0.221296
1 0.916146 0.519907 0.039583 0.195370
1 0.490365 0.985648 0.041146 0.221296
1 0.351042 0.816667 0.036458 0.231481
7 0.377865 0.242593 0.040104 0.103704
7 0.367969 0.325463 0.029687 0.112037
1 0.431510 0.208333 0.036979 0.157407
1 0.337240 0.125463 0.020313 0.128704
1 0.222396 0.231481 0.027083 0.151852
1 0.253385 0.243056 0.043229 0.178704
1 0.404687 0.143519 0.027083 0.148148
1 0.396094 0.110648 0.028646 0.152778
1 0.302083 0.015741 0.028125 0.124074
7 0.327344 0.029167 0.031771 0.071296
7 0.651563 0.081481 0.031250 0.109259
1 0.295573 0.188889 0.031771 0.155556
1 0.172135 0.051389 0.018229 0.137963
1 0.209896 0.178241 0.029167 0.160185
1 0.164062 0.195370 0.026042 0.155556
1 0.199219 0.159722 0.023438 0.162037
1 0.135156 0.206481 0.027604 0.148148
1 0.116667 0.181944 0.023958 0.169444
1 0.151823 0.162037 0.031771 0.157407
1 0.190625 0.146296 0.026042 0.150000
1 0.121094 0.168981 0.020313 0.154630
1 0.467187 -0.025463 0.026042 0.147222
1 0.211198 0.971296 0.051562 0.248148
1 0.500781 0.340741 0.034896 0.192593
1 0.455208 0.345370 0.035417 0.181481
1 0.620573 0.672222 0.045312 0.235185
1 0.916406 0.740278 0.052604 0.219444
1 0.928385 0.696296 0.038021 0.237037
1 0.756510 -0.004630 0.029687 0.133333
1 0.716406 -0.003704 0.023438 0.137037
1 0.970573 0.293519 0.030729 0.174074
1 0.900260 0.245370 0.026562 0.161111
1 0.782552 -0.027778 0.022396 0.125926
1 0.780729 0.248611 0.032292 0.147222
1 0.660677 0.225926 0.028646 0.155556
1 0.459635 -0.000463 0.030729 0.147222
1 0.421354 -0.008333 0.023958 0.142593
1 0.407552 0.011111 0.026562 0.135185
1 0.276823 0.167593 0.028646 0.144444
1 0.214062 0.543981 0.031250 0.206481
1 0.174219 0.556944 0.046354 0.191667
1 0.241927 0.142593 0.032813 0.159259
1 0.262240 0.116667 0.030729 0.151852
1 0.215104 0.071296 0.031250 0.140741
1 0.240365 0.072685 0.024479 0.139815
1 0.217708 0.368056 0.038542 0.182407
1 0.171094 0.370833 0.031771 0.186111
1 0.274479 0.356481 0.033333 0.172222
1 0.392969 0.001852 0.028646 0.124074
