0 0.846875 0.650926 0.035417 0.216667
0 0.428125 0.669907 0.045833 0.239815
0 0.914583 0.519444 0.042708 0.196296
0 0.557031 0.982407 0.043229 0.135185
0 0.351042 0.816667 0.036458 0.231481
2 0.377865 0.242593 0.040104 0.103704
2 0.367969 0.325463 0.029687 0.112037
0 0.424219 0.214815 0.033854 0.157407
0 0.323437 0.127778 0.018750 0.135185
0 0.110156 0.371759 0.033854 0.176852
0 0.081771 0.351852 0.027083 0.194444
0 0.546615 0.822222 0.064062 0.237037
0 0.578385 0.830093 0.044271 0.225000
0 0.404687 0.147222 0.023958 0.138889
0 0.422917 0.151852 0.029167 0.155556
0 0.221094 0.213889 0.026562 0.150000
2 0.651563 0.082407 0.031250 0.109259
0 0.153125 0.918056 0.041667 0.201852
0 0.132552 0.883333 0.048438 0.245370
0 0.289062 0.181481 0.031250 0.159259
0 0.166406 0.113426 0.024479 0.150926
0 0.200521 0.183333 0.027083 0.161111
0 0.972656 0.735648 0.043229 0.204630
0 0.163542 0.193519 0.026042 0.157407
0 0.198437 0.167130 0.023958 0.158333
0 0.128646 0.200000 0.031250 0.146296
0 0.126823 0.183333 0.027604 0.159259
0 0.163021 0.163889 0.029167 0.159259
0 0.151042 0.146759 0.026042 0.145370
0 0.117708 0.174074 0.020833 0.159259
0 0.216146 0.283796 0.031250 0.176852
0 0.252604 0.179630 0.034375 0.168519
0 0.890885 0.361111 0.043229 0.185185
0 0.835677 0.338889 0.028646 0.172222
0 0.790885 0.066204 0.028646 0.132407
0 0.946094 0.294907 0.035937 0.162037
0 0.224740 0.118056 0.024479 0.154630
0 0.200781 0.121759 0.025521 0.139815
2 0.647396 0.071296 0.033333 0.085185
