0 0.851562 0.684259 0.053125 0.224074
0 0.257812 0.148148 0.035417 0.175926
0 0.392448 0.625926 0.045312 0.218519
0 0.915365 0.519907 0.041146 0.193519
0 0.530990 0.977315 0.047396 0.144444
0 0.351042 0.816667 0.036458 0.231481
2 0.377865 0.242593 0.040104 0.103704
2 0.367969 0.325463 0.029687 0.112037
0 0.428906 0.218519 0.028646 0.159259
0 0.537240 0.103704 0.027604 0.148148
0 0.507812 0.090741 0.030208 0.157407
0 0.263802 0.133796 0.025521 0.147222
0 0.070052 0.410648 0.026562 0.173148
0 0.059115 0.391204 0.027604 0.184259
0 0.473438 0.606944 0.054167 0.217593
0 0.506510 0.610185 0.042188 0.200000
0 0.405729 0.157870 0.029167 0.121296
0 0.386719 0.162963 0.032813 0.155556
0 0.121354 0.331019 0.028125 0.163889
2 0.651563 0.082407 0.031250 0.109259
0 0.229948 0.678241 0.039062 0.219444
0 0.175521 0.662500 0.042708 0.234259
0 0.301042 0.139815 0.029167 0.151852
0 0.182552 0.128241 0.030729 0.150926
0 0.200521 0.181481 0.027083 0.162963
0 0.651823 0.551389 0.032813 0.187963
0 0.163021 0.194444 0.027083 0.157407
0 0.191667 0.162500 0.027083 0.160185
0 0.132552 0.203241 0.035937 0.141667
0 0.135156 0.184722 0.035937 0.158333
0 0.155990 0.156481 0.028646 0.161111
0 0.147917 0.141667 0.026042 0.151852
0 0.117708 0.174074 0.020833 0.159259
0 0.234635 0.165741 0.026562 0.161111
0 0.257812 0.331944 0.040625 0.186111
0 0.997396 0.492130 0.021875 0.178704
0 0.920052 0.467593 0.033854 0.190741
0 0.936458 0.192593 0.030208 0.153704
0 0.947396 0.140741 0.035417 0.153704
0 0.982292 0.146296 0.039062 0.157407
0 0.880729 0.135185 0.036458 0.157407
2 0.646615 0.074537 0.032813 0.086111
0 0.651302 0.075926 0.033854 0.083333
