0 0.845833 0.654630 0.051042 0.214815
0 0.308333 0.645833 0.041667 0.232407
0 0.917188 0.516667 0.038542 0.196296
0 0.477865 0.993056 0.045312 0.113889
0 0.351042 0.816667 0.036458 0.231481
2 0.377865 0.242593 0.040104 0.103704
2 0.367969 0.325463 0.029687 0.112037
0 0.422656 0.202778 0.030729 0.159259
0 0.336979 0.125463 0.020833 0.128704
0 0.185677 0.254167 0.027604 0.158333
0 0.158594 0.248148 0.028646 0.177778
0 0.403646 0.141204 0.026042 0.145370
0 0.403125 0.118519 0.031250 0.157407
2 0.651563 0.081481 0.031250 0.109259
0 0.300000 0.187500 0.031250 0.160185
0 0.200000 0.180556 0.025000 0.159259
0 0.163021 0.192593 0.026042 0.155556
0 0.192969 0.168519 0.024479 0.161111
0 0.134115 0.200463 0.025521 0.150926
0 0.121615 0.180556 0.025521 0.168519
0 0.147917 0.165278 0.029167 0.162037
0 0.169271 0.151389 0.030208 0.150926
0 0.118229 0.174074 0.020833 0.159259
0 0.172135 0.556481 0.039062 0.209259
0 0.604167 0.702778 0.042708 0.231481
0 0.567969 0.718981 0.040104 0.228704
0 0.834375 0.149074 0.031250 0.161111
0 0.766406 0.143519 0.026562 0.148148
0 0.790885 0.086111 0.029687 0.135185
0 0.247917 0.279630 0.027083 0.172222
0 0.221875 0.282870 0.036458 0.160185
0 0.260156 0.150000 0.030729 0.153704
0 0.230990 0.150463 0.028646 0.154630
0 0.260677 0.127778 0.025521 0.144444
