1 0.756250 0.634259 0.051042 0.225926
1 0.254688 0.244444 0.038542 0.192593
1 0.103385 0.641204 0.044271 0.230556
1 0.915885 0.519907 0.040104 0.193519
1 0.510938 0.970370 0.041667 0.255556
1 0.351302 0.819444 0.045312 0.231481
7 0.377865 0.242593 0.040104 0.103704
7 0.367969 0.325463 0.029687 0.112037
1 0.429427 0.218519 0.030729 0.161111
1 0.784115 0.111111 0.026562 0.135185
1 0.603125 0.167130 0.027083 0.150926
1 0.564844 0.185185 0.028646 0.172222
1 0.280990 0.189352 0.028646 0.165741
1 0.505990 0.171759 0.034896 0.162037
1 0.069531 0.410648 0.025521 0.173148
1 0.050521 0.393056 0.044792 0.187963
1 0.439063 0.424074 0.042708 0.194444
1 0.473438 0.427778 0.040625 0.175926
1 0.469792 0.172685 0.023958 0.139815
1 0.405990 0.170370 0.024479 0.157407
1 0.380469 0.072685 0.026562 0.149074
1 0.296354 0.023148 0.021875 0.124074
7 0.327344 0.029167 0.031771 0.071296
1 0.134635 0.506944 0.030729 0.186111
7 0.651563 0.082407 0.031250 0.109259
1 0.313281 0.458333 0.032813 0.188889
1 0.270052 0.456944 0.035937 0.208333
1 0.273958 -0.029167 0.026042 0.137963
1 0.236979 -0.021759 0.030208 0.136111
1 0.293750 0.136574 0.023958 0.154630
1 0.183854 0.120833 0.027083 0.149074
1 0.198437 0.181481 0.026042 0.161111
1 0.374219 0.377315 0.028646 0.162037
1 0.164583 0.194907 0.027083 0.156481
1 0.188281 0.165278 0.023438 0.162037
1 0.124740 0.193056 0.028646 0.150926
1 0.141406 0.174074 0.022396 0.168519
1 0.160677 0.162037 0.028646 0.150000
1 0.152083 0.142593 0.028125 0.153704
1 0.117188 0.174074 0.020833 0.159259
1 0.465625 -0.026389 0.018750 0.134259
1 0.209635 0.079630 0.030729 0.146296
1 0.221094 0.556944 0.045312 0.219444
1 0.990104 0.658333 0.039583 0.214815
1 0.864323 0.084722 0.031771 0.136111
1 0.787760 -0.018056 0.022396 0.117593
1 0.149479 0.825926 0.045833 0.250000
1 0.144792 0.754167 0.044792 0.236111
1 0.711979 -0.033796 0.029167 0.130556
7 0.645833 0.076852 0.032292 0.088889
