1 0.844792 0.654630 0.048958 0.214815
1 0.264062 0.007407 0.031250 0.174074
1 0.290104 0.610185 0.062500 0.220370
1 0.914844 0.518981 0.049479 0.193519
1 0.512240 0.980093 0.039062 0.239815
1 0.351042 0.816667 0.036458 0.231481
7 0.377865 0.242593 0.040104 0.103704
7 0.367969 0.325463 0.029687 0.112037
1 0.433594 0.213426 0.033854 0.156481
1 0.511719 -0.018056 0.025521 0.130556
1 0.484896 -0.025463 0.027083 0.136111
1 0.333854 0.126852 0.019792 0.131481
1 0.147917 0.315278 0.030208 0.169444
1 0.119271 0.306019 0.033333 0.187963
1 0.606510 0.978241 0.052604 0.237963
1 0.641667 0.985185 0.045833 0.222222
1 0.402865 0.145370 0.022396 0.140741
1 0.410677 0.124074 0.026562 0.159259
1 0.297656 0.020833 0.022396 0.121296
7 0.327344 0.029167 0.031771 0.071296
1 0.271615 0.143519 0.023438 0.144444
7 0.651563 0.082407 0.031250 0.109259
1 0.152083 1.040278 0.043750 0.119444
1 0.195833 1.013426 0.052083 0.175000
1 0.300000 0.184259 0.032292 0.162963
1 0.155208 0.069907 0.030208 0.145370
1 0.200260 0.183333 0.025521 0.159259
1 0.163021 0.193056 0.025000 0.156481
1 0.199479 0.166204 0.025000 0.160185
1 0.134635 0.198611 0.022396 0.147222
1 0.121094 0.181019 0.026562 0.167593
1 0.149479 0.166204 0.029167 0.162037
1 0.157552 0.144444 0.027604 0.151852
1 0.469271 0.004167 0.026042 0.149074
1 0.195312 0.372222 0.034375 0.190741
1 0.264062 0.097222 0.031250 0.159259
1 0.812760 1.001389 0.046354 0.187963
1 0.769792 1.012963 0.040625 0.168519
1 0.865104 0.271759 0.036458 0.175000
1 0.806771 0.257407 0.033333 0.164815
1 0.786458 0.071296 0.030208 0.131481
1 0.835677 0.013889 0.027604 0.140741
1 0.797135 0.006944 0.026562 0.145370
1 0.249219 0.162037 0.023438 0.161111
1 0.229687 0.169907 0.025000 0.141667
1 0.190885 0.031019 0.024479 0.128704
1 0.233594 0.046759 0.029687 0.143519
1 0.197396 0.040741 0.028125 0.142593
1 0.238281 0.030556 0.023438 0.133333
1 0.649479 0.047685 0.026042 0.134259
