1 0.614062 0.366667 0.032292 0.144444
1 0.436979 0.367593 0.030208 0.150000
1 0.221875 0.435185 0.110417 0.411111
1 0.488542 0.375926 0.029167 0.140741
1 0.564844 0.342130 0.017188 0.065741
1 0.637500 0.381481 0.028125 0.222222
1 0.323437 0.355556 0.020833 0.094444
1 0.629427 0.384259 0.030729 0.196296
1 0.069010 0.382407 0.036979 0.140741
1 0.510417 0.340278 0.014583 0.058333
1 0.528906 0.335648 0.010937 0.037963
1 0.514323 0.336111 0.008854 0.044444
7 0.465625 0.361111 0.023958 0.064815
7 0.482552 0.367130 0.021354 0.063889
1 0.350260 0.346296 0.015104 0.066667
1 0.321354 0.344907 0.018750 0.076852
1 0.357292 0.343981 0.012500 0.060185
1 0.361979 0.345833 0.011458 0.058333
