1 0.644271 0.352778 0.032292 0.144444
1 0.462500 0.346296 0.030208 0.146296
1 0.196875 0.401852 0.091667 0.355556
1 0.509375 0.352778 0.029167 0.137037
1 0.573698 0.329630 0.014063 0.066667
1 0.634115 0.364815 0.026562 0.187037
1 0.338542 0.331481 0.020833 0.094444
1 0.630469 0.360648 0.026562 0.167593
1 0.156510 0.346296 0.030729 0.142593
1 0.525781 0.325463 0.014063 0.058333
1 0.301042 0.355556 0.021875 0.146296
1 0.542188 0.319444 0.009375 0.038889
1 0.531250 0.317593 0.008333 0.044444
7 0.481771 0.339352 0.023958 0.063889
7 0.500260 0.344907 0.021354 0.062037
1 0.389844 0.321296 0.015104 0.066667
1 0.369531 0.316204 0.015104 0.075000
1 0.372917 0.323611 0.012500 0.060185
1 0.384896 0.320833 0.011458 0.058333
