1 0.616667 0.379630 0.030208 0.129630
1 0.411458 0.383333 0.032292 0.164815
1 0.451823 0.394907 0.029687 0.149074
1 0.705990 0.386111 0.040104 0.159259
1 0.973177 0.512037 0.119271 0.657407
1 0.556250 0.358333 0.016667 0.064815
1 0.015104 0.377315 0.026042 0.100926
1 0.039583 0.372685 0.027083 0.106481
1 0.595052 0.358796 0.014063 0.054630
1 0.576042 0.356481 0.012500 0.057407
7 0.500781 0.396296 0.030729 0.101852
7 0.526563 0.403704 0.032292 0.096296
1 0.329948 0.354630 0.013021 0.051852
1 0.342708 0.358796 0.011458 0.045370
1 0.347396 0.351852 0.012500 0.042593
1 0.356510 0.350463 0.011979 0.045370
1 0.391406 0.358796 0.015104 0.052778
1 0.367708 0.350463 0.010417 0.037963
1 0.376563 0.350926 0.011458 0.038889
