0 0.530208 0.417593 0.033333 0.148148
0 0.476042 0.395370 0.023958 0.127778
0 0.450521 0.397222 0.023958 0.133333
0 0.780990 0.643056 0.113021 0.639815
0 0.925781 0.627315 0.146354 0.660185
0 0.335156 0.405556 0.041146 0.159259
0 0.482292 0.396759 0.021875 0.113889
0 0.511458 0.393519 0.025000 0.116667
0 0.214844 0.391667 0.026562 0.116667
0 0.676302 0.443056 0.047396 0.263889
0 0.518229 0.388889 0.016667 0.096296
0 0.564583 0.393056 0.017708 0.106481
0 0.270313 0.387500 0.023958 0.121296
0 0.255208 0.393981 0.017708 0.100926
0 0.497917 0.392593 0.021875 0.096296
0 0.099740 0.366204 0.013021 0.065741
0 0.120313 0.387037 0.020833 0.105556
2 0.427344 0.385648 0.016146 0.049074
2 0.439063 0.387037 0.015625 0.044444
0 0.128646 0.367130 0.014583 0.063889
0 0.367708 0.371759 0.012500 0.056481
0 0.353906 0.370833 0.009896 0.052778
