1 0.850260 0.569907 0.033854 0.119444
1 0.714583 0.564352 0.026042 0.113889
1 0.130208 0.553704 0.013542 0.068519
1 0.616927 0.549074 0.021354 0.096296
1 0.595573 0.526852 0.011979 0.062963
1 0.242188 0.501389 0.008333 0.034259
1 0.070312 0.555093 0.010417 0.065741
1 0.445573 0.495370 0.009896 0.044444
1 0.123177 0.554167 0.009896 0.071296
1 0.125521 0.561111 0.012500 0.066667
1 0.068229 0.558796 0.012500 0.069444
1 0.086198 0.549537 0.014063 0.073148
1 0.481250 0.515278 0.014583 0.058333
1 0.533333 0.512963 0.012500 0.055556
1 0.522135 0.513426 0.010937 0.060185
1 0.609115 0.522685 0.014063 0.073148
1 0.563542 0.511111 0.015625 0.062963
1 0.575781 0.508796 0.015104 0.058333
1 0.493750 0.513426 0.013542 0.060185
