1 0.685417 0.517593 0.047917 0.283333
1 0.651563 0.487037 0.038542 0.162963
1 0.234896 0.508796 0.056250 0.234259
1 0.535937 0.462037 0.023958 0.112963
1 0.125000 0.504630 0.042708 0.179630
1 0.168229 0.509259 0.032292 0.166667
1 0.398438 0.463426 0.022917 0.108333
1 0.508333 0.462963 0.020833 0.100000
1 0.196354 0.500000 0.034375 0.174074
1 0.483594 0.450000 0.017188 0.079630
1 0.060677 0.452315 0.015104 0.071296
1 0.521354 0.454167 0.015625 0.093519
1 0.334896 0.451389 0.011458 0.060185
1 0.328385 0.450463 0.010937 0.052778
1 0.341406 0.456481 0.011979 0.068519
1 0.316406 0.445370 0.010937 0.057407
1 0.301302 0.446759 0.010937 0.056481
1 0.285417 0.446759 0.010417 0.050926
7 0.743490 0.469907 0.021354 0.099074
