0 0.635417 0.356944 0.032292 0.143519
0 0.462760 0.349074 0.029687 0.144444
0 0.238802 0.435648 0.099479 0.436111
0 0.225521 0.388889 0.078125 0.311111
0 0.502083 0.349537 0.029167 0.132407
0 0.555208 0.330093 0.014583 0.058333
0 0.602344 0.360648 0.028646 0.163889
0 0.323698 0.337500 0.021354 0.100926
0 0.607812 0.357870 0.026042 0.152778
0 0.717708 0.350926 0.020833 0.112963
0 0.512240 0.326852 0.014063 0.055556
0 0.309896 0.360648 0.021875 0.136111
0 0.522396 0.327315 0.009375 0.037963
2 0.467448 0.345370 0.026562 0.059259
2 0.485938 0.350926 0.018750 0.057407
0 0.395833 0.328241 0.015625 0.065741
0 0.372656 0.324074 0.015104 0.074074
0 0.360417 0.327315 0.012500 0.060185
