1 0.938802 0.706944 0.052604 0.230556
1 0.922917 0.575000 0.030208 0.101852
1 0.862760 0.560648 0.019271 0.104630
1 0.025260 0.621296 0.031771 0.142593
1 0.102604 0.611111 0.025000 0.124074
1 0.074740 0.612500 0.025521 0.115741
1 0.166146 0.575926 0.020833 0.105556
1 0.136458 0.605093 0.023958 0.134259
1 0.753385 0.519907 0.013021 0.050926
1 0.684635 0.521759 0.015104 0.071296
1 0.743229 0.517593 0.010417 0.053704
1 0.429948 0.483796 0.007812 0.028704
1 0.110417 0.553241 0.021875 0.080556
1 0.290365 0.509722 0.008854 0.043519
1 0.092188 0.594907 0.019792 0.130556
1 0.569010 0.488426 0.009896 0.039815
1 0.777865 0.512963 0.014063 0.059259
1 0.312240 0.512963 0.009896 0.059259
1 0.321094 0.519907 0.010937 0.058333
1 0.277344 0.512963 0.009896 0.057407
1 0.300521 0.506481 0.010417 0.055556
1 0.732812 0.509722 0.012500 0.058333
1 0.597135 0.502778 0.009896 0.044444
1 0.604688 0.506019 0.011458 0.047222
1 0.676042 0.508333 0.012500 0.048148
1 0.669010 0.510648 0.010937 0.050926
1 0.060156 0.606481 0.016146 0.100000
1 0.778125 0.512037 0.012500 0.059259
1 0.739323 0.511574 0.010937 0.054630
1 0.761198 0.514815 0.009896 0.053704
1 0.681510 0.502778 0.011979 0.048148
