1 0.834635 0.683333 0.040104 0.224074
1 0.250521 0.135185 0.034375 0.174074
1 0.418750 0.641204 0.039583 0.230556
1 0.915365 0.519907 0.041146 0.193519
1 0.546354 0.974537 0.046875 0.243519
1 0.351042 0.816667 0.036458 0.231481
7 0.377865 0.242593 0.040104 0.103704
7 0.367969 0.325463 0.029687 0.112037
1 0.428646 0.218056 0.026042 0.158333
1 0.776302 -0.022685 0.026562 0.121296
1 0.538542 0.086111 0.027083 0.140741
1 0.503385 0.073148 0.030729 0.150000
1 0.275000 0.128241 0.021875 0.156481
1 0.481771 0.007870 0.027083 0.139815
1 0.071354 0.410648 0.027083 0.173148
1 0.059635 0.389352 0.027604 0.186111
1 0.485677 0.641204 0.059896 0.219444
1 0.519792 0.652315 0.042708 0.202778
1 0.406250 0.150000 0.020833 0.138889
1 0.386458 0.162500 0.031250 0.156481
1 0.390104 0.025463 0.025000 0.134259
1 0.297135 0.022222 0.021354 0.122222
7 0.327344 0.029167 0.031771 0.071296
1 0.135677 0.303704 0.025521 0.164815
7 0.651563 0.082407 0.031250 0.109259
1 0.210417 0.725000 0.036458 0.225926
1 0.164323 0.708333 0.046354 0.240741
1 0.291406 0.143519 0.027604 0.155556
1 0.182552 0.128241 0.030729 0.150926
1 0.200521 0.182407 0.027083 0.162963
1 0.715625 0.581944 0.033333 0.189815
1 0.163021 0.194444 0.027083 0.157407
1 0.191927 0.163889 0.025521 0.161111
1 0.130208 0.200463 0.030208 0.143519
1 0.133594 0.177778 0.025521 0.164815
1 0.156771 0.156019 0.030208 0.160185
1 0.148438 0.140741 0.026042 0.151852
1 0.117708 0.174074 0.020833 0.159259
1 0.456510 0.052778 0.024479 0.151852
1 0.239063 0.184722 0.029167 0.160185
1 0.254688 0.300926 0.039583 0.183333
1 0.984115 0.464815 0.046354 0.177778
1 0.894271 0.439352 0.036458 0.186111
1 0.801302 0.018981 0.026562 0.136111
1 0.929427 0.216204 0.034896 0.158333
1 0.940365 0.140741 0.027604 0.151852
1 0.929427 0.143519 0.035937 0.159259
1 0.898698 0.166667 0.034896 0.159259
1 0.230729 0.058796 0.021875 0.136111
1 0.204687 0.061574 0.029167 0.126852
1 0.721094 -0.035648 0.029687 0.125000
7 0.646875 0.074074 0.033333 0.087037
1 0.651563 0.076389 0.034375 0.084259
