1 0.734375 0.637037 0.053125 0.224074
1 0.239844 0.354630 0.039062 0.200000
1 0.073698 0.622685 0.043229 0.230556
1 0.916146 0.519907 0.039583 0.193519
1 0.586198 0.974537 0.042188 0.237963
1 0.353646 0.820833 0.052083 0.232407
7 0.377865 0.242593 0.040104 0.103704
7 0.367969 0.325463 0.029687 0.112037
1 0.429688 0.218519 0.031250 0.161111
1 0.789323 0.131944 0.027604 0.136111
1 0.723437 0.242593 0.026042 0.150000
1 0.707292 0.250463 0.026042 0.167593
1 0.347917 0.241204 0.028125 0.147222
1 0.484896 0.284259 0.037500 0.174074
1 0.069010 0.410648 0.024479 0.173148
1 0.078906 0.393056 0.028646 0.187963
1 0.421615 0.294444 0.032813 0.174074
1 0.442188 0.301389 0.026042 0.158333
1 0.641667 0.237037 0.022917 0.150000
1 0.579688 0.208333 0.022917 0.162963
1 0.380469 0.071296 0.027604 0.150000
1 0.297656 0.021296 0.021354 0.125926
7 0.327344 0.029167 0.031771 0.071296
1 0.077083 0.697685 0.030208 0.200926
7 0.651563 0.081944 0.031250 0.108333
1 0.309635 0.310648 0.028646 0.173148
1 0.291667 0.328704 0.035417 0.192593
1 0.245573 0.062037 0.024479 0.140741
1 0.209375 0.054167 0.022917 0.147222
1 0.293229 0.136574 0.025000 0.154630
1 0.262760 0.112037 0.029687 0.148148
1 0.199479 0.178704 0.028125 0.162963
1 0.263802 0.241204 0.030729 0.156481
1 0.164062 0.193519 0.027083 0.157407
1 0.190104 0.164352 0.022917 0.163889
1 0.128125 0.192593 0.023958 0.153704
1 0.147656 0.169907 0.026562 0.171296
1 0.161198 0.151852 0.028646 0.155556
1 0.153125 0.142593 0.028125 0.153704
1 0.117188 0.174074 0.020833 0.159259
1 0.488802 -0.045370 0.021354 0.107407
1 0.202344 -0.002315 0.020313 0.143519
1 0.231250 0.828241 0.048958 0.249074
1 0.790625 -0.009722 0.025000 0.126852
7 0.646875 0.075463 0.033333 0.097222
