1 0.459896 0.356481 0.030208 0.150000
1 0.218490 0.423148 0.100521 0.383333
1 0.509896 0.362500 0.029167 0.139815
1 0.580469 0.327778 0.016146 0.068519
1 0.648958 0.366667 0.029167 0.205556
1 0.343750 0.350000 0.020833 0.094444
1 0.637760 0.365278 0.025521 0.189815
1 0.134375 0.367130 0.037500 0.136111
1 0.088542 0.376852 0.050000 0.151852
1 0.527344 0.326389 0.014063 0.058333
1 0.281771 0.372685 0.023958 0.160185
1 0.546875 0.324074 0.009375 0.038889
1 0.535156 0.318981 0.008854 0.041667
7 0.484896 0.351852 0.023958 0.064815
7 0.503385 0.355093 0.021354 0.063889
1 0.380990 0.336111 0.015104 0.066667
1 0.360417 0.336111 0.016667 0.077778
1 0.375000 0.330093 0.012500 0.060185
1 0.387500 0.334722 0.011458 0.058333
