1 0.846615 0.656019 0.052604 0.217593
1 0.346615 0.625463 0.046354 0.225000
1 0.916146 0.518981 0.039583 0.195370
1 0.494271 0.985185 0.041667 0.229630
1 0.351042 0.816667 0.036458 0.231481
7 0.377865 0.242593 0.040104 0.103704
7 0.367969 0.325463 0.029687 0.112037
1 0.431510 0.208333 0.036979 0.157407
1 0.337240 0.125463 0.020313 0.128704
1 0.196094 0.235185 0.027604 0.153704
1 0.215104 0.243981 0.031250 0.178704
1 0.405208 0.142130 0.028125 0.147222
1 0.395573 0.108333 0.029687 0.151852
1 0.302083 0.016204 0.028125 0.123148
7 0.327344 0.029167 0.031771 0.071296
7 0.651563 0.081481 0.031250 0.109259
1 0.297396 0.187500 0.028125 0.154630
1 0.174740 0.050000 0.023438 0.138889
1 0.208854 0.179167 0.029167 0.158333
1 0.164062 0.194444 0.026042 0.155556
1 0.198958 0.157870 0.023958 0.158333
1 0.133594 0.202778 0.027604 0.155556
1 0.119792 0.181481 0.027083 0.170370
1 0.152083 0.161574 0.032292 0.156481
1 0.190885 0.144444 0.025521 0.150000
1 0.119271 0.163889 0.020833 0.159259
1 0.467187 -0.025463 0.026042 0.147222
1 0.196094 0.905093 0.048438 0.245370
1 0.497396 0.375463 0.034375 0.193519
1 0.454167 0.380556 0.035417 0.187037
1 0.641927 0.740278 0.046354 0.245370
1 0.929948 0.741667 0.047396 0.227778
1 0.962760 0.700000 0.038021 0.224074
1 0.766406 0.014815 0.029687 0.133333
1 0.730990 0.013889 0.023438 0.137037
1 0.954167 0.255093 0.035417 0.167593
1 0.885938 0.214815 0.027083 0.155556
1 0.781510 0.231944 0.032813 0.147222
1 0.635417 0.191667 0.028125 0.153704
1 0.453646 -0.004630 0.025000 0.148148
1 0.414844 -0.008333 0.023438 0.142593
1 0.400781 0.012037 0.026562 0.135185
1 0.275000 0.142593 0.025000 0.140741
1 0.219010 0.513426 0.034896 0.208333
1 0.178125 0.516667 0.042708 0.187037
1 0.246094 0.142593 0.028646 0.161111
1 0.246094 0.087037 0.031771 0.142593
1 0.212500 0.057870 0.028125 0.141667
1 0.235677 0.057870 0.025521 0.139815
1 0.227083 0.342130 0.035417 0.180556
1 0.180469 0.340278 0.031771 0.178704
1 0.276302 0.324074 0.033854 0.168519
1 0.382552 -0.005556 0.020313 0.124074
