1 0.766667 0.644444 0.048958 0.227778
1 0.255469 0.233333 0.038021 0.190741
1 0.119792 0.647685 0.044792 0.232407
1 0.915885 0.519907 0.040104 0.193519
1 0.513542 0.974537 0.045833 0.249074
1 0.350521 0.818981 0.043750 0.230556
7 0.377865 0.242593 0.040104 0.103704
7 0.367969 0.325463 0.029687 0.112037
1 0.429427 0.218519 0.030729 0.161111
1 0.780469 0.104630 0.026562 0.135185
1 0.592187 0.163889 0.029167 0.150000
1 0.555729 0.178241 0.031250 0.167593
1 0.279687 0.186111 0.026042 0.162963
1 0.507031 0.162037 0.033854 0.162963
1 0.069531 0.410648 0.025521 0.173148
1 0.051562 0.393056 0.042708 0.187963
1 0.444010 0.440741 0.045312 0.198148
1 0.478125 0.444444 0.038542 0.179630
1 0.458594 0.173611 0.020313 0.141667
1 0.403646 0.172222 0.022917 0.159259
1 0.380469 0.072685 0.026562 0.149074
1 0.296875 0.023148 0.021875 0.124074
7 0.327344 0.029167 0.031771 0.071296
1 0.136198 0.485648 0.030729 0.184259
7 0.651563 0.082407 0.031250 0.109259
1 0.308594 0.477315 0.032813 0.195370
1 0.263021 0.470370 0.036458 0.205556
1 0.276042 -0.033796 0.026042 0.130556
1 0.244010 -0.029630 0.023438 0.133333
1 0.294010 0.136574 0.023438 0.154630
1 0.179167 0.125463 0.027083 0.149074
1 0.197917 0.182407 0.026042 0.161111
1 0.395573 0.396296 0.035937 0.170370
1 0.164583 0.195833 0.027083 0.156481
1 0.188542 0.165741 0.022917 0.162963
1 0.127865 0.193981 0.028646 0.149074
1 0.141667 0.175926 0.023958 0.170370
1 0.160156 0.164352 0.028646 0.145370
1 0.152083 0.142593 0.028125 0.153704
1 0.117188 0.174074 0.020833 0.159259
1 0.465104 -0.018981 0.018750 0.132407
1 0.217448 0.086574 0.029687 0.147222
1 0.223438 0.539352 0.045833 0.217593
1 0.986198 0.640278 0.036979 0.213889
1 0.870313 0.090278 0.029167 0.136111
1 0.797917 -0.011111 0.022917 0.120370
1 0.160677 0.853704 0.045312 0.253704
1 0.169010 0.783796 0.049479 0.241667
1 0.227083 -0.033333 0.021875 0.124074
1 0.205469 -0.035185 0.023438 0.120370
1 0.715885 -0.034259 0.029687 0.129630
7 0.645833 0.076852 0.032292 0.088889
1 0.649740 0.076852 0.035937 0.085185
