1 0.854948 0.568519 0.033854 0.120370
1 0.711198 0.562500 0.024479 0.117593
1 0.118750 0.558333 0.014583 0.066667
1 0.615885 0.553241 0.020313 0.100926
1 0.588281 0.529167 0.011979 0.063889
1 0.233333 0.504630 0.007292 0.035185
1 0.058333 0.560185 0.010417 0.066667
1 0.440885 0.497685 0.008854 0.045370
1 0.112500 0.559259 0.010417 0.072222
1 0.115104 0.566204 0.012500 0.067593
1 0.057031 0.563889 0.013021 0.072222
1 0.073177 0.555556 0.014063 0.075926
1 0.479167 0.517593 0.013542 0.059259
1 0.528385 0.513889 0.014063 0.055556
1 0.517708 0.515278 0.011458 0.060185
1 0.602344 0.522685 0.017188 0.073148
1 0.505990 0.513426 0.008854 0.050926
1 0.611979 0.521759 0.015625 0.071296
1 0.556510 0.512037 0.015104 0.061111
1 0.567969 0.510648 0.015104 0.058333
1 0.492188 0.516204 0.011458 0.062037
