1 0.580990 0.385185 0.033854 0.146296
1 0.519792 0.368519 0.025000 0.133333
1 0.495312 0.367593 0.029167 0.148148
1 0.776563 0.612037 0.118750 0.666667
1 0.924219 0.626389 0.147396 0.697222
1 0.367188 0.368056 0.032292 0.171296
1 0.528125 0.365741 0.020833 0.120370
1 0.022917 0.381481 0.045833 0.177778
1 0.566146 0.361111 0.022917 0.118519
1 0.281510 0.350926 0.025521 0.111111
1 0.828125 0.462037 0.075000 0.409259
1 0.572396 0.362037 0.018750 0.105556
1 0.623437 0.363426 0.017708 0.106481
1 0.292448 0.353241 0.024479 0.126852
1 0.277865 0.356019 0.021354 0.110185
1 0.142448 0.322222 0.014063 0.070370
1 0.156250 0.347222 0.020833 0.105556
7 0.477604 0.350000 0.018750 0.050000
1 0.167448 0.329630 0.016146 0.068519
1 0.421354 0.338889 0.011458 0.057407
1 0.411458 0.338426 0.009375 0.058333
1 0.378385 0.337963 0.010937 0.051852
1 0.388281 0.336574 0.011979 0.047222
