1 0.844792 0.654630 0.048958 0.214815
1 0.264583 0.021759 0.031250 0.171296
1 0.329167 0.620370 0.048958 0.227778
1 0.913802 0.518981 0.047396 0.193519
1 0.532552 0.987963 0.039062 0.224074
1 0.351042 0.816667 0.036458 0.231481
7 0.377865 0.242593 0.040104 0.103704
7 0.367969 0.325463 0.029687 0.112037
1 0.433854 0.213426 0.034375 0.156481
1 0.515885 -0.007870 0.025521 0.130556
1 0.489063 -0.012500 0.027083 0.136111
1 0.333594 0.126852 0.020313 0.131481
1 0.141667 0.326389 0.031250 0.171296
1 0.104688 0.314352 0.029167 0.184259
1 0.600781 0.944907 0.064062 0.241667
1 0.637240 0.947222 0.048438 0.225926
1 0.403906 0.145370 0.021354 0.140741
1 0.421875 0.126389 0.028125 0.154630
1 0.297396 0.021296 0.021875 0.122222
7 0.327344 0.029167 0.031771 0.071296
1 0.268490 0.157407 0.023438 0.144444
7 0.651563 0.082407 0.031250 0.109259
1 0.154167 1.020370 0.043750 0.159259
1 0.191146 0.987963 0.052083 0.220370
1 0.304167 0.184722 0.026042 0.162037
1 0.163021 0.078704 0.028125 0.146296
1 0.200521 0.183333 0.026042 0.159259
1 0.163021 0.193056 0.025000 0.156481
1 0.197917 0.165741 0.026042 0.159259
1 0.129688 0.199074 0.027083 0.148148
1 0.117969 0.180093 0.026562 0.167593
1 0.156510 0.167130 0.029687 0.160185
1 0.158854 0.142593 0.027083 0.151852
1 0.467187 0.007870 0.026042 0.149074
1 0.205729 0.347685 0.034375 0.180556
1 0.265885 0.115741 0.031771 0.161111
1 0.871094 0.292593 0.034896 0.175926
1 0.822135 0.275926 0.026562 0.166667
1 0.786458 0.070370 0.030208 0.131481
1 1.002865 0.356944 0.035937 0.163889
1 0.852344 0.026852 0.027604 0.140741
1 0.807552 0.013426 0.026562 0.150926
1 0.240365 0.148611 0.024479 0.158333
1 0.219531 0.158333 0.025521 0.140741
1 0.195833 0.017593 0.025000 0.127778
1 0.234115 0.032407 0.030729 0.144444
1 0.199219 0.027315 0.026562 0.141667
7 0.647396 0.068056 0.033333 0.089815
