1 0.616406 0.381944 0.029687 0.125000
1 0.414062 0.384259 0.032292 0.164815
1 0.453906 0.393519 0.029687 0.150000
1 0.708333 0.387037 0.041667 0.162963
1 0.980469 0.512500 0.120313 0.665741
1 0.556771 0.357407 0.016667 0.064815
1 0.014323 0.379167 0.026562 0.100926
1 0.037760 0.373611 0.026562 0.106481
1 0.596094 0.358796 0.014063 0.054630
1 0.577083 0.356481 0.012500 0.057407
7 0.501823 0.395370 0.030729 0.101852
7 0.528125 0.403704 0.032292 0.096296
1 0.329948 0.353704 0.013021 0.051852
1 0.343490 0.357870 0.011979 0.045370
1 0.347396 0.351389 0.012500 0.043519
1 0.357031 0.349537 0.011979 0.045370
1 0.391927 0.358796 0.015104 0.052778
1 0.368229 0.350463 0.010417 0.037963
1 0.377083 0.350000 0.011458 0.038889
