1 0.942969 0.593981 0.038021 0.178704
1 0.123698 0.607870 0.019271 0.102778
1 0.988542 0.686574 0.050000 0.230556
1 0.554688 0.496296 0.012500 0.040741
1 0.111979 0.609259 0.017708 0.098148
1 0.110156 0.624074 0.016146 0.098148
1 0.036198 0.619444 0.020313 0.098148
1 0.669271 0.567593 0.023958 0.103704
1 0.670833 0.555556 0.026042 0.105556
1 0.693750 0.555556 0.030208 0.116667
1 0.029687 0.618056 0.028125 0.104630
1 0.699740 0.552778 0.022396 0.103704
1 0.604688 0.523148 0.019792 0.070370
1 0.588542 0.516667 0.012500 0.053704
1 0.628646 0.523611 0.013542 0.069444
1 0.617708 0.525463 0.011458 0.073148
