1 0.846354 0.656944 0.052083 0.219444
1 0.321615 0.618981 0.038021 0.223148
1 0.916146 0.519907 0.039583 0.195370
1 0.489323 0.985648 0.041146 0.223148
1 0.351042 0.816667 0.036458 0.231481
7 0.377865 0.242593 0.040104 0.103704
7 0.367969 0.325463 0.029687 0.112037
1 0.431510 0.208333 0.036979 0.157407
1 0.337240 0.125463 0.020313 0.128704
1 0.229948 0.231481 0.028646 0.151852
1 0.259375 0.243056 0.041667 0.178704
1 0.404687 0.144444 0.027083 0.148148
1 0.395833 0.110185 0.029167 0.151852
1 0.302083 0.015741 0.028125 0.124074
7 0.327344 0.029167 0.031771 0.071296
7 0.651563 0.081481 0.031250 0.109259
1 0.295573 0.188889 0.031771 0.155556
1 0.171354 0.052315 0.017708 0.137963
1 0.209375 0.179167 0.029167 0.160185
1 0.164062 0.195370 0.026042 0.155556
1 0.199740 0.160648 0.023438 0.162037
1 0.135677 0.206481 0.027604 0.148148
1 0.117448 0.181481 0.025521 0.168519
1 0.151823 0.162037 0.031771 0.157407
1 0.190625 0.146296 0.026042 0.150000
1 0.122656 0.168981 0.020313 0.154630
1 0.467187 -0.025463 0.026042 0.147222
1 0.214323 0.979167 0.051562 0.241667
1 0.502604 0.334259 0.034375 0.192593
1 0.455208 0.337963 0.035417 0.179630
1 0.617969 0.664352 0.045312 0.234259
1 0.910417 0.740741 0.047917 0.218519
1 0.917448 0.698611 0.048438 0.237963
1 0.753385 -0.007407 0.029687 0.133333
1 0.714323 -0.007407 0.023438 0.137037
1 0.973698 0.300463 0.030729 0.175000
1 0.900781 0.253704 0.029687 0.162963
1 0.786979 -0.025463 0.023958 0.128704
1 0.763802 -0.026852 0.024479 0.140741
1 0.781510 0.255556 0.032813 0.146296
1 0.664844 0.234259 0.030729 0.153704
1 0.459896 0.000926 0.030208 0.146296
1 0.423177 -0.008333 0.023438 0.142593
1 0.407552 0.011111 0.026562 0.135185
1 0.274219 0.172222 0.027604 0.144444
1 0.213281 0.554167 0.031771 0.208333
1 0.173437 0.560648 0.044792 0.187963
1 0.241406 0.143519 0.032813 0.159259
1 0.264323 0.120370 0.030729 0.151852
1 0.215625 0.074537 0.031250 0.143519
1 0.241406 0.076389 0.024479 0.139815
1 0.242448 0.027778 0.027604 0.133333
1 0.214583 0.374537 0.038542 0.182407
1 0.169531 0.375000 0.031771 0.188889
1 0.273958 0.364352 0.033333 0.175000
1 0.392708 0.002315 0.029167 0.123148
