1 0.735677 0.637500 0.053646 0.223148
1 0.229948 0.430556 0.043229 0.214815
1 0.074740 0.623611 0.043229 0.230556
1 0.916406 0.519907 0.039062 0.193519
1 0.646615 1.000926 0.042188 0.196296
1 0.354167 0.820833 0.052083 0.232407
7 0.377865 0.242593 0.040104 0.103704
7 0.367969 0.325463 0.029687 0.112037
1 0.429688 0.218519 0.031250 0.161111
1 0.989844 0.351389 0.036979 0.176852
1 0.788542 0.132407 0.027083 0.135185
1 0.818750 0.281944 0.026042 0.160185
1 0.783333 0.285648 0.030208 0.180556
1 0.465885 0.263889 0.035937 0.159259
1 0.540625 0.244444 0.038542 0.161111
1 0.096875 0.422685 0.031250 0.175000
1 0.097917 0.399074 0.034375 0.190741
1 0.460156 0.231481 0.029687 0.170370
1 0.481510 0.237037 0.027604 0.153704
1 0.552083 -0.025926 0.023958 0.112963
1 0.533073 -0.025463 0.022396 0.110185
1 0.723698 0.275463 0.021354 0.154630
1 0.697396 0.240741 0.029167 0.153704
1 0.380469 0.070833 0.027604 0.150926
1 0.295833 0.022222 0.018750 0.120370
7 0.327344 0.029167 0.031771 0.071296
1 0.021354 0.819444 0.034375 0.216667
7 0.651563 0.080093 0.031250 0.106481
1 0.269792 0.245833 0.028125 0.163889
1 0.276042 0.258333 0.042708 0.179630
1 0.242188 0.107870 0.026042 0.147222
1 0.215885 0.118981 0.025521 0.150926
1 0.292708 0.136574 0.022917 0.154630
1 0.267448 0.112963 0.027604 0.148148
1 0.199219 0.179167 0.027604 0.163889
1 0.242708 0.167130 0.027083 0.141667
1 0.161458 0.192593 0.027083 0.157407
1 0.190885 0.162037 0.021354 0.157407
1 0.123177 0.195370 0.025521 0.151852
1 0.145313 0.169907 0.023958 0.171296
1 0.151042 0.155093 0.030208 0.156481
1 0.152083 0.142593 0.028125 0.153704
1 0.118229 0.174074 0.020833 0.159259
1 0.486979 -0.045833 0.020833 0.106481
1 0.227865 0.990741 0.051562 0.220370
7 0.648698 0.068056 0.033854 0.100926
