1 0.605208 0.357407 0.031250 0.133333
1 0.401562 0.361111 0.032292 0.162963
1 0.446875 0.374074 0.029167 0.148148
1 0.675260 0.357407 0.033854 0.142593
1 0.939583 0.499074 0.101042 0.679630
1 0.395833 0.351389 0.022917 0.102778
1 0.880469 0.475926 0.096354 0.551852
1 0.543750 0.337500 0.015625 0.063889
1 0.027083 0.345833 0.019792 0.100926
1 0.051562 0.343981 0.022917 0.102778
1 0.580208 0.339352 0.012500 0.052778
1 0.565625 0.341667 0.012500 0.057407
7 0.489583 0.368981 0.030208 0.099074
7 0.511719 0.375463 0.026562 0.089815
1 0.321615 0.327778 0.013021 0.051852
1 0.332292 0.331481 0.011458 0.046296
1 0.338542 0.324537 0.011458 0.043519
1 0.348698 0.323611 0.011979 0.045370
1 0.381510 0.342130 0.015104 0.054630
1 0.356771 0.326389 0.010417 0.037963
1 0.366146 0.325926 0.011458 0.038889
