1 0.735677 0.637500 0.053646 0.223148
1 0.225260 0.447222 0.044271 0.216667
1 0.074740 0.623611 0.043229 0.230556
1 0.916406 0.519907 0.039062 0.193519
1 0.639583 1.004167 0.039583 0.191667
1 0.354687 0.820833 0.052083 0.232407
7 0.377865 0.242593 0.040104 0.103704
7 0.367969 0.325463 0.029687 0.112037
1 0.429688 0.218519 0.031250 0.161111
1 0.977083 0.321759 0.037500 0.176852
1 0.788281 0.132407 0.027604 0.135185
1 0.835156 0.297222 0.028646 0.166667
1 0.795312 0.295370 0.031250 0.177778
1 0.504167 0.265741 0.048958 0.162963
1 0.546094 0.231944 0.040104 0.167593
1 0.110417 0.430556 0.034375 0.177778
1 0.114583 0.409722 0.033333 0.195370
1 0.465365 0.220833 0.029687 0.167593
1 0.487240 0.225000 0.025521 0.151852
1 0.552083 -0.010185 0.023958 0.112963
1 0.532031 -0.008796 0.022396 0.110185
1 0.737240 0.284259 0.024479 0.155556
1 0.715625 0.250000 0.028125 0.155556
1 0.380469 0.070833 0.027604 0.150926
1 0.389062 -0.034722 0.020833 0.100926
1 0.295833 0.021296 0.018750 0.120370
7 0.327344 0.029167 0.031771 0.071296
1 0.015365 0.855556 0.036979 0.220370
7 0.648958 0.082870 0.038542 0.108333
1 0.270573 0.231019 0.027604 0.163889
1 0.275521 0.242593 0.046875 0.175926
1 0.246615 0.122222 0.026562 0.151852
1 0.225781 0.134722 0.026562 0.152778
1 0.292448 0.136574 0.022396 0.154630
1 0.267708 0.112963 0.027083 0.148148
1 0.199219 0.179167 0.027604 0.163889
1 0.217448 0.152778 0.026562 0.142593
1 0.161198 0.192593 0.027604 0.157407
1 0.189844 0.162037 0.025521 0.161111
1 0.123958 0.194444 0.025000 0.151852
1 0.144271 0.169444 0.023958 0.168519
1 0.145833 0.156944 0.030208 0.156481
1 0.152083 0.142593 0.028125 0.153704
1 0.118750 0.174074 0.020833 0.159259
1 0.486719 -0.045833 0.020313 0.106481
1 0.224740 1.010185 0.048438 0.181481
7 0.648177 0.056944 0.033854 0.117593
