1 0.846354 0.656481 0.052083 0.218519
1 0.328906 0.620370 0.045312 0.220370
1 0.916146 0.519907 0.039583 0.195370
1 0.489583 0.987500 0.041667 0.221296
1 0.351042 0.816667 0.036458 0.231481
7 0.377865 0.242593 0.040104 0.103704
7 0.367969 0.325463 0.029687 0.112037
1 0.431510 0.208333 0.036979 0.157407
1 0.337240 0.125463 0.020313 0.128704
1 0.216406 0.233796 0.025521 0.152778
1 0.246615 0.243056 0.033854 0.178704
1 0.404948 0.143519 0.026562 0.148148
1 0.396354 0.110648 0.028125 0.152778
1 0.302083 0.015741 0.028125 0.124074
7 0.327344 0.029167 0.031771 0.071296
7 0.651563 0.081481 0.031250 0.109259
1 0.295833 0.188889 0.031250 0.155556
1 0.172656 0.051389 0.019271 0.137963
1 0.210938 0.178241 0.029167 0.160185
1 0.164062 0.195370 0.026042 0.155556
1 0.199219 0.159722 0.023438 0.162037
1 0.134635 0.206944 0.026562 0.147222
1 0.117188 0.181944 0.023958 0.169444
1 0.151823 0.161574 0.031771 0.156481
1 0.190625 0.146296 0.026042 0.150000
1 0.120313 0.165741 0.020833 0.157407
1 0.467187 -0.025463 0.026042 0.147222
1 0.208594 0.958796 0.051562 0.250926
1 0.499740 0.346759 0.034896 0.191667
1 0.455208 0.352778 0.034375 0.183333
1 0.623958 0.687500 0.046875 0.239815
1 0.924479 0.741667 0.050000 0.224074
1 0.936719 0.697222 0.040104 0.231481
1 0.758594 0.000000 0.029687 0.133333
1 0.718490 -0.002778 0.023438 0.137037
1 0.967448 0.284259 0.030729 0.174074
1 0.896615 0.240278 0.027604 0.162037
1 0.779167 -0.027315 0.023958 0.117593
1 0.781510 0.247685 0.032813 0.147222
1 0.655990 0.221296 0.029687 0.155556
1 0.458854 -0.000463 0.029167 0.147222
1 0.419271 -0.008333 0.023958 0.142593
1 0.407552 0.011111 0.026562 0.135185
1 0.277604 0.161574 0.028125 0.141667
1 0.214323 0.542593 0.031771 0.209259
1 0.175260 0.550000 0.046354 0.190741
1 0.242448 0.142593 0.032813 0.159259
1 0.258594 0.112037 0.030729 0.151852
1 0.214323 0.070370 0.030729 0.140741
1 0.239063 0.068981 0.025000 0.139815
1 0.220312 0.361574 0.038542 0.180556
1 0.172917 0.366667 0.032292 0.183333
1 0.275260 0.349537 0.033854 0.169444
1 0.391406 -0.000926 0.028646 0.124074
