0 0.846615 0.655093 0.052604 0.215741
0 0.365885 0.644907 0.044271 0.226852
0 0.916146 0.518981 0.039583 0.195370
0 0.498958 0.981944 0.041667 0.133333
0 0.351042 0.816667 0.036458 0.231481
2 0.377865 0.242593 0.040104 0.103704
2 0.367969 0.325463 0.029687 0.112037
0 0.431771 0.208333 0.037500 0.157407
0 0.337240 0.125463 0.020313 0.128704
0 0.195833 0.235185 0.027083 0.153704
0 0.178385 0.240278 0.028646 0.176852
0 0.405208 0.140741 0.030208 0.144444
0 0.400260 0.113889 0.026562 0.153704
2 0.651563 0.081481 0.031250 0.109259
0 0.302344 0.187963 0.028646 0.157407
0 0.200781 0.181944 0.027604 0.158333
0 0.163542 0.193981 0.026042 0.154630
0 0.198437 0.159722 0.023958 0.158333
0 0.136979 0.203704 0.029167 0.153704
0 0.127865 0.182407 0.034896 0.162963
0 0.153906 0.162500 0.028646 0.158333
0 0.186458 0.143519 0.026042 0.150000
0 0.119271 0.165741 0.020833 0.159259
0 0.191927 0.829167 0.048438 0.245370
0 0.504427 0.432870 0.034896 0.199074
0 0.462500 0.445370 0.033333 0.196296
0 0.672135 0.835185 0.046354 0.251852
0 0.931250 0.743519 0.047917 0.229630
0 0.962500 0.694907 0.036458 0.232407
0 0.928646 0.202778 0.031250 0.164815
0 0.864583 0.169444 0.027083 0.150000
0 0.783333 0.197222 0.033333 0.146296
0 0.609375 0.142130 0.030208 0.150926
0 0.262240 0.106019 0.026562 0.141667
0 0.221615 0.456481 0.034896 0.194444
0 0.189844 0.468056 0.040104 0.182407
0 0.240625 0.148611 0.028125 0.162037
0 0.242188 0.301852 0.035417 0.175926
0 0.195833 0.298148 0.031250 0.170370
0 0.264844 0.284722 0.030729 0.167593
