1 0.819271 0.675000 0.037500 0.229630
1 0.251302 0.114815 0.035937 0.170370
1 0.448177 0.662500 0.051562 0.234259
1 0.908073 0.519444 0.055729 0.192593
1 0.556510 0.975000 0.046354 0.244444
1 0.351042 0.816667 0.036458 0.231481
7 0.377865 0.242593 0.040104 0.103704
7 0.367969 0.325463 0.029687 0.112037
1 0.430469 0.215278 0.024479 0.160185
1 0.537240 0.070370 0.026562 0.144444
1 0.502083 0.061574 0.030208 0.149074
1 0.285938 0.125000 0.022917 0.148148
1 0.472917 -0.017130 0.027083 0.139815
1 0.077344 0.407870 0.028646 0.176852
1 0.062500 0.385648 0.028125 0.189815
1 0.502083 0.692593 0.061458 0.225926
1 0.535677 0.704630 0.043229 0.207407
1 0.406250 0.153704 0.026042 0.125926
1 0.385156 0.162037 0.026562 0.155556
1 0.399479 -0.011574 0.025000 0.134259
1 0.297135 0.022222 0.021354 0.122222
7 0.327344 0.029167 0.031771 0.071296
1 0.160417 0.275000 0.028125 0.161111
7 0.651563 0.082407 0.031250 0.109259
1 0.190885 0.776852 0.036979 0.225926
1 0.144531 0.760185 0.047396 0.244444
1 0.283854 0.155556 0.031250 0.155556
1 0.185938 0.127778 0.029167 0.150000
1 0.200521 0.182407 0.027083 0.162963
1 0.806510 0.616667 0.032813 0.190741
1 0.163542 0.194444 0.027083 0.157407
1 0.200000 0.164815 0.029167 0.159259
1 0.129427 0.200000 0.032813 0.146296
1 0.135937 0.180556 0.031250 0.159259
1 0.149479 0.160648 0.030208 0.160185
1 0.151042 0.142130 0.029167 0.150926
1 0.117708 0.174074 0.020833 0.159259
1 0.469010 0.045833 0.027604 0.150926
1 0.237500 0.215278 0.030208 0.165741
1 0.254167 0.261574 0.036458 0.176852
1 0.955469 0.437037 0.048438 0.194444
1 0.871875 0.408796 0.034375 0.184259
1 0.799219 0.035648 0.029687 0.136111
1 0.913021 0.235648 0.036458 0.150926
1 0.907813 0.130093 0.025000 0.154630
1 0.882031 0.123148 0.027604 0.159259
1 0.938542 0.209722 0.040625 0.162037
1 0.226302 0.072222 0.023438 0.146296
1 0.199740 0.071759 0.028646 0.125000
1 0.720313 -0.035648 0.027083 0.123148
7 0.647135 0.073148 0.033854 0.087037
1 0.651823 0.076389 0.033854 0.084259
