1 0.138802 0.620833 0.019271 0.110185
1 0.587760 0.500926 0.011979 0.050000
1 0.125260 0.623148 0.018229 0.105556
1 0.128385 0.630093 0.017188 0.099074
1 0.121875 0.639815 0.016667 0.101852
1 0.044271 0.633796 0.022917 0.104630
1 0.698438 0.585185 0.026042 0.112963
1 0.734375 0.566667 0.022917 0.109259
1 0.697656 0.565278 0.020313 0.115741
1 0.823698 0.531481 0.017188 0.094444
1 0.721094 0.562500 0.031771 0.123148
1 0.037240 0.635648 0.026562 0.112037
1 0.674479 0.523611 0.013542 0.071296
1 0.684115 0.537500 0.016146 0.080556
1 0.736979 0.562500 0.022917 0.108333
1 0.638281 0.523611 0.020313 0.071296
1 0.627344 0.512963 0.011979 0.046296
1 0.663021 0.528704 0.014583 0.072222
1 0.652344 0.523148 0.013021 0.064815
