1 0.733854 0.637037 0.053125 0.224074
1 0.238542 0.325000 0.039583 0.203704
1 0.074479 0.621296 0.041667 0.229630
1 0.916146 0.519907 0.039583 0.193519
1 0.551302 0.966204 0.035937 0.256481
1 0.353646 0.820833 0.052083 0.232407
7 0.377865 0.242593 0.040104 0.103704
7 0.367969 0.325463 0.029687 0.112037
1 0.429688 0.218519 0.031250 0.161111
1 0.789583 0.131481 0.027083 0.137037
1 0.680990 0.228704 0.026562 0.146296
1 0.661458 0.236574 0.030208 0.165741
1 0.310156 0.225463 0.034896 0.158333
1 0.463802 0.266667 0.038021 0.172222
1 0.069010 0.410648 0.024479 0.173148
1 0.079687 0.393056 0.030208 0.187963
1 0.407552 0.328704 0.034896 0.181481
1 0.431771 0.337500 0.030208 0.167593
1 0.601823 0.218519 0.023438 0.148148
1 0.528125 0.197222 0.035417 0.157407
1 0.380469 0.071296 0.027604 0.150000
1 0.297396 0.020370 0.021875 0.124074
7 0.327344 0.029167 0.031771 0.071296
1 0.128385 0.650926 0.033854 0.198148
7 0.651563 0.082407 0.031250 0.109259
1 0.327604 0.341204 0.030208 0.175000
1 0.291406 0.353241 0.033854 0.191667
1 0.249479 0.036574 0.026042 0.137963
1 0.216667 0.034722 0.022917 0.147222
1 0.293229 0.136574 0.025000 0.154630
1 0.240625 0.113889 0.031250 0.150000
1 0.199219 0.179167 0.027604 0.162037
1 0.275000 0.275926 0.029167 0.155556
1 0.164062 0.195370 0.027083 0.157407
1 0.189583 0.163426 0.022917 0.160185
1 0.124479 0.193519 0.028125 0.151852
1 0.146094 0.172685 0.028646 0.169444
1 0.152865 0.152778 0.028646 0.155556
1 0.153125 0.142593 0.028125 0.153704
1 0.117188 0.174074 0.020833 0.159259
1 0.489844 -0.045370 0.022396 0.107407
1 0.196094 0.016667 0.022396 0.144444
1 0.234375 0.754630 0.050000 0.244444
1 0.803646 0.018056 0.025000 0.126852
7 0.645833 0.076852 0.032292 0.092593
