1 0.774740 0.574537 0.025521 0.149074
1 0.075000 0.591204 0.017708 0.089815
1 0.718490 0.597222 0.032813 0.135185
1 0.582292 0.543056 0.018750 0.082407
1 0.462760 0.503241 0.010937 0.045370
1 0.638542 0.518981 0.014583 0.075000
1 0.065885 0.592130 0.014063 0.086111
1 0.065365 0.604630 0.015104 0.085185
1 -0.000260 0.600000 0.011979 0.090741
1 0.580208 0.544444 0.017708 0.083333
1 0.211979 0.512963 0.008333 0.033333
1 0.594792 0.538426 0.016667 0.091667
1 0.609115 0.531481 0.017188 0.081481
1 0.558594 0.520833 0.016146 0.067593
1 0.573438 0.514815 0.012500 0.066667
1 0.490885 0.521759 0.013021 0.062037
