0 0.830208 0.681019 0.038542 0.225000
0 0.250000 0.130093 0.034375 0.173148
0 0.428646 0.643981 0.041667 0.228704
0 0.915365 0.519907 0.041146 0.193519
0 0.551562 0.974537 0.046875 0.147222
0 0.351042 0.816667 0.036458 0.231481
2 0.377865 0.242593 0.040104 0.103704
2 0.367969 0.325463 0.029687 0.112037
0 0.428385 0.218056 0.025521 0.158333
0 0.538281 0.083333 0.026562 0.142593
0 0.278385 0.124537 0.021354 0.154630
0 0.072135 0.410185 0.027604 0.172222
0 0.059635 0.388426 0.027604 0.186111
0 0.490365 0.656019 0.061979 0.221296
0 0.524479 0.663426 0.041667 0.202778
0 0.405990 0.150463 0.023438 0.136111
0 0.385156 0.160648 0.028646 0.156481
0 0.142187 0.294907 0.025000 0.165741
2 0.651563 0.082407 0.031250 0.109259
0 0.203385 0.737963 0.036979 0.227778
0 0.157812 0.716667 0.046875 0.235185
0 0.288021 0.146296 0.027083 0.159259
0 0.182812 0.127778 0.030208 0.150000
0 0.200521 0.182407 0.027083 0.162963
0 0.736198 0.594444 0.046354 0.188889
0 0.163021 0.194444 0.027083 0.157407
0 0.192969 0.163889 0.025521 0.161111
0 0.128906 0.200926 0.028646 0.144444
0 0.135156 0.177778 0.028646 0.162963
0 0.154167 0.158796 0.030208 0.160185
0 0.149219 0.142593 0.026562 0.151852
0 0.117708 0.174074 0.020833 0.159259
0 0.238281 0.190741 0.029687 0.159259
0 0.251042 0.287500 0.039583 0.184259
0 0.980208 0.456944 0.042188 0.186111
0 0.887500 0.430556 0.033333 0.185185
0 0.925781 0.219907 0.032813 0.156481
0 0.932813 0.138889 0.031250 0.155556
0 0.915625 0.139352 0.033333 0.156481
0 0.906771 0.180556 0.034375 0.164815
0 0.202604 0.063889 0.033333 0.125926
2 0.646875 0.073611 0.033333 0.086111
0 0.651563 0.076389 0.034375 0.084259
