1 0.518229 0.417130 0.036458 0.154630
1 0.469271 0.393519 0.027083 0.129630
1 0.442708 0.395370 0.027083 0.138889
1 0.785677 0.631944 0.117188 0.634259
1 0.927604 0.615278 0.127083 0.645370
1 0.328646 0.404167 0.045833 0.163889
1 0.503125 0.393519 0.025000 0.116667
1 0.204427 0.393056 0.026562 0.117593
1 0.660156 0.437037 0.046354 0.253704
1 0.511979 0.385185 0.016667 0.096296
1 0.554167 0.390278 0.017708 0.106481
1 0.265104 0.387500 0.023958 0.121296
1 0.250521 0.393981 0.016667 0.100926
1 0.494792 0.390741 0.021875 0.096296
1 0.091406 0.368981 0.013021 0.065741
1 0.108854 0.388889 0.020833 0.105556
7 0.417708 0.384259 0.016667 0.050000
7 0.429167 0.387037 0.015625 0.044444
1 0.121875 0.370833 0.014583 0.063889
1 0.359375 0.370833 0.012500 0.054630
