1 0.608854 0.345370 0.027083 0.129630
1 0.411458 0.344444 0.032292 0.161111
1 0.455208 0.351852 0.026042 0.148148
1 0.659635 0.333333 0.033854 0.127778
1 0.870833 0.447685 0.095833 0.560185
1 0.393229 0.334722 0.022917 0.102778
1 0.813542 0.419907 0.070833 0.450926
1 0.545573 0.319907 0.017188 0.063889
1 0.033333 0.329630 0.035417 0.125926
1 0.062240 0.327778 0.020313 0.096296
1 0.084375 0.327315 0.022917 0.097222
1 0.579688 0.321759 0.012500 0.052778
1 0.561979 0.312037 0.012500 0.057407
7 0.491406 0.353704 0.028646 0.094444
7 0.515365 0.358796 0.026562 0.089815
1 0.325781 0.313889 0.013021 0.048148
1 0.336198 0.318056 0.011979 0.047222
1 0.349479 0.312963 0.011458 0.042593
1 0.354427 0.307870 0.011979 0.045370
1 0.361979 0.309722 0.010417 0.037963
1 0.372917 0.310648 0.011458 0.037963
