1 0.846354 0.650926 0.035417 0.216667
1 0.250521 0.066204 0.033333 0.163889
1 0.430990 0.670370 0.043229 0.237037
1 0.914844 0.519444 0.042188 0.196296
1 0.557552 0.982407 0.043229 0.235185
1 0.351042 0.816667 0.036458 0.231481
7 0.377865 0.242593 0.040104 0.103704
7 0.367969 0.325463 0.029687 0.112037
1 0.423698 0.214352 0.033854 0.156481
1 0.529167 0.028704 0.027083 0.137037
1 0.497656 0.019444 0.028646 0.146296
1 0.322396 0.128241 0.018750 0.136111
1 0.108594 0.372685 0.033854 0.176852
1 0.080208 0.351852 0.027083 0.194444
1 0.544792 0.818056 0.064583 0.237963
1 0.576302 0.826389 0.043229 0.225000
1 0.404687 0.148148 0.023958 0.138889
1 0.421354 0.151852 0.028125 0.155556
1 0.297135 0.022222 0.021354 0.122222
7 0.327344 0.029167 0.031771 0.071296
1 0.219271 0.216204 0.027083 0.150926
7 0.651563 0.082407 0.031250 0.109259
1 0.154688 0.913426 0.041667 0.239815
1 0.130208 0.881019 0.048958 0.258333
1 0.287500 0.180556 0.031250 0.159259
1 0.165885 0.113426 0.024479 0.150926
1 0.200521 0.183333 0.027083 0.161111
1 0.968750 0.731481 0.043750 0.201852
1 0.163542 0.193519 0.026042 0.157407
1 0.198958 0.167130 0.023958 0.160185
1 0.128646 0.200000 0.031250 0.146296
1 0.126823 0.183333 0.027604 0.159259
1 0.163021 0.163426 0.029167 0.160185
1 0.150000 0.146759 0.026042 0.145370
1 0.117708 0.174074 0.020833 0.159259
1 0.470573 0.028241 0.025521 0.149074
1 0.216667 0.281019 0.031250 0.176852
1 0.253646 0.181019 0.034375 0.167593
1 0.892448 0.361574 0.041146 0.184259
1 0.837240 0.339815 0.028646 0.172222
1 0.789844 0.065278 0.028646 0.132407
1 0.944531 0.293056 0.035937 0.162037
1 0.877344 0.074074 0.026562 0.148148
1 0.845833 0.066204 0.028125 0.158333
1 1.005208 0.320833 0.037500 0.178704
1 0.224219 0.115278 0.024479 0.152778
1 0.200260 0.119907 0.025521 0.139815
1 0.201302 -0.025000 0.023438 0.120370
1 0.218490 -0.009722 0.026562 0.141667
1 0.267969 -0.024074 0.023438 0.133333
7 0.647396 0.071759 0.033333 0.086111
