1 0.639062 0.355556 0.031250 0.135185
1 0.463542 0.344444 0.030208 0.146296
1 0.128646 0.450926 0.103125 0.531481
1 1.044271 0.675000 0.171875 0.755556
1 0.214583 0.390278 0.068750 0.317593
1 0.504167 0.352778 0.029167 0.137037
1 0.559635 0.321759 0.015104 0.060185
1 0.613021 0.359259 0.040625 0.174074
1 0.329948 0.337500 0.021354 0.100926
1 0.515885 0.320833 0.014063 0.058333
1 0.305208 0.349537 0.021875 0.136111
1 0.530729 0.320370 0.009375 0.038889
7 0.472135 0.341667 0.027604 0.061111
7 0.488802 0.345833 0.020313 0.056481
1 0.391927 0.323148 0.015104 0.066667
1 0.373177 0.322685 0.015104 0.075000
1 0.363021 0.316204 0.012500 0.060185
1 0.379167 0.313426 0.011458 0.058333
