1 0.442708 0.444444 0.036458 0.159259
1 0.384375 0.413889 0.025000 0.118519
1 0.300521 0.415741 0.018750 0.096296
1 0.942708 0.590278 0.089583 0.506481
1 -0.002344 0.453241 0.046354 0.208333
1 0.200000 0.424074 0.031250 0.129630
1 0.366146 0.422222 0.020833 0.107407
1 0.372396 0.411574 0.019792 0.095370
1 0.043229 0.442130 0.030208 0.134259
1 0.453906 0.417130 0.023438 0.128704
1 0.401302 0.416204 0.016146 0.102778
1 0.173958 0.414815 0.017708 0.087037
1 0.168229 0.419907 0.013542 0.071296
1 0.158333 0.407407 0.010417 0.050000
1 0.319010 0.403241 0.013021 0.063889
7 0.264844 0.410648 0.018229 0.045370
7 0.280729 0.414815 0.015625 0.044444
7 0.663802 0.427315 0.023438 0.115741
