1 0.846615 0.656019 0.052604 0.217593
1 0.348177 0.627315 0.045312 0.225000
1 0.916146 0.518981 0.039583 0.195370
1 0.495312 0.984259 0.041667 0.231481
1 0.351042 0.816667 0.036458 0.231481
7 0.377865 0.242593 0.040104 0.103704
7 0.367969 0.325463 0.029687 0.112037
1 0.431510 0.208333 0.036979 0.157407
1 0.337240 0.125463 0.020313 0.128704
1 0.196094 0.235185 0.027604 0.153704
1 0.213021 0.243981 0.031250 0.178704
1 0.405208 0.142130 0.028125 0.147222
1 0.395833 0.108333 0.029167 0.151852
1 0.302083 0.016204 0.028125 0.123148
7 0.327344 0.029167 0.031771 0.071296
7 0.651563 0.081481 0.031250 0.109259
1 0.297656 0.187500 0.027604 0.154630
1 0.174740 0.050000 0.023438 0.138889
1 0.208073 0.179167 0.029687 0.158333
1 0.164062 0.194444 0.026042 0.155556
1 0.198958 0.157870 0.023958 0.158333
1 0.133594 0.203241 0.027604 0.154630
1 0.120313 0.181481 0.027083 0.170370
1 0.152083 0.161574 0.032292 0.156481
1 0.190885 0.144444 0.025521 0.150000
1 0.119271 0.163889 0.020833 0.159259
1 0.467187 -0.025463 0.026042 0.147222
1 0.196615 0.901389 0.048438 0.245370
1 0.497135 0.376389 0.033854 0.193519
1 0.454167 0.383796 0.036458 0.189815
1 0.642708 0.744907 0.045833 0.247222
1 0.929948 0.741667 0.047396 0.227778
1 0.962500 0.699074 0.037500 0.224074
1 0.767448 0.015741 0.029687 0.133333
1 0.731510 0.014815 0.023438 0.137037
1 0.952604 0.251389 0.035417 0.167593
1 0.884375 0.212037 0.027083 0.155556
1 0.781771 0.230093 0.033333 0.147222
1 0.633854 0.188889 0.028125 0.153704
1 0.452604 -0.006019 0.025000 0.149074
1 0.414844 -0.009259 0.023438 0.142593
1 0.399740 0.011111 0.026562 0.135185
1 0.273698 0.140278 0.025521 0.141667
1 0.219271 0.510648 0.034375 0.206481
1 0.177865 0.513889 0.043229 0.185185
1 0.246354 0.142593 0.028125 0.161111
1 0.245312 0.085185 0.031250 0.142593
1 0.212500 0.056019 0.028125 0.141667
1 0.236198 0.056481 0.025521 0.140741
1 0.107292 0.055093 0.021875 0.126852
1 0.227604 0.339815 0.035417 0.179630
1 0.180990 0.336574 0.031771 0.178704
1 0.275781 0.320370 0.033854 0.168519
1 0.382031 -0.005556 0.020313 0.124074
