1 1.018750 0.689815 0.139583 0.761111
1 0.456510 0.451852 0.036979 0.159259
1 0.386458 0.426852 0.023958 0.116667
1 0.293229 0.417593 0.017708 0.090741
1 0.980990 0.588426 0.092188 0.458333
1 0.222656 0.426389 0.023438 0.123148
1 0.364063 0.421296 0.021875 0.107407
1 0.443750 0.422685 0.020833 0.113889
1 0.397396 0.419907 0.016667 0.102778
1 0.177865 0.415278 0.018229 0.084259
1 0.166146 0.423611 0.014583 0.071296
1 0.196354 0.427315 0.017708 0.087963
1 0.153906 0.411574 0.009896 0.054630
1 0.321354 0.406019 0.013542 0.063889
7 0.262760 0.416204 0.019271 0.045370
7 0.275521 0.416667 0.015625 0.044444
7 0.653646 0.436574 0.021875 0.113889
