1 0.118750 0.650000 0.020833 0.135185
1 0.656510 0.492593 0.009896 0.051852
1 0.102344 0.651389 0.020313 0.128704
1 0.104948 0.666667 0.017188 0.127778
1 0.094010 0.673148 0.019271 0.125926
1 0.000781 0.668981 0.026562 0.130556
1 0.711198 0.480093 0.013021 0.052778
1 0.790104 0.515278 0.015625 0.086111
1 0.768750 0.514352 0.017708 0.075000
1 0.697656 0.492593 0.011979 0.051852
1 0.686719 0.484259 0.016146 0.053704
1 0.765885 0.632407 0.035937 0.159259
1 0.839583 0.609722 0.022917 0.156481
1 0.730208 0.602315 0.045833 0.147222
1 0.783333 0.518056 0.013542 0.084259
1 0.969010 0.542130 0.021354 0.119444
1 0.755729 0.600000 0.039583 0.161111
1 0.742188 0.520833 0.014583 0.067593
1 0.761198 0.516667 0.018229 0.068519
1 0.807292 0.545370 0.019792 0.087037
1 0.835677 0.598148 0.038021 0.148148
1 0.836719 0.538426 0.017188 0.082407
1 0.710417 0.519444 0.022917 0.072222
1 0.727083 0.528241 0.013542 0.062037
