0 0.833333 0.683333 0.038542 0.224074
0 0.250000 0.134259 0.034375 0.174074
0 0.419792 0.642593 0.037500 0.231481
0 0.915625 0.519907 0.041667 0.193519
0 0.548438 0.975000 0.046875 0.244444
0 0.351042 0.816667 0.036458 0.231481
2 0.377865 0.242593 0.040104 0.103704
2 0.367969 0.325463 0.029687 0.112037
0 0.428646 0.218056 0.026042 0.158333
0 0.776302 -0.023611 0.026562 0.121296
0 0.538542 0.084722 0.027083 0.139815
0 0.503125 0.071759 0.030208 0.149074
0 0.276042 0.128241 0.021875 0.156481
0 0.481250 0.006944 0.027083 0.139815
0 0.071875 0.411111 0.027083 0.174074
0 0.059635 0.389352 0.027604 0.186111
0 0.487240 0.643056 0.060937 0.219444
0 0.521094 0.656944 0.042188 0.204630
0 0.406771 0.150926 0.020833 0.138889
0 0.386458 0.162500 0.031250 0.156481
0 0.390625 0.023611 0.025000 0.134259
0 0.297135 0.022222 0.021354 0.122222
2 0.327344 0.029167 0.031771 0.071296
0 0.137240 0.302778 0.025521 0.166667
2 0.651563 0.082407 0.031250 0.109259
0 0.209375 0.727778 0.036458 0.225926
0 0.163021 0.712963 0.045833 0.242593
0 0.290885 0.144444 0.027604 0.157407
0 0.182552 0.128241 0.030729 0.150926
0 0.200521 0.182407 0.027083 0.162963
0 0.721354 0.584722 0.033333 0.189815
0 0.163021 0.194444 0.027083 0.157407
0 0.192448 0.163889 0.025521 0.161111
0 0.129167 0.200926 0.028125 0.144444
0 0.133594 0.178241 0.025521 0.163889
0 0.156771 0.156019 0.030208 0.160185
0 0.148958 0.140741 0.026042 0.151852
0 0.117708 0.174074 0.020833 0.159259
0 0.457552 0.053704 0.024479 0.151852
0 0.239323 0.187037 0.029687 0.159259
0 0.253646 0.297222 0.039583 0.183333
0 0.983333 0.462963 0.045833 0.177778
0 0.892188 0.437500 0.036458 0.186111
0 0.800781 0.019907 0.026562 0.136111
0 0.929688 0.218981 0.037500 0.160185
0 0.938281 0.140278 0.028646 0.152778
0 0.925260 0.141667 0.032813 0.161111
0 0.900781 0.169907 0.034896 0.160185
0 0.230469 0.059722 0.021354 0.136111
0 0.204167 0.062037 0.030208 0.125926
0 0.721094 -0.035648 0.029687 0.125000
2 0.646875 0.074074 0.033333 0.087037
0 0.651563 0.076389 0.034375 0.084259
