1 0.543229 0.411574 0.036458 0.152778
1 0.484375 0.396759 0.027083 0.130556
1 0.458333 0.394444 0.027083 0.133333
1 0.780469 0.635648 0.118229 0.641667
1 0.923438 0.625463 0.148958 0.673148
1 0.337240 0.401389 0.043229 0.165741
1 0.495573 0.387037 0.022396 0.118519
1 0.527083 0.390741 0.025000 0.118519
1 0.231771 0.386111 0.026042 0.112963
1 0.707031 0.451389 0.051562 0.293519
1 0.580729 0.393981 0.017708 0.106481
1 0.278646 0.383333 0.023958 0.120370
1 0.264323 0.389815 0.020313 0.105556
1 0.503125 0.385185 0.021875 0.096296
1 0.108073 0.353241 0.013021 0.065741
1 0.127604 0.381481 0.020833 0.105556
7 0.439063 0.384259 0.018750 0.050000
7 0.451042 0.387963 0.015625 0.044444
1 0.141667 0.360648 0.014583 0.063889
1 0.377865 0.368519 0.011979 0.059259
1 0.367969 0.363426 0.009896 0.054630
