1 0.460938 0.356481 0.030208 0.150000
1 0.220052 0.423611 0.097396 0.378704
1 0.511458 0.362037 0.029167 0.138889
1 0.580990 0.327315 0.016146 0.069444
1 0.648438 0.368056 0.029167 0.204630
1 0.344792 0.350000 0.020833 0.094444
1 0.637240 0.365278 0.025521 0.187963
1 0.138281 0.368519 0.036979 0.135185
1 0.094792 0.377315 0.050000 0.150926
1 0.527344 0.327315 0.014063 0.058333
1 0.282813 0.372222 0.023958 0.159259
1 0.547396 0.325926 0.009375 0.038889
1 0.536458 0.319907 0.009375 0.041667
7 0.485938 0.351852 0.023958 0.064815
7 0.503906 0.356019 0.021354 0.063889
1 0.382552 0.337037 0.015104 0.066667
1 0.362240 0.335185 0.016146 0.077778
1 0.374479 0.331019 0.012500 0.060185
1 0.389062 0.334722 0.011458 0.058333
