1 0.820833 0.670370 0.040625 0.227778
1 0.251823 0.109722 0.036979 0.169444
1 0.442448 0.665278 0.046354 0.234259
1 0.905208 0.519444 0.061458 0.192593
1 0.552083 0.979167 0.046875 0.239815
1 0.351042 0.816667 0.036458 0.231481
7 0.377865 0.242593 0.040104 0.103704
7 0.367969 0.325463 0.029687 0.112037
1 0.430469 0.213426 0.025521 0.162037
1 0.535156 0.063889 0.026562 0.138889
1 0.500521 0.056944 0.030208 0.149074
1 0.289062 0.125000 0.020833 0.148148
1 0.473177 -0.024537 0.026562 0.139815
1 0.080990 0.403241 0.028646 0.176852
1 0.061719 0.383333 0.026562 0.192593
1 0.505990 0.708796 0.060937 0.230556
1 0.537240 0.709259 0.038021 0.201852
1 0.405990 0.154167 0.025521 0.125000
1 0.385677 0.162037 0.028646 0.155556
1 0.397917 -0.021759 0.025000 0.134259
1 0.297135 0.022222 0.021354 0.122222
7 0.327344 0.029167 0.031771 0.071296
1 0.165625 0.265741 0.026042 0.157407
7 0.651563 0.082407 0.031250 0.109259
1 0.184375 0.798611 0.038542 0.234259
1 0.138802 0.771759 0.046354 0.245370
1 0.280990 0.158333 0.032813 0.153704
1 0.183854 0.127315 0.029167 0.150926
1 0.200521 0.182407 0.027083 0.162963
1 0.823698 0.628704 0.050521 0.190741
1 0.163542 0.194444 0.027083 0.157407
1 0.200521 0.164815 0.028125 0.159259
1 0.129427 0.200000 0.032813 0.146296
1 0.135156 0.181019 0.029687 0.158333
1 0.151823 0.160648 0.029687 0.162037
1 0.151562 0.141667 0.027083 0.150000
1 0.117708 0.174074 0.020833 0.159259
1 0.469531 0.044907 0.026562 0.150926
1 0.232292 0.219907 0.030208 0.165741
1 0.253125 0.249074 0.038542 0.175926
1 0.952344 0.432407 0.042188 0.200000
1 0.868750 0.402778 0.032292 0.183333
1 0.797656 0.042130 0.029687 0.136111
1 0.915625 0.241204 0.034375 0.156481
1 0.899740 0.127778 0.024479 0.157407
1 0.874740 0.121759 0.029687 0.162037
1 0.950260 0.224074 0.041146 0.164815
1 0.226302 0.076852 0.023438 0.146296
1 0.198698 0.078241 0.028646 0.125000
1 0.719531 -0.036111 0.026562 0.122222
7 0.647135 0.072685 0.033854 0.086111
1 0.652083 0.076389 0.034375 0.084259
