1 0.838542 0.683333 0.043750 0.224074
1 0.251823 0.137500 0.034896 0.175000
1 0.416667 0.637963 0.043750 0.227778
1 0.915365 0.519907 0.041146 0.193519
1 0.541667 0.974537 0.045833 0.239815
1 0.351042 0.816667 0.036458 0.231481
7 0.377865 0.242593 0.040104 0.103704
7 0.367969 0.325463 0.029687 0.112037
1 0.428385 0.218056 0.026562 0.158333
1 0.775260 -0.020833 0.026562 0.121296
1 0.538542 0.090278 0.027083 0.145370
1 0.504167 0.077778 0.032292 0.153704
1 0.273177 0.129167 0.021354 0.154630
1 0.483333 0.011574 0.027083 0.139815
1 0.071354 0.410648 0.027083 0.173148
1 0.059375 0.389815 0.027083 0.185185
1 0.482292 0.637500 0.057292 0.221296
1 0.517188 0.640741 0.042708 0.198148
1 0.404687 0.150000 0.020833 0.138889
1 0.386719 0.162500 0.030729 0.156481
1 0.389323 0.031019 0.025521 0.136111
1 0.297135 0.022222 0.021354 0.122222
7 0.327344 0.029167 0.031771 0.071296
1 0.132031 0.306019 0.025521 0.160185
7 0.651563 0.082407 0.031250 0.109259
1 0.214062 0.719907 0.036458 0.225000
1 0.168229 0.697685 0.046875 0.237963
1 0.292708 0.142130 0.028125 0.152778
1 0.182552 0.130093 0.030729 0.150926
1 0.200521 0.182407 0.027083 0.162963
1 0.702604 0.577315 0.033333 0.189815
1 0.163021 0.194444 0.027083 0.157407
1 0.190885 0.163889 0.025521 0.161111
1 0.133073 0.199537 0.035937 0.141667
1 0.134115 0.177778 0.026562 0.164815
1 0.157292 0.156019 0.030208 0.160185
1 0.148438 0.140741 0.026042 0.151852
1 0.117708 0.174074 0.020833 0.159259
1 0.454427 0.050926 0.024479 0.151852
1 0.238542 0.180093 0.028125 0.160185
1 0.253906 0.302778 0.040104 0.183333
1 0.985677 0.469444 0.045312 0.177778
1 0.900521 0.443056 0.035417 0.186111
1 0.802865 0.017130 0.026562 0.136111
1 0.929167 0.210648 0.029167 0.154630
1 0.943229 0.140741 0.030208 0.151852
1 0.938542 0.144444 0.044792 0.157407
1 0.893750 0.159722 0.034375 0.158333
1 0.231250 0.056019 0.021875 0.136111
1 0.204687 0.058796 0.030208 0.126852
1 0.721094 -0.035185 0.029687 0.125926
7 0.646875 0.074074 0.033333 0.087037
1 0.651563 0.076389 0.034375 0.084259
