1 0.455469 0.365741 0.090104 0.438889
1 0.542708 0.362963 0.082292 0.485185
1 0.077083 0.520370 0.416667 1.457407
1 0.328646 0.378704 0.106250 0.490741
1 0.382292 0.367593 0.066667 0.361111
1 0.644792 0.356019 0.056250 0.339815
1 0.739583 0.313426 0.018750 0.110185
1 0.603906 0.320370 0.022396 0.116667
1 0.714063 0.312500 0.013542 0.084259
1 0.698438 0.310648 0.015625 0.078704
1 0.854948 0.301852 0.017188 0.094444
1 0.961719 0.301852 0.019271 0.114815
1 0.947396 0.309722 0.017708 0.086111
1 0.973177 0.302778 0.019271 0.092593
1 0.765885 0.304167 0.013021 0.058333
