1 0.476823 0.387963 0.031771 0.148148
1 0.421615 0.369444 0.023438 0.120370
1 0.381510 0.373148 0.022396 0.122222
1 0.848958 0.571759 0.096875 0.587963
1 0.951302 0.556944 0.104688 0.602778
1 0.287760 0.382870 0.038021 0.149074
1 0.423177 0.368056 0.021354 0.104630
1 0.442448 0.358796 0.018229 0.100926
1 0.128906 0.389352 0.025521 0.121296
1 0.561198 0.379167 0.033854 0.187963
1 0.449740 0.359722 0.017188 0.093519
1 0.485938 0.360648 0.017708 0.106481
1 0.221875 0.376852 0.020833 0.111111
1 0.209896 0.371759 0.015625 0.087963
1 0.501563 0.359722 0.020833 0.086111
1 0.258073 0.380093 0.017188 0.100926
1 0.242708 0.361111 0.012500 0.057407
1 0.396354 0.356944 0.013542 0.063889
1 0.029687 0.365741 0.011458 0.066667
1 0.055208 0.390278 0.020833 0.099074
7 0.346875 0.362963 0.018750 0.050000
7 0.360417 0.368519 0.015625 0.044444
1 0.064062 0.366204 0.013542 0.062037
7 0.794271 0.386111 0.031250 0.153704
