1 0.832812 0.682407 0.038542 0.224074
1 0.250000 0.133333 0.034375 0.174074
1 0.421094 0.642593 0.038021 0.231481
1 0.915365 0.519907 0.041146 0.193519
1 0.548958 0.974537 0.046875 0.243519
1 0.351042 0.816667 0.036458 0.231481
7 0.377865 0.242593 0.040104 0.103704
7 0.367969 0.325463 0.029687 0.112037
1 0.428646 0.218056 0.026042 0.158333
1 0.776823 -0.023611 0.026562 0.121296
1 0.538281 0.084259 0.026562 0.140741
1 0.502604 0.070833 0.030208 0.149074
1 0.276042 0.127315 0.021875 0.156481
1 0.480729 0.005093 0.027083 0.139815
1 0.071875 0.410648 0.027083 0.173148
1 0.059635 0.388889 0.027604 0.185185
1 0.487500 0.644907 0.061458 0.219444
1 0.521615 0.657870 0.042188 0.204630
1 0.406510 0.150463 0.021354 0.137963
1 0.386198 0.161574 0.030729 0.156481
1 0.390625 0.022685 0.025000 0.134259
1 0.297135 0.022222 0.021354 0.122222
7 0.327344 0.029167 0.031771 0.071296
1 0.137760 0.300926 0.025521 0.166667
7 0.651563 0.082407 0.031250 0.109259
1 0.208333 0.729167 0.036458 0.226852
1 0.161979 0.713426 0.045833 0.241667
1 0.290365 0.144444 0.027604 0.157407
1 0.182552 0.127778 0.030729 0.150000
1 0.200521 0.182407 0.027083 0.162963
1 0.723437 0.585648 0.035417 0.189815
1 0.163021 0.194444 0.027083 0.157407
1 0.192448 0.163889 0.025521 0.161111
1 0.128906 0.200926 0.028646 0.144444
1 0.133854 0.177778 0.026042 0.162963
1 0.156250 0.156019 0.030208 0.160185
1 0.148958 0.140741 0.026042 0.151852
1 0.117708 0.174074 0.020833 0.159259
1 0.457813 0.052778 0.025000 0.151852
1 0.238802 0.187037 0.029687 0.159259
1 0.253125 0.295370 0.039583 0.183333
1 0.982812 0.462037 0.045833 0.179630
1 0.891406 0.436574 0.035937 0.186111
1 0.800781 0.020833 0.026562 0.136111
1 0.928906 0.218519 0.036979 0.159259
1 0.937500 0.139815 0.029167 0.153704
1 0.923438 0.141204 0.033333 0.160185
1 0.901823 0.171759 0.034896 0.162037
1 0.230469 0.059722 0.021354 0.136111
1 0.203906 0.062500 0.030729 0.126852
1 0.720833 -0.035648 0.029167 0.125000
7 0.646875 0.073611 0.033333 0.086111
1 0.651563 0.076389 0.034375 0.084259
