1 0.659896 0.372685 0.026042 0.130556
1 0.464583 0.376852 0.033333 0.168519
1 0.500260 0.382870 0.031771 0.147222
1 0.865625 0.399537 0.055208 0.230556
1 0.615885 0.347685 0.016146 0.063889
1 0.003906 0.368981 0.026562 0.125000
1 0.637240 0.346759 0.014063 0.073148
7 0.556510 0.395370 0.033854 0.114815
7 0.584115 0.403241 0.035937 0.110185
1 0.375260 0.345370 0.013021 0.051852
1 0.385677 0.342130 0.013021 0.049074
1 0.394531 0.339352 0.013021 0.049074
1 0.436458 0.350926 0.015625 0.057407
1 0.408854 0.340278 0.010417 0.037963
1 0.418229 0.338889 0.011458 0.038889
