1 0.522917 0.406481 0.034375 0.146296
1 0.461979 0.381944 0.022917 0.115741
1 0.407552 0.386111 0.020313 0.109259
1 0.995313 0.569907 0.117708 0.537963
1 0.051302 0.432407 0.054688 0.224074
1 0.290625 0.393519 0.028125 0.131481
1 0.456771 0.386111 0.021875 0.107407
1 0.467448 0.378241 0.017188 0.093519
1 0.163021 0.400000 0.029167 0.122222
1 0.561719 0.387500 0.029687 0.147222
1 0.504427 0.379167 0.016146 0.102778
1 0.267188 0.386574 0.016667 0.099074
1 0.255469 0.386111 0.014063 0.077778
1 0.264062 0.371759 0.014583 0.052778
1 0.418750 0.368981 0.013542 0.063889
1 0.080990 0.375463 0.010937 0.062037
1 0.108073 0.395370 0.017188 0.094444
7 0.367188 0.375000 0.018750 0.048148
7 0.380208 0.382407 0.015625 0.044444
1 0.104427 0.382407 0.011979 0.059259
7 0.784896 0.405556 0.027083 0.127778
