0 0.632031 0.364352 0.031771 0.132407
0 0.454167 0.359259 0.030208 0.150000
0 0.218490 0.429630 0.106771 0.392593
0 0.501823 0.361111 0.025521 0.135185
0 0.574479 0.332870 0.015625 0.063889
0 0.643750 0.374537 0.036458 0.213889
0 0.335417 0.350000 0.020833 0.094444
0 0.633594 0.373148 0.028646 0.192593
0 0.109115 0.368519 0.036979 0.138889
0 0.050781 0.376852 0.049479 0.155556
0 0.521615 0.333796 0.014063 0.058333
0 0.269010 0.380093 0.023438 0.162037
0 0.539583 0.328704 0.009375 0.038889
0 0.527344 0.325463 0.008854 0.043519
2 0.478646 0.353704 0.023958 0.064815
2 0.497656 0.356019 0.021354 0.063889
0 0.370312 0.335648 0.014583 0.071296
0 0.350000 0.339352 0.018750 0.076852
0 0.367708 0.334722 0.012500 0.060185
0 0.378646 0.339352 0.011458 0.058333
