1 0.131250 0.647222 0.019792 0.131481
1 0.649479 0.504167 0.012500 0.052778
1 0.116406 0.650926 0.020313 0.127778
1 0.120052 0.663889 0.017188 0.125926
1 0.109375 0.668519 0.016667 0.120370
1 0.017969 0.664815 0.025521 0.127778
1 0.703125 0.490278 0.012500 0.050926
1 0.777344 0.525000 0.016146 0.079630
1 0.809375 0.538426 0.015625 0.075000
1 0.782552 0.535648 0.018229 0.078704
1 0.689844 0.496759 0.011979 0.052778
1 0.678906 0.495370 0.015104 0.053704
1 0.758854 0.628241 0.027083 0.143519
1 0.829688 0.612037 0.023958 0.146296
1 0.728125 0.606019 0.032292 0.147222
1 0.772396 0.529630 0.014583 0.077778
1 0.949219 0.554167 0.021354 0.113889
1 0.757292 0.604167 0.026042 0.158333
1 0.008594 0.663889 0.031771 0.133333
1 0.737240 0.535648 0.015104 0.075000
1 0.756250 0.529630 0.014583 0.066667
1 0.789062 0.551852 0.016667 0.083333
1 0.821875 0.600463 0.032292 0.143519
1 0.815625 0.547685 0.014583 0.080556
1 0.704427 0.531944 0.022396 0.069444
1 0.729688 0.526389 0.013542 0.058333
1 0.719531 0.528704 0.013021 0.059259
