0 0.608333 0.381481 0.032292 0.148148
0 0.446354 0.366667 0.029167 0.142593
0 0.309375 0.422685 0.067708 0.334259
0 0.209375 0.394444 0.077083 0.292593
0 0.481250 0.366667 0.029167 0.129630
0 0.521094 0.342130 0.014063 0.056481
0 0.564844 0.373611 0.025521 0.158333
0 0.571875 0.375000 0.025000 0.144444
0 0.662760 0.365278 0.020313 0.115741
0 0.273438 0.364815 0.019792 0.120370
0 0.253125 0.362963 0.022917 0.120370
0 0.505469 0.336574 0.009896 0.036111
2 0.452604 0.350000 0.023958 0.055556
2 0.458333 0.362037 0.018750 0.057407
0 0.376302 0.345370 0.010937 0.059259
0 0.354687 0.340741 0.012500 0.072222
0 0.344271 0.343981 0.012500 0.058333
