1 0.735938 0.637500 0.053125 0.223148
1 0.225000 0.448148 0.044792 0.216667
1 0.074740 0.623611 0.043229 0.230556
1 0.916406 0.519907 0.039062 0.193519
1 0.638021 1.004167 0.039583 0.191667
1 0.354687 0.820833 0.052083 0.232407
7 0.377865 0.242593 0.040104 0.103704
7 0.367969 0.325463 0.029687 0.112037
1 0.429688 0.218519 0.031250 0.161111
1 0.976302 0.320833 0.036979 0.176852
1 0.788281 0.132407 0.027604 0.135185
1 0.836198 0.298148 0.028646 0.166667
1 0.795833 0.295370 0.031250 0.177778
1 0.507031 0.265741 0.047396 0.162963
1 0.546094 0.231019 0.040104 0.167593
1 0.110937 0.430556 0.034375 0.177778
1 0.115365 0.409722 0.032813 0.195370
1 0.465625 0.219907 0.029167 0.167593
1 0.487240 0.224074 0.025521 0.151852
1 0.552083 -0.010185 0.023958 0.112963
1 0.532552 -0.008796 0.022396 0.110185
1 0.738281 0.285185 0.024479 0.155556
1 0.716667 0.250000 0.027083 0.155556
1 0.380469 0.070833 0.027604 0.150926
1 0.389583 -0.033796 0.020833 0.100926
1 0.296094 0.021296 0.019271 0.120370
7 0.327344 0.029167 0.031771 0.071296
1 0.014844 0.856481 0.036979 0.220370
7 0.648698 0.082870 0.039062 0.108333
1 0.270573 0.230093 0.027604 0.163889
1 0.275000 0.242130 0.046875 0.175000
1 0.246875 0.123148 0.026042 0.151852
1 0.226302 0.135648 0.026562 0.152778
1 0.292448 0.136574 0.022396 0.154630
1 0.267708 0.112963 0.027083 0.148148
1 0.199219 0.179167 0.027604 0.163889
1 0.216406 0.152778 0.026562 0.142593
1 0.161458 0.192593 0.027083 0.157407
1 0.189844 0.162037 0.025521 0.161111
1 0.123958 0.194444 0.025000 0.151852
1 0.144271 0.169444 0.023958 0.168519
1 0.145313 0.156944 0.030208 0.156481
1 0.152083 0.142593 0.028125 0.153704
1 0.118750 0.174074 0.020833 0.159259
1 0.486719 -0.045833 0.020313 0.106481
1 0.224479 1.011574 0.047917 0.178704
7 0.648177 0.056019 0.033854 0.117593
