1 0.595573 0.321759 0.032813 0.128704
1 0.414583 0.327778 0.032292 0.161111
1 0.452083 0.335185 0.029167 0.146296
1 0.617708 0.309722 0.027083 0.106481
1 0.751042 0.377315 0.056250 0.387963
1 0.366667 0.316667 0.020833 0.103704
1 0.726302 0.374074 0.049479 0.331481
1 0.527865 0.300000 0.014063 0.064815
1 0.089844 0.397685 0.052604 0.302778
1 0.120052 0.307870 0.016146 0.078704
1 0.556250 0.298611 0.012500 0.052778
1 0.542708 0.294907 0.011458 0.052778
7 0.477865 0.331944 0.023438 0.084259
7 0.495312 0.329630 0.025000 0.081481
1 0.316406 0.294907 0.011979 0.045370
1 0.323437 0.296296 0.010417 0.046296
1 0.335938 0.290741 0.010417 0.038889
1 0.340625 0.290741 0.010417 0.042593
1 0.385937 0.313426 0.011458 0.058333
1 0.350781 0.291667 0.009896 0.035185
