1 0.728646 0.478241 0.041667 0.225000
1 0.769271 0.474074 0.038542 0.162963
1 0.354427 0.482870 0.044271 0.195370
1 0.632292 0.437963 0.025000 0.112963
1 0.247396 0.480556 0.038542 0.166667
1 0.371875 0.477315 0.034375 0.171296
1 0.285938 0.485648 0.032292 0.158333
1 0.495312 0.442593 0.020833 0.103704
1 0.602604 0.443981 0.019792 0.097222
1 0.307031 0.481481 0.030729 0.166667
1 0.576302 0.428704 0.016146 0.075926
1 0.190625 0.432870 0.014583 0.063889
1 0.331771 0.461574 0.027083 0.126852
1 0.611979 0.437037 0.016667 0.092593
1 0.427604 0.430556 0.010417 0.062963
1 0.419010 0.431944 0.010937 0.052778
1 0.436198 0.437500 0.010937 0.065741
1 0.408854 0.434259 0.010417 0.053704
1 0.392708 0.431481 0.011458 0.057407
7 0.826302 0.448611 0.021354 0.099074
