1 0.681771 0.550926 0.066667 0.383333
1 0.523438 0.478704 0.036458 0.161111
1 0.001823 0.553241 0.094271 0.352778
1 0.428646 0.450000 0.022917 0.111111
1 0.076302 0.500463 0.042188 0.186111
1 0.097135 0.485185 0.038021 0.172222
1 0.292187 0.457407 0.023958 0.116667
1 0.402083 0.450926 0.020833 0.103704
1 0.042708 0.503241 0.034375 0.186111
1 0.386979 0.441667 0.018750 0.085185
1 0.451302 0.449537 0.021354 0.100926
1 0.422135 0.450463 0.015104 0.100926
1 0.221354 0.444907 0.012500 0.067593
1 0.211458 0.450463 0.010417 0.060185
1 0.230469 0.451852 0.016146 0.072222
1 0.195052 0.444444 0.010937 0.061111
1 0.175781 0.447685 0.009896 0.054630
1 0.187760 0.447685 0.010937 0.050926
1 0.344271 0.436574 0.013542 0.063889
7 0.657292 0.459259 0.020833 0.103704
