1 0.845052 0.654630 0.049479 0.214815
1 0.216406 0.608333 0.052604 0.231481
1 0.916406 0.518519 0.050521 0.192593
1 0.452865 0.976389 0.041146 0.241667
1 0.351042 0.816667 0.036458 0.231481
7 0.377865 0.242593 0.040104 0.103704
7 0.367969 0.325463 0.029687 0.112037
1 0.432292 0.212500 0.028125 0.158333
1 0.497917 -0.040278 0.025000 0.117593
1 0.337500 0.125926 0.020833 0.129630
1 0.169271 0.283796 0.029167 0.165741
1 0.142187 0.279630 0.030208 0.183333
1 0.580208 1.041667 0.052083 0.118519
1 0.402865 0.145370 0.024479 0.140741
1 0.404167 0.125000 0.028125 0.157407
1 0.298438 0.020370 0.023958 0.122222
7 0.327344 0.029167 0.031771 0.071296
1 0.263021 0.100463 0.022917 0.134259
7 0.651563 0.082407 0.031250 0.109259
1 0.306250 0.183333 0.026042 0.162963
1 0.174740 0.049537 0.026562 0.139815
1 0.200000 0.182407 0.025000 0.159259
1 0.163021 0.193519 0.025000 0.155556
1 0.194792 0.168519 0.026042 0.157407
1 0.129948 0.199537 0.027604 0.149074
1 0.121875 0.180556 0.026042 0.168519
1 0.149479 0.168056 0.029167 0.162037
1 0.156771 0.141667 0.027083 0.151852
1 0.118229 0.174074 0.020833 0.159259
1 0.472656 -0.012500 0.025521 0.149074
1 0.179167 0.437037 0.034375 0.194444
1 0.259375 0.052315 0.030208 0.147222
1 0.727865 0.891667 0.049479 0.237037
1 0.679688 0.907870 0.046875 0.228704
1 0.859115 0.222222 0.034896 0.168519
1 0.788542 0.215278 0.027083 0.158333
1 0.723177 -0.028241 0.020313 0.115741
1 0.786458 0.072222 0.030208 0.131481
1 0.809375 -0.024537 0.027083 0.134259
1 0.764062 -0.031944 0.025000 0.134259
1 0.265104 0.202315 0.022917 0.163889
1 0.235417 0.205556 0.030208 0.148148
1 0.153385 0.043519 0.027604 0.131481
1 0.225521 0.090741 0.028125 0.148148
1 0.195312 0.084722 0.026042 0.141667
1 0.229948 0.073148 0.023438 0.140741
1 0.840885 -0.005093 0.023438 0.080556
1 0.569010 0.024537 0.035937 0.130556
