1 0.661458 0.517130 0.010417 0.054630
1 0.777344 0.570833 0.025521 0.112037
1 0.753906 0.564815 0.021354 0.094444
1 0.732031 0.573148 0.013021 0.101852
1 0.741927 0.571759 0.023438 0.100926
1 0.650521 0.520833 0.013542 0.063889
1 0.711719 0.870370 0.059896 0.294444
1 0.708073 0.818519 0.069271 0.270370
1 0.578906 0.725926 0.043229 0.231481
1 0.767448 0.570833 0.017188 0.093519
1 0.604167 0.741204 0.031250 0.256481
1 0.675000 0.579167 0.023958 0.108333
1 0.705729 0.577315 0.027083 0.112037
1 0.908854 0.649074 0.038542 0.162963
1 0.726823 0.784722 0.036979 0.249074
1 0.940104 0.640278 0.044792 0.149074
1 0.903385 0.623148 0.030729 0.150000
1 0.672135 0.566667 0.025521 0.098148
