1 0.586719 0.511574 0.009896 0.058333
1 0.612760 0.511111 0.009896 0.053704
1 0.728906 0.570833 0.023438 0.119444
1 0.703646 0.568519 0.023958 0.103704
1 0.682552 0.574074 0.014063 0.109259
1 0.693750 0.574074 0.022917 0.109259
1 0.602865 0.518056 0.015104 0.067593
1 0.646354 0.908796 0.065625 0.317593
1 0.622917 0.856019 0.058333 0.304630
1 0.502865 0.747222 0.042188 0.251852
1 0.718490 0.571759 0.017188 0.093519
1 1.001302 0.635648 0.023438 0.171296
1 0.522917 0.762963 0.058333 0.268519
1 0.618750 0.577315 0.023958 0.108333
1 0.653385 0.577315 0.026562 0.112037
1 0.876823 0.660648 0.036979 0.169444
1 0.648958 0.818056 0.048958 0.282407
1 0.904167 0.642593 0.031250 0.150000
1 0.867448 0.625463 0.031771 0.154630
1 0.618490 0.562963 0.025521 0.098148
