1 0.725000 0.507407 0.042708 0.251852
1 0.716146 0.487037 0.038542 0.162963
1 0.299740 0.501852 0.055729 0.207407
1 0.593229 0.453704 0.025000 0.105556
1 0.189062 0.493056 0.039583 0.167593
1 0.231510 0.495833 0.031771 0.162037
1 0.445052 0.456944 0.022396 0.106481
1 0.568229 0.456481 0.019792 0.100000
1 0.259115 0.495833 0.029687 0.162037
1 0.539583 0.444907 0.015625 0.078704
1 0.135937 0.448148 0.014583 0.064815
1 0.279948 0.470370 0.026562 0.124074
1 0.573958 0.449537 0.015625 0.089815
1 0.389062 0.444907 0.011458 0.060185
1 0.380469 0.447685 0.010937 0.052778
1 0.395052 0.451389 0.010937 0.065741
1 0.369531 0.445370 0.009896 0.053704
1 0.354167 0.444444 0.011458 0.057407
1 0.343750 0.445833 0.010417 0.050926
7 0.797656 0.465278 0.021354 0.099074
