1 0.079167 0.697685 0.022917 0.150926
1 0.668229 0.522685 0.010417 0.049074
1 0.060677 0.699537 0.019271 0.141667
1 0.060677 0.714352 0.017188 0.141667
1 0.047656 0.723148 0.020313 0.142593
1 0.721615 0.512037 0.011979 0.051852
1 0.811458 0.546296 0.016667 0.092593
1 0.790365 0.547685 0.021354 0.082407
1 0.710417 0.510648 0.013542 0.052778
1 0.700521 0.509722 0.015625 0.056481
1 0.773698 0.699074 0.039062 0.179630
1 0.844792 0.671759 0.045833 0.171296
1 0.722135 0.649537 0.035937 0.173148
1 0.803906 0.551389 0.018229 0.084259
1 0.744010 0.653704 0.036979 0.181481
1 0.747656 0.552778 0.018229 0.074074
1 0.770052 0.551389 0.021354 0.075000
1 0.848958 0.578241 0.021875 0.086111
1 0.838802 0.656481 0.026562 0.164815
1 0.870833 0.587037 0.022917 0.107407
1 0.721094 0.556481 0.023438 0.087037
