1 0.845052 0.654630 0.049479 0.214815
1 0.250521 -0.016204 0.031250 0.165741
1 0.226562 0.604630 0.048958 0.229630
1 0.916927 0.518519 0.051562 0.192593
1 0.462760 0.977778 0.039062 0.238889
1 0.351042 0.816667 0.036458 0.231481
7 0.377865 0.242593 0.040104 0.103704
7 0.367969 0.325463 0.029687 0.112037
1 0.433333 0.213889 0.032292 0.157407
1 0.499479 -0.037500 0.025000 0.123148
1 0.338542 0.125926 0.020833 0.129630
1 0.161719 0.288889 0.028646 0.162963
1 0.136198 0.285648 0.031771 0.180556
1 0.589844 1.026852 0.052604 0.148148
1 0.635417 1.030093 0.048958 0.141667
1 0.402865 0.145370 0.024479 0.140741
1 0.403385 0.122685 0.026562 0.158333
1 0.298438 0.020370 0.023958 0.122222
7 0.327344 0.029167 0.031771 0.071296
1 0.262500 0.106944 0.022917 0.134259
7 0.651563 0.082407 0.031250 0.109259
1 0.305729 0.183333 0.025000 0.162963
1 0.167969 0.052315 0.026562 0.139815
1 0.200000 0.183333 0.025000 0.159259
1 0.163021 0.193519 0.025000 0.155556
1 0.194531 0.168519 0.026562 0.157407
1 0.129688 0.199074 0.028125 0.148148
1 0.122135 0.181019 0.026562 0.167593
1 0.150521 0.168056 0.029167 0.162037
1 0.156771 0.141667 0.027083 0.151852
1 0.118229 0.174074 0.020833 0.159259
1 0.472917 -0.009722 0.026042 0.149074
1 0.181510 0.422222 0.035937 0.196296
1 0.256510 0.058796 0.027604 0.149074
1 0.748958 0.918519 0.052083 0.233333
1 0.702865 0.937963 0.043229 0.227778
1 0.864062 0.229630 0.038542 0.168519
1 0.790885 0.229167 0.027604 0.158333
1 0.786458 0.071296 0.030208 0.131481
1 0.812500 -0.014815 0.027083 0.137037
1 0.772135 -0.027778 0.025521 0.138889
1 0.262500 0.193981 0.022917 0.163889
1 0.234896 0.197685 0.036458 0.149074
1 0.159115 0.040741 0.027604 0.129630
1 0.225521 0.079630 0.028125 0.148148
1 0.197656 0.074537 0.025521 0.141667
1 0.229687 0.068056 0.022917 0.141667
1 0.842708 -0.006019 0.020833 0.078704
1 0.591927 0.027315 0.031771 0.132407
