0 0.846354 0.654630 0.052083 0.214815
0 0.358073 0.649537 0.041146 0.228704
0 0.916146 0.517130 0.039583 0.195370
0 0.489583 0.981944 0.043750 0.131481
0 0.351042 0.816667 0.036458 0.231481
2 0.377865 0.242593 0.040104 0.103704
2 0.367969 0.325463 0.029687 0.112037
0 0.433333 0.208796 0.039583 0.158333
0 0.337240 0.125463 0.020313 0.128704
0 0.194792 0.236111 0.025000 0.155556
0 0.174479 0.239352 0.035417 0.176852
0 0.405469 0.141204 0.027604 0.147222
0 0.399219 0.116667 0.027604 0.155556
2 0.651563 0.081481 0.031250 0.109259
0 0.306250 0.188426 0.030208 0.158333
0 0.200000 0.177778 0.025000 0.159259
0 0.163021 0.193519 0.026042 0.155556
0 0.195052 0.161111 0.024479 0.161111
0 0.137760 0.199537 0.026562 0.154630
0 0.127344 0.180556 0.024479 0.170370
0 0.142969 0.164815 0.024479 0.161111
0 0.175521 0.150000 0.026042 0.150000
0 0.118750 0.169444 0.020833 0.159259
0 0.167187 0.702315 0.043750 0.228704
0 0.532292 0.541204 0.035417 0.212037
0 0.485938 0.557407 0.036458 0.211111
0 0.739844 0.996759 0.049479 0.100000
0 0.941667 0.741204 0.056250 0.213889
0 0.980208 0.701389 0.040625 0.236111
0 0.796094 0.073611 0.027604 0.145370
0 0.751823 0.082870 0.025521 0.141667
0 0.894531 0.122685 0.026562 0.154630
0 0.835156 0.091667 0.027604 0.135185
0 0.784896 0.144444 0.030208 0.142593
0 0.237500 0.374074 0.028125 0.188889
0 0.196094 0.377778 0.042188 0.164815
0 0.210677 0.131019 0.025521 0.152778
0 0.264062 0.234259 0.030208 0.170370
0 0.228385 0.227778 0.029687 0.161111
0 0.259375 0.212963 0.029167 0.153704
