0 0.844792 0.654630 0.048958 0.214815
0 0.284375 0.608796 0.054167 0.221296
0 0.915365 0.518981 0.049479 0.193519
0 0.506250 0.979167 0.038542 0.140741
0 0.351042 0.816667 0.036458 0.231481
2 0.377865 0.242593 0.040104 0.103704
2 0.367969 0.325463 0.029687 0.112037
0 0.433333 0.213426 0.033333 0.156481
0 0.333854 0.126852 0.019792 0.131481
0 0.150000 0.311574 0.030208 0.169444
0 0.121354 0.303241 0.031250 0.187963
0 0.608594 0.985185 0.052604 0.128704
0 0.639583 0.990741 0.043750 0.116667
0 0.402604 0.145370 0.022917 0.140741
0 0.408073 0.122685 0.026562 0.158333
0 0.269010 0.138426 0.023438 0.143519
2 0.651563 0.082407 0.031250 0.109259
0 0.299479 0.184722 0.032292 0.162037
0 0.200260 0.183333 0.025521 0.159259
0 0.163021 0.193056 0.025000 0.156481
0 0.199479 0.164815 0.025000 0.159259
0 0.134115 0.198611 0.023438 0.147222
0 0.121615 0.181019 0.026562 0.167593
0 0.150260 0.166204 0.028646 0.162037
0 0.157031 0.144444 0.027604 0.151852
0 0.118229 0.174074 0.020833 0.159259
0 0.194792 0.379630 0.034375 0.190741
0 0.261458 0.093519 0.031250 0.155556
0 0.805990 0.995370 0.046354 0.104630
0 0.863021 0.268981 0.034375 0.173148
0 0.803646 0.254167 0.030208 0.163889
0 0.786458 0.071296 0.030208 0.131481
0 0.251823 0.165741 0.023438 0.161111
0 0.230990 0.172222 0.027604 0.144444
