1 0.833333 0.687963 0.046875 0.222222
1 0.249219 0.177315 0.036979 0.182407
1 0.277604 0.643981 0.048958 0.223148
1 0.915625 0.519907 0.040625 0.193519
1 0.517708 0.975926 0.040625 0.242593
1 0.351042 0.816667 0.036458 0.231481
7 0.377865 0.242593 0.040104 0.103704
7 0.367969 0.325463 0.029687 0.112037
1 0.429427 0.218519 0.030729 0.161111
1 0.762760 0.038426 0.025521 0.123148
1 0.550781 0.131481 0.027604 0.148148
1 0.517448 0.129630 0.031771 0.164815
1 0.278646 0.163889 0.019792 0.157407
1 0.496875 0.085648 0.031250 0.150926
1 0.069792 0.411111 0.026042 0.174074
1 0.053646 0.392130 0.038542 0.186111
1 0.460417 0.529167 0.043750 0.204630
1 0.489583 0.536111 0.040625 0.190741
1 0.409115 0.154167 0.020313 0.137963
1 0.383854 0.166667 0.030208 0.155556
1 0.380729 0.077315 0.026042 0.141667
1 0.297135 0.022685 0.021354 0.123148
7 0.327344 0.029167 0.031771 0.071296
1 0.130469 0.391204 0.028646 0.169444
7 0.651563 0.082407 0.031250 0.109259
1 0.268229 0.583333 0.033333 0.203704
1 0.224740 0.568981 0.045312 0.215741
1 0.294531 0.135648 0.025521 0.152778
1 0.185677 0.122222 0.027604 0.150000
1 0.203646 0.179630 0.027083 0.162963
1 0.544792 0.477315 0.031250 0.180556
1 0.163542 0.199074 0.027083 0.157407
1 0.197135 0.166667 0.024479 0.155556
1 0.122135 0.202315 0.030729 0.145370
1 0.129948 0.183333 0.024479 0.172222
1 0.147656 0.155556 0.028646 0.161111
1 0.151562 0.142593 0.028125 0.153704
1 0.451042 0.019444 0.025000 0.144444
1 0.237240 0.140741 0.029687 0.159259
1 0.244010 0.411111 0.040104 0.198148
1 0.967708 0.538426 0.034375 0.193519
1 0.835938 -0.021296 0.025000 0.129630
1 0.925000 0.149537 0.030208 0.145370
1 0.982292 0.131481 0.027083 0.150000
1 0.858333 0.066667 0.034375 0.144444
1 0.251042 1.007407 0.053125 0.185185
1 0.270313 0.962037 0.045833 0.244444
1 0.230990 0.010648 0.023438 0.128704
1 0.207813 0.011574 0.021875 0.126852
1 0.721094 -0.034259 0.030729 0.129630
7 0.646354 0.076389 0.032292 0.086111
1 0.651302 0.076389 0.034896 0.084259
