1 0.617448 0.351389 0.031771 0.136111
1 0.445833 0.350463 0.031250 0.162037
1 0.021354 0.566204 0.192708 0.686111
1 0.479167 0.355556 0.029167 0.144444
1 0.624219 0.337963 0.021354 0.094444
1 0.738281 0.396759 0.050521 0.339815
1 0.377083 0.339352 0.020833 0.100926
1 0.717448 0.393056 0.046354 0.291667
1 0.545833 0.324537 0.014583 0.060185
1 0.172917 0.406944 0.058333 0.265741
1 0.140104 0.320370 0.014583 0.074074
1 0.147135 0.318981 0.015104 0.076852
1 0.570312 0.320370 0.010417 0.046296
1 0.557292 0.324074 0.011458 0.057407
7 0.494010 0.344907 0.023438 0.075000
7 0.512500 0.351389 0.022917 0.075000
1 0.324219 0.326389 0.017188 0.065741
1 0.391667 0.325463 0.012500 0.060185
1 0.401562 0.327315 0.011458 0.058333
