0 0.846615 0.654630 0.052604 0.214815
0 0.356771 0.650463 0.040625 0.226852
0 0.916146 0.517130 0.039583 0.195370
0 0.496094 0.981481 0.042188 0.131481
0 0.351042 0.816667 0.036458 0.231481
2 0.377865 0.242593 0.040104 0.103704
2 0.367969 0.325463 0.029687 0.112037
0 0.432552 0.208333 0.039062 0.157407
0 0.337240 0.125463 0.020313 0.128704
0 0.195052 0.236111 0.025521 0.155556
0 0.174479 0.239352 0.034375 0.176852
0 0.406510 0.142130 0.026562 0.147222
0 0.400000 0.116204 0.026042 0.154630
2 0.651563 0.081481 0.031250 0.109259
0 0.305729 0.187963 0.030208 0.157407
0 0.204948 0.177315 0.026562 0.158333
0 0.163542 0.193981 0.026042 0.154630
0 0.196094 0.163889 0.024479 0.161111
0 0.138802 0.200463 0.026562 0.152778
0 0.122917 0.181019 0.023958 0.171296
0 0.139063 0.165741 0.026042 0.159259
0 0.183854 0.150000 0.026042 0.150000
0 0.118750 0.168519 0.020833 0.159259
0 0.175521 0.733333 0.042708 0.231481
0 0.525000 0.513889 0.043750 0.212963
0 0.477865 0.526852 0.033854 0.209259
0 0.722656 0.965741 0.050521 0.150926
0 0.934375 0.739352 0.044792 0.219444
0 0.964063 0.701389 0.040625 0.232407
0 0.755729 0.072685 0.025000 0.137963
0 0.902604 0.139352 0.027083 0.154630
0 0.841927 0.112037 0.025521 0.144444
0 0.787240 0.156944 0.029687 0.143519
0 0.589063 0.080556 0.027083 0.142593
0 0.257812 0.065741 0.025000 0.131481
0 0.234115 0.399074 0.028646 0.188889
0 0.195312 0.401852 0.039583 0.170370
0 0.228646 0.135648 0.028125 0.160185
0 0.265104 0.254630 0.031250 0.174074
0 0.222656 0.248611 0.028646 0.169444
0 0.258594 0.231019 0.031771 0.158333
