1 0.851042 0.565741 0.025000 0.114815
1 0.753906 0.559259 0.020313 0.111111
1 0.185156 0.538889 0.014063 0.066667
1 0.635417 0.517130 0.013542 0.058333
1 0.625781 0.536574 0.018229 0.084259
1 0.641667 0.519444 0.011458 0.057407
1 0.293750 0.494907 0.006250 0.032407
1 0.138281 0.537963 0.009896 0.057407
1 0.474219 0.490278 0.009896 0.043519
1 0.179688 0.537500 0.009375 0.065741
1 0.182552 0.545833 0.011979 0.060185
1 0.130729 0.538426 0.012500 0.067593
1 0.152604 0.533796 0.012500 0.062037
1 0.505990 0.508333 0.010937 0.053704
1 0.570052 0.507407 0.011979 0.055556
1 0.558854 0.510185 0.011458 0.057407
1 0.656771 0.514815 0.013542 0.064815
1 0.604167 0.504167 0.009375 0.062037
1 0.621615 0.504167 0.015104 0.060185
1 0.521094 0.506944 0.011979 0.047222
