1 0.845313 0.654630 0.050000 0.214815
1 0.221094 0.616204 0.032813 0.225000
1 0.915885 0.518056 0.048438 0.191667
1 0.462240 0.982407 0.043229 0.235185
1 0.351042 0.816667 0.036458 0.231481
7 0.377865 0.242593 0.040104 0.103704
7 0.367969 0.325463 0.029687 0.112037
1 0.429688 0.211111 0.021875 0.161111
1 0.336979 0.125463 0.020833 0.128704
1 0.173958 0.272222 0.028125 0.161111
1 0.149219 0.270833 0.029687 0.182407
1 0.402865 0.145833 0.024479 0.139815
1 0.404167 0.123148 0.028125 0.157407
1 0.298958 0.019907 0.023958 0.121296
7 0.327344 0.029167 0.031771 0.071296
1 0.257552 0.085185 0.022396 0.127778
7 0.651563 0.081481 0.031250 0.109259
1 0.304688 0.184259 0.028125 0.162963
1 0.183073 0.049537 0.026562 0.139815
1 0.200000 0.182407 0.025000 0.159259
1 0.163021 0.193519 0.025000 0.155556
1 0.194792 0.165741 0.025000 0.162963
1 0.133073 0.197685 0.025521 0.150926
1 0.121875 0.179630 0.026042 0.170370
1 0.148438 0.165278 0.029167 0.162037
1 0.157552 0.141667 0.027604 0.151852
1 0.118229 0.174074 0.020833 0.159259
1 0.471615 -0.016204 0.025521 0.149074
1 0.172396 0.465741 0.038542 0.200000
1 0.255990 0.016667 0.030729 0.148148
1 0.696615 0.848148 0.044271 0.250000
1 0.650521 0.869907 0.045833 0.249074
1 0.851823 0.200926 0.033854 0.166667
1 0.780208 0.194907 0.025000 0.160185
1 0.744271 -0.014352 0.021875 0.117593
1 0.782292 -0.041204 0.022917 0.115741
1 0.785937 0.072222 0.030208 0.131481
1 0.808333 -0.035648 0.026042 0.121296
1 0.264583 0.223148 0.025000 0.162963
1 0.233333 0.225463 0.038542 0.150926
1 0.147135 0.046759 0.024479 0.130556
1 0.229687 0.101389 0.031250 0.147222
1 0.201042 0.099074 0.027083 0.140741
1 0.232813 0.085648 0.025000 0.141667
1 0.838021 -0.004630 0.020833 0.079630
1 0.533854 0.014815 0.036458 0.129630
