1 0.843229 0.653241 0.045833 0.217593
1 0.257812 0.039352 0.031250 0.163889
1 0.377083 0.636574 0.051042 0.237963
1 0.915885 0.519444 0.041146 0.194444
1 0.541406 0.978704 0.039062 0.242593
1 0.351042 0.816667 0.036458 0.231481
7 0.377865 0.242593 0.040104 0.103704
7 0.367969 0.325463 0.029687 0.112037
1 0.433073 0.212963 0.030729 0.157407
1 0.521094 0.005556 0.025521 0.131481
1 0.493229 0.000463 0.028125 0.143519
1 0.333333 0.126852 0.020833 0.131481
1 0.130469 0.342130 0.031771 0.173148
1 0.097396 0.329630 0.030208 0.190741
1 0.581510 0.898148 0.064062 0.244444
1 0.619010 0.897685 0.051562 0.228704
1 0.403385 0.145370 0.021354 0.140741
1 0.440104 0.133333 0.025000 0.151852
1 0.297135 0.021296 0.021354 0.122222
7 0.327344 0.029167 0.031771 0.071296
1 0.254948 0.178241 0.025521 0.145370
7 0.651563 0.082407 0.031250 0.109259
1 0.150781 0.990741 0.043229 0.214815
1 0.181250 0.947222 0.051042 0.253704
1 0.303646 0.184722 0.025000 0.160185
1 0.169531 0.091667 0.029687 0.148148
1 0.200521 0.183333 0.027083 0.161111
1 0.163021 0.193056 0.025000 0.156481
1 0.196094 0.162500 0.025521 0.163889
1 0.125260 0.200000 0.026562 0.148148
1 0.120052 0.179167 0.026562 0.167593
1 0.163021 0.166667 0.028125 0.153704
1 0.157031 0.144444 0.026562 0.148148
1 0.467969 0.018981 0.025521 0.149074
1 0.211458 0.325000 0.034375 0.177778
1 0.264062 0.139815 0.031250 0.162963
1 0.879687 0.318056 0.040625 0.184259
1 0.827083 0.302315 0.029167 0.171296
1 0.786458 0.070370 0.030208 0.131481
1 0.981510 0.329167 0.034896 0.163889
1 0.870573 0.045370 0.027604 0.140741
1 0.823698 0.035648 0.027604 0.152778
1 0.233333 0.136574 0.022917 0.154630
1 0.208854 0.143519 0.027083 0.138889
1 0.198177 0.001389 0.024479 0.125000
1 0.236458 0.019907 0.028125 0.145370
1 0.202865 0.013426 0.026562 0.141667
7 0.647135 0.070833 0.032813 0.084259
