1 0.834375 0.663889 0.031250 0.224074
1 0.253646 0.082407 0.038542 0.164815
1 0.447917 0.679630 0.035417 0.238889
1 0.916406 0.517593 0.040104 0.194444
1 0.560417 0.980093 0.043750 0.237963
1 0.351042 0.816667 0.036458 0.231481
7 0.377865 0.242593 0.040104 0.103704
7 0.367969 0.325463 0.029687 0.112037
1 0.424219 0.212963 0.028646 0.157407
1 0.531250 0.040278 0.027083 0.137963
1 0.498698 0.029630 0.028646 0.148148
1 0.312500 0.131481 0.019792 0.142593
1 0.101302 0.386111 0.034896 0.174074
1 0.074740 0.364815 0.036979 0.194444
1 0.527083 0.783796 0.061458 0.239815
1 0.559115 0.788889 0.039062 0.214815
1 0.405729 0.150000 0.023958 0.129630
1 0.400260 0.162500 0.032813 0.156481
1 0.297135 0.022222 0.021354 0.122222
7 0.327344 0.029167 0.031771 0.071296
1 0.196354 0.225926 0.023958 0.151852
7 0.651563 0.082407 0.031250 0.109259
1 0.161458 0.873148 0.041667 0.240741
1 0.125000 0.849537 0.047917 0.250926
1 0.283073 0.173148 0.027604 0.161111
1 0.170833 0.122222 0.021875 0.151852
1 0.200521 0.182870 0.027083 0.162037
1 0.930729 0.693056 0.034375 0.199074
1 0.163802 0.193519 0.026562 0.157407
1 0.200521 0.164815 0.023958 0.164815
1 0.128906 0.200000 0.031771 0.146296
1 0.131771 0.182407 0.028125 0.161111
1 0.161198 0.161574 0.029687 0.163889
1 0.145573 0.143519 0.026562 0.150000
1 0.117708 0.174074 0.020833 0.159259
1 0.474479 0.036111 0.025000 0.150000
1 0.218490 0.259722 0.031771 0.169444
1 0.257031 0.203241 0.033854 0.169444
1 0.910937 0.384722 0.042708 0.186111
1 0.847917 0.361574 0.031250 0.178704
1 0.790365 0.061574 0.029687 0.134259
1 0.934375 0.273148 0.030208 0.159259
1 0.883854 0.090741 0.027083 0.151852
1 0.852083 0.084722 0.028125 0.158333
1 0.986719 0.290741 0.034896 0.175926
1 0.220052 0.102778 0.023438 0.146296
1 0.196615 0.109259 0.029687 0.135185
1 0.201302 -0.039815 0.023438 0.116667
1 0.226562 -0.030556 0.026042 0.133333
1 0.701042 -0.041204 0.026042 0.115741
7 0.647396 0.071759 0.033333 0.086111
