1 0.910937 0.592130 0.033333 0.173148
1 0.116667 0.602315 0.018750 0.097222
1 0.929427 0.675000 0.052604 0.212963
1 0.539844 0.495370 0.010937 0.037037
1 0.104167 0.602778 0.016667 0.094444
1 0.104427 0.614815 0.015104 0.096296
1 0.032292 0.612500 0.019792 0.095370
1 0.655469 0.566667 0.023438 0.100000
1 0.658594 0.550926 0.022396 0.111111
1 0.023958 0.612500 0.020833 0.102778
1 0.590625 0.525463 0.019792 0.071296
1 0.572917 0.518519 0.012500 0.059259
1 0.613542 0.523611 0.013542 0.065741
1 0.605208 0.526389 0.012500 0.071296
