1 0.488021 0.429630 0.036458 0.159259
1 0.430729 0.410185 0.026042 0.120370
1 0.365365 0.403704 0.019271 0.103704
1 0.975260 0.574537 0.085938 0.521296
1 0.026302 0.451389 0.052604 0.217593
1 0.244792 0.418056 0.030208 0.130556
1 0.415625 0.405556 0.020833 0.107407
1 0.115885 0.428241 0.029687 0.134259
1 0.517708 0.405093 0.027083 0.136111
1 0.464323 0.398611 0.016146 0.102778
1 0.229427 0.407407 0.017188 0.092593
1 0.216406 0.406481 0.013021 0.075926
1 0.378125 0.390278 0.013542 0.063889
1 0.064844 0.419444 0.017188 0.094444
7 0.329688 0.400000 0.018750 0.048148
7 0.337500 0.399074 0.015625 0.044444
1 0.060156 0.406481 0.011979 0.059259
7 0.732552 0.416204 0.025521 0.126852
