1 0.625000 0.356019 0.031250 0.136111
1 0.450000 0.356944 0.031250 0.163889
1 0.099479 0.526852 0.169792 0.612963
1 0.491146 0.358333 0.029167 0.144444
1 0.727865 0.390741 0.047396 0.322222
1 0.374479 0.349074 0.019792 0.100000
1 0.710417 0.387037 0.045833 0.277778
1 0.548958 0.327315 0.014583 0.060185
1 0.195833 0.405093 0.032292 0.252778
1 0.573958 0.326389 0.009375 0.047222
1 0.560417 0.321296 0.010417 0.051852
7 0.498177 0.356944 0.023438 0.071296
7 0.517188 0.360648 0.022917 0.073148
1 0.339583 0.332870 0.016667 0.065741
1 0.393750 0.328241 0.012500 0.060185
1 0.400521 0.332870 0.011458 0.058333
