1 0.613542 0.373148 0.031250 0.135185
1 0.442188 0.374074 0.030208 0.162963
1 0.150000 0.499074 0.148958 0.522222
1 0.493229 0.377778 0.029167 0.142593
1 0.601562 0.357870 0.016667 0.080556
1 0.689323 0.403704 0.043229 0.281481
1 0.353125 0.364352 0.019792 0.099074
1 0.675781 0.400463 0.042188 0.247222
1 0.531250 0.350463 0.014583 0.060185
1 0.555208 0.346759 0.010417 0.041667
1 0.542188 0.341204 0.010417 0.047222
7 0.485677 0.377778 0.023438 0.070370
7 0.502604 0.379630 0.022917 0.070370
1 0.334115 0.358333 0.015104 0.066667
1 0.377083 0.352315 0.012500 0.060185
1 0.387500 0.349537 0.011458 0.058333
