0 0.913542 0.650926 0.120833 0.720370
0 0.461979 0.465278 0.034375 0.154630
0 0.390104 0.437037 0.019792 0.109259
0 0.282552 0.429167 0.021354 0.089815
0 0.228906 0.438426 0.028646 0.123148
0 0.364844 0.440741 0.021354 0.105556
0 0.362760 0.430556 0.019271 0.090741
0 0.438542 0.436574 0.020833 0.113889
0 0.393490 0.436111 0.017188 0.103704
0 0.177344 0.429167 0.018229 0.084259
0 0.317188 0.420833 0.013542 0.063889
2 0.259635 0.428241 0.019271 0.045370
2 0.272656 0.427315 0.016146 0.043519
2 0.645312 0.449537 0.021875 0.113889
