1 0.594531 0.316204 0.031771 0.139815
1 0.472656 0.308796 0.025521 0.137963
1 0.456771 0.320833 0.037500 0.180556
1 0.833854 0.526389 0.128125 0.693519
1 0.958333 0.532407 0.146875 0.753704
1 0.284115 0.330093 0.038021 0.210185
1 0.497135 0.306944 0.028646 0.121296
1 0.523698 0.276852 0.011979 0.046296
1 0.556250 0.300463 0.025000 0.128704
1 0.556771 0.307870 0.020833 0.121296
1 0.621354 0.296296 0.017708 0.109259
1 0.193490 0.320833 0.038021 0.180556
1 0.168750 0.333333 0.028125 0.161111
1 0.420052 0.305093 0.023438 0.100926
1 0.409375 0.306019 0.023958 0.104630
1 0.328646 0.313426 0.022917 0.121296
1 0.062240 0.290278 0.019271 0.086111
1 0.086458 0.312500 0.026042 0.123148
1 0.092969 0.292130 0.017188 0.071296
1 0.400260 0.280556 0.010937 0.059259
1 0.386979 0.285185 0.010417 0.064815
1 0.351042 0.285185 0.011458 0.053704
1 0.359896 0.286111 0.013542 0.051852
