1 0.844010 0.654630 0.047396 0.214815
1 0.259896 0.033333 0.031250 0.166667
1 0.365104 0.628241 0.044792 0.236111
1 0.915885 0.518056 0.042188 0.195370
1 0.536979 0.981944 0.039583 0.236111
1 0.351042 0.816667 0.036458 0.231481
7 0.377865 0.242593 0.040104 0.103704
7 0.367969 0.325463 0.029687 0.112037
1 0.432812 0.214352 0.031250 0.156481
1 0.519010 0.000463 0.025521 0.130556
1 0.491406 -0.005556 0.027604 0.140741
1 0.333333 0.126852 0.020833 0.131481
1 0.135156 0.336111 0.031771 0.174074
1 0.100521 0.325926 0.030208 0.190741
1 0.588021 0.914352 0.061458 0.243519
1 0.627344 0.917130 0.052604 0.228704
1 0.402865 0.145370 0.021354 0.140741
1 0.435417 0.128704 0.025000 0.151852
1 0.297396 0.021296 0.021875 0.122222
7 0.327344 0.029167 0.031771 0.071296
1 0.261719 0.173611 0.024479 0.145370
7 0.651563 0.082407 0.031250 0.109259
1 0.151823 1.000926 0.043229 0.198148
1 0.185938 0.962963 0.051042 0.251852
1 0.304688 0.185648 0.025000 0.160185
1 0.166146 0.088426 0.029167 0.147222
1 0.200521 0.183333 0.027083 0.161111
1 0.163021 0.193056 0.025000 0.156481
1 0.196094 0.163889 0.025521 0.162963
1 0.125521 0.199074 0.028125 0.148148
1 0.118490 0.179167 0.026562 0.167593
1 0.162760 0.167593 0.027604 0.151852
1 0.157292 0.143981 0.027083 0.149074
1 0.467187 0.015278 0.026042 0.149074
1 0.208073 0.333796 0.033854 0.178704
1 0.267969 0.129630 0.031771 0.161111
1 0.879948 0.310648 0.039062 0.184259
1 0.825260 0.292593 0.027604 0.168519
1 0.786458 0.070370 0.030208 0.131481
1 0.989062 0.337500 0.036458 0.163889
1 0.865885 0.037963 0.027604 0.140741
1 0.817187 0.026389 0.027083 0.150926
1 0.235417 0.140741 0.023958 0.153704
1 0.213281 0.148148 0.024479 0.140741
1 0.197396 0.007407 0.025000 0.125926
1 0.234896 0.026852 0.029167 0.144444
1 0.202865 0.021759 0.026562 0.141667
7 0.647135 0.070833 0.032813 0.084259
