1 0.508594 0.426852 0.095312 0.585185
1 0.012240 0.516667 0.208854 1.105556
1 0.210938 0.404167 0.064583 0.323148
1 0.290885 0.402778 0.054688 0.320370
1 0.363802 0.368981 0.021354 0.117593
1 0.387240 0.357870 0.026562 0.121296
1 0.722917 0.362037 0.023958 0.125926
1 0.553385 0.413889 0.059896 0.390741
1 0.970313 0.368981 0.020833 0.104630
1 0.939063 0.366667 0.019792 0.098148
1 0.864062 0.355556 0.013542 0.075926
1 0.852344 0.363426 0.017188 0.082407
1 0.472396 0.382407 0.045833 0.283333
1 0.417187 0.361574 0.022917 0.110185
1 0.687240 0.366667 0.020313 0.101852
1 0.698177 0.369907 0.016146 0.087963
1 0.446354 0.365741 0.026042 0.111111
