1 0.512500 0.402778 0.036458 0.157407
1 0.454167 0.378704 0.027083 0.124074
1 0.413542 0.377778 0.023958 0.114815
1 0.913281 0.563889 0.107813 0.570370
1 1.031771 0.563889 0.115625 0.585185
1 0.003646 0.439352 0.060417 0.237963
1 0.323698 0.388889 0.038021 0.142593
1 0.455729 0.371759 0.021875 0.112037
1 0.467969 0.366204 0.017188 0.097222
1 0.162760 0.399537 0.025521 0.121296
1 0.579688 0.384722 0.033333 0.171296
1 0.476302 0.369907 0.017188 0.089815
1 0.510156 0.372685 0.017188 0.106481
1 0.259896 0.379630 0.019792 0.105556
1 0.244531 0.383333 0.014063 0.087037
1 0.294010 0.386574 0.017188 0.100926
1 0.273177 0.369444 0.015104 0.055556
1 0.424479 0.360185 0.013542 0.062963
1 0.075000 0.372222 0.011458 0.062963
1 0.097917 0.388889 0.020833 0.098148
7 0.372656 0.368981 0.018229 0.047222
7 0.388021 0.372222 0.015625 0.044444
1 0.103906 0.377778 0.011979 0.059259
7 0.816146 0.392593 0.029167 0.140741
1 0.284115 0.369444 0.011979 0.048148
