0 0.614583 0.377778 0.033333 0.148148
0 0.451042 0.359259 0.029167 0.140741
0 0.350521 0.403704 0.063542 0.292593
0 0.977083 0.619444 0.094271 0.725926
0 0.201302 0.391667 0.071354 0.272222
0 0.486979 0.363889 0.030208 0.127778
0 0.522656 0.340741 0.013021 0.055556
0 0.567448 0.367130 0.025521 0.154630
0 0.572656 0.363889 0.025521 0.138889
0 0.655208 0.356481 0.021875 0.109259
0 0.282292 0.353704 0.022917 0.116667
0 0.300781 0.361111 0.022396 0.129630
0 0.499740 0.335648 0.009896 0.034259
2 0.444531 0.354630 0.022396 0.051852
2 0.464583 0.359259 0.018750 0.057407
0 0.384635 0.338889 0.010937 0.059259
