1 0.858073 0.568056 0.031771 0.123148
1 0.709896 0.564815 0.023958 0.116667
1 0.113021 0.561111 0.014583 0.066667
1 0.617708 0.551389 0.020833 0.097222
1 0.584115 0.531481 0.011979 0.064815
1 0.228646 0.503704 0.007292 0.035185
1 0.047396 0.561574 0.010417 0.071296
1 0.439844 0.499537 0.008854 0.045370
1 0.106250 0.562037 0.010417 0.074074
1 0.108594 0.569444 0.013021 0.068519
1 0.050260 0.566204 0.013021 0.073148
1 0.065365 0.558333 0.014063 0.077778
1 0.525521 0.514352 0.015625 0.056481
1 0.515104 0.516204 0.011458 0.060185
1 0.503906 0.514352 0.009896 0.049074
1 0.608333 0.524074 0.015625 0.072222
1 0.552865 0.512963 0.015104 0.061111
1 0.564583 0.511574 0.014583 0.058333
1 0.472917 0.516204 0.012500 0.050926
