1 0.852344 0.584259 0.042188 0.164815
1 0.102865 0.600000 0.018229 0.094444
1 0.844010 0.640278 0.033854 0.180556
1 0.513281 0.500926 0.013021 0.044444
1 0.707031 0.528241 0.016146 0.080556
1 0.090625 0.599537 0.015625 0.091667
1 0.090885 0.612500 0.015104 0.093519
1 0.022396 0.606944 0.015625 0.091667
1 0.633854 0.556019 0.021875 0.095370
1 0.252865 0.514815 0.007812 0.038889
1 0.657552 0.548148 0.018229 0.107407
1 0.012500 0.607407 0.018750 0.094444
1 0.564323 0.525000 0.019271 0.070370
1 0.541406 0.522222 0.013021 0.064815
1 0.577344 0.525926 0.010937 0.066667
