0 0.846615 0.654630 0.052604 0.214815
0 0.356771 0.650463 0.040625 0.226852
0 0.916146 0.518056 0.039583 0.195370
0 0.495833 0.982407 0.041667 0.130556
0 0.351042 0.816667 0.036458 0.231481
2 0.377865 0.242593 0.040104 0.103704
2 0.367969 0.325463 0.029687 0.112037
0 0.432552 0.208333 0.039062 0.157407
0 0.337240 0.125463 0.020313 0.128704
0 0.195052 0.236111 0.025521 0.155556
0 0.174479 0.239352 0.034375 0.176852
0 0.406510 0.142130 0.026562 0.147222
0 0.400000 0.116204 0.026042 0.154630
2 0.651563 0.081481 0.031250 0.109259
0 0.305729 0.187963 0.030208 0.157407
0 0.205208 0.177315 0.027083 0.158333
0 0.163542 0.193981 0.026042 0.154630
0 0.196094 0.163889 0.024479 0.161111
0 0.139063 0.200463 0.027083 0.152778
0 0.122917 0.181019 0.023958 0.171296
0 0.139063 0.165741 0.026042 0.159259
0 0.184375 0.150000 0.026042 0.150000
0 0.118750 0.168519 0.020833 0.159259
0 0.176042 0.734259 0.043750 0.231481
0 0.525000 0.512963 0.044792 0.212963
0 0.477344 0.525463 0.033854 0.208333
0 0.721354 0.964352 0.050000 0.152778
0 0.934375 0.739352 0.044792 0.219444
0 0.963802 0.701389 0.040104 0.232407
0 0.755990 0.071296 0.024479 0.137037
0 0.903125 0.140741 0.027083 0.155556
0 0.841927 0.112963 0.025521 0.144444
0 0.787500 0.157870 0.029167 0.143519
0 0.589323 0.081481 0.027604 0.142593
0 0.257812 0.066667 0.025000 0.131481
0 0.233854 0.399074 0.028125 0.188889
0 0.195833 0.402778 0.039583 0.170370
0 0.228906 0.135648 0.027604 0.160185
0 0.265104 0.254630 0.031250 0.174074
0 0.222656 0.250000 0.028646 0.170370
0 0.258854 0.231944 0.032292 0.158333
