0 0.848958 0.650000 0.035417 0.216667
0 0.251302 0.055093 0.032813 0.163889
0 0.411979 0.665278 0.044792 0.228704
0 0.916406 0.518981 0.040104 0.195370
0 0.552865 0.982407 0.043229 0.235185
0 0.351042 0.816667 0.036458 0.231481
2 0.377865 0.242593 0.040104 0.103704
2 0.367969 0.325463 0.029687 0.112037
0 0.426563 0.215278 0.033333 0.158333
0 0.526302 0.020370 0.026562 0.133333
0 0.496875 0.012037 0.028125 0.144444
0 0.330208 0.127315 0.020833 0.134259
0 0.118229 0.360648 0.033333 0.175000
0 0.086719 0.343519 0.027604 0.188889
0 0.557552 0.845833 0.058854 0.239815
0 0.592187 0.849074 0.048958 0.220370
0 0.404687 0.144907 0.022917 0.139815
0 0.432552 0.146759 0.029687 0.154630
0 0.297135 0.022222 0.021354 0.122222
2 0.327344 0.029167 0.031771 0.071296
0 0.234375 0.202778 0.025000 0.146296
2 0.651563 0.082407 0.031250 0.109259
0 0.148698 0.945833 0.042188 0.239815
0 0.152865 0.902315 0.048438 0.256481
0 0.294792 0.185648 0.030208 0.156481
0 0.171354 0.107870 0.027083 0.149074
0 0.200521 0.183333 0.027083 0.161111
0 1.000000 0.762963 0.041667 0.205556
0 0.163542 0.193519 0.026042 0.157407
0 0.196615 0.167593 0.024479 0.161111
0 0.128125 0.200000 0.029167 0.146296
0 0.125781 0.183333 0.027604 0.159259
0 0.162760 0.165278 0.028646 0.156481
0 0.155729 0.146759 0.026042 0.145370
0 0.117708 0.174074 0.020833 0.159259
0 0.467969 0.028241 0.025521 0.149074
0 0.212500 0.298148 0.032292 0.177778
0 0.257292 0.168519 0.034375 0.168519
0 0.886979 0.346759 0.040625 0.184259
0 0.830208 0.324074 0.028125 0.172222
0 0.789583 0.069444 0.030208 0.131481
0 0.960677 0.304167 0.035937 0.162037
0 0.877344 0.063889 0.026562 0.148148
0 0.839323 0.054167 0.027604 0.158333
0 0.228385 0.124537 0.023438 0.156481
0 0.203906 0.130093 0.025521 0.139815
0 0.200521 -0.015741 0.023958 0.122222
0 0.211979 -0.004167 0.026042 0.141667
0 0.256510 -0.012963 0.023438 0.133333
2 0.647396 0.071296 0.033333 0.085185
