1 0.959635 0.732870 0.059896 0.254630
1 0.910937 0.573611 0.028125 0.104630
1 0.847396 0.560185 0.025000 0.105556
1 0.046875 0.631019 0.027083 0.130556
1 0.017188 0.631944 0.027083 0.121296
1 0.125000 0.587500 0.021875 0.115741
1 0.081510 0.625463 0.026562 0.147222
1 0.727604 0.520370 0.014583 0.050000
1 0.670573 0.529167 0.015104 0.073148
1 0.725000 0.515741 0.010417 0.053704
1 0.401823 0.489352 0.007812 0.028704
1 0.065625 0.580093 0.021875 0.115741
1 0.259115 0.516204 0.007812 0.050926
1 0.035156 0.616667 0.025521 0.142593
1 0.549479 0.488426 0.008333 0.039815
1 0.752344 0.511574 0.009896 0.065741
1 0.287240 0.518519 0.009896 0.059259
1 0.294271 0.524074 0.011458 0.061111
1 0.248958 0.517593 0.010417 0.059259
1 0.272396 0.512963 0.010417 0.055556
1 0.704688 0.509259 0.011458 0.057407
1 0.577083 0.502315 0.010417 0.045370
1 0.586458 0.505093 0.011458 0.049074
1 0.655469 0.508333 0.010937 0.050000
1 0.646094 0.509259 0.010937 0.051852
1 0.755208 0.513889 0.011458 0.061111
1 0.714063 0.509259 0.012500 0.057407
1 0.739323 0.514352 0.009896 0.054630
1 0.608854 0.506481 0.009375 0.042593
1 0.663021 0.506019 0.012500 0.047222
