1 0.826302 0.664815 0.041146 0.224074
1 0.252865 0.096296 0.038021 0.166667
1 0.446354 0.681481 0.039583 0.238889
1 0.917708 0.520370 0.037500 0.190741
1 0.554688 0.984259 0.046875 0.231481
1 0.351042 0.816667 0.036458 0.231481
7 0.377865 0.242593 0.040104 0.103704
7 0.367969 0.325463 0.029687 0.112037
1 0.427083 0.213426 0.030208 0.160185
1 0.534375 0.050463 0.027083 0.137963
1 0.499479 0.046296 0.028125 0.148148
1 0.298698 0.128241 0.020313 0.143519
1 0.469792 -0.037500 0.027083 0.117593
1 0.090365 0.394444 0.031771 0.179630
1 0.060677 0.377315 0.021354 0.200926
1 0.513021 0.745833 0.064583 0.234259
1 0.550260 0.750926 0.039062 0.216667
1 0.405990 0.156481 0.025521 0.122222
1 0.388021 0.162500 0.033333 0.154630
1 0.389583 -0.034259 0.025000 0.129630
1 0.297135 0.022222 0.021354 0.122222
7 0.327344 0.029167 0.031771 0.071296
1 0.177865 0.247222 0.025521 0.155556
7 0.651563 0.082407 0.031250 0.109259
1 0.173958 0.833333 0.038542 0.240741
1 0.134375 0.809259 0.048958 0.246296
1 0.279427 0.165278 0.030729 0.158333
1 0.177083 0.127315 0.027083 0.152778
1 0.200521 0.182870 0.027083 0.162037
1 0.880729 0.655556 0.033333 0.194444
1 0.163542 0.194444 0.027083 0.157407
1 0.202604 0.163889 0.026042 0.162963
1 0.129167 0.200000 0.032292 0.146296
1 0.134896 0.182870 0.029167 0.162037
1 0.160677 0.161574 0.029687 0.163889
1 0.150000 0.141667 0.026042 0.150000
1 0.117708 0.174074 0.020833 0.159259
1 0.470313 0.042593 0.025000 0.150000
1 0.225521 0.239815 0.031250 0.166667
1 0.260937 0.227778 0.032292 0.175926
1 0.927604 0.413426 0.038542 0.199074
1 0.861458 0.382870 0.030208 0.182407
1 0.794010 0.054167 0.029687 0.136111
1 0.920833 0.258796 0.035417 0.160185
1 0.891406 0.110185 0.026562 0.151852
1 0.858854 0.105556 0.029167 0.162963
1 0.971615 0.255093 0.042188 0.173148
1 0.221354 0.090741 0.022917 0.146296
1 0.194531 0.096759 0.028646 0.136111
1 0.266667 -0.034722 0.027083 0.128704
1 0.238802 -0.037963 0.023438 0.116667
1 0.707812 -0.039352 0.026042 0.119444
7 0.647135 0.072222 0.033854 0.087037
1 0.652344 0.076389 0.033854 0.084259
