1 0.893750 0.636111 0.039583 0.174074
1 0.937240 0.564352 0.025521 0.095370
1 0.897135 0.542593 0.019271 0.092593
1 0.120833 0.588889 0.026042 0.124074
1 0.150000 0.590278 0.023958 0.123148
1 0.230469 0.572685 0.020313 0.102778
1 0.212760 0.573148 0.018229 0.098148
1 0.271875 0.554167 0.019792 0.093519
1 0.259115 0.565741 0.020313 0.109259
1 0.812240 0.506481 0.013021 0.046296
1 0.720313 0.515278 0.013542 0.060185
1 0.797396 0.506944 0.011458 0.049074
1 0.501042 0.476852 0.005208 0.029630
1 0.219010 0.531481 0.011979 0.075926
1 0.362760 0.495833 0.008854 0.037963
1 0.215104 0.559259 0.021875 0.103704
1 0.619271 0.481019 0.009375 0.039815
1 0.376823 0.502315 0.009896 0.052778
1 0.390625 0.506944 0.010417 0.052778
1 0.352344 0.500926 0.009896 0.057407
1 0.801823 0.502315 0.011979 0.054630
1 0.808333 0.499074 0.011458 0.051852
1 0.644792 0.492130 0.011458 0.043519
1 0.652344 0.492593 0.009896 0.044444
1 0.695052 0.499537 0.010937 0.047222
1 0.734115 0.500463 0.009896 0.049074
1 0.724219 0.503241 0.011979 0.050926
1 0.196354 0.571296 0.015625 0.083333
1 0.838802 0.503241 0.011979 0.056481
1 0.815625 0.503704 0.009375 0.050000
