0 0.090625 0.691667 0.021875 0.146296
0 0.665625 0.509259 0.009375 0.050000
0 0.072396 0.693519 0.019792 0.137037
0 0.073438 0.707407 0.017708 0.137037
0 0.060156 0.715278 0.019271 0.136111
0 0.718750 0.504167 0.012500 0.050926
0 0.806250 0.543056 0.016667 0.093519
0 0.783594 0.539352 0.018229 0.078704
0 0.705990 0.505556 0.015104 0.051852
0 0.697917 0.506019 0.015625 0.056481
0 0.770052 0.682870 0.035937 0.175000
0 0.846094 0.659722 0.046354 0.167593
0 0.718229 0.642130 0.035417 0.163889
0 0.798438 0.543056 0.017708 0.080556
0 0.751823 0.644444 0.055729 0.177778
0 0.746615 0.545833 0.018229 0.071296
0 0.767969 0.546296 0.018229 0.074074
0 0.837760 0.571296 0.023438 0.085185
0 0.839323 0.643519 0.029687 0.161111
0 0.861198 0.571759 0.021354 0.089815
0 0.719010 0.545833 0.023438 0.082407
0 0.737240 0.544907 0.014063 0.069444
