0 0.903646 0.651852 0.123958 0.713889
0 0.463281 0.463426 0.035937 0.158333
0 0.390885 0.437963 0.022396 0.112963
0 0.281250 0.430093 0.021875 0.089815
0 0.229427 0.440741 0.024479 0.122222
0 0.366406 0.437500 0.021354 0.106481
0 0.362500 0.430556 0.018750 0.090741
0 0.438542 0.436574 0.020833 0.113889
0 0.394010 0.435648 0.017188 0.102778
0 0.177344 0.431944 0.018229 0.084259
0 0.316667 0.423611 0.013542 0.063889
2 0.259635 0.428241 0.019271 0.045370
2 0.272135 0.428704 0.016146 0.042593
2 0.644271 0.451389 0.021875 0.113889
