1 0.846354 0.657407 0.052083 0.220370
1 0.320312 0.614352 0.033333 0.232407
1 0.916146 0.519907 0.039583 0.195370
1 0.479167 0.982407 0.040625 0.235185
1 0.351042 0.816667 0.036458 0.231481
7 0.377865 0.242593 0.040104 0.103704
7 0.367969 0.325463 0.029687 0.112037
1 0.431510 0.208333 0.036979 0.157407
1 0.337500 0.125463 0.019792 0.128704
1 0.248438 0.236111 0.030208 0.155556
1 0.279427 0.244907 0.038021 0.175000
1 0.404687 0.143981 0.027083 0.149074
1 0.395573 0.109259 0.029687 0.151852
1 0.302083 0.015741 0.028125 0.124074
7 0.327344 0.029167 0.031771 0.071296
7 0.651563 0.081481 0.031250 0.109259
1 0.296615 0.188426 0.029687 0.154630
1 0.169531 0.051389 0.017188 0.139815
1 0.208333 0.177315 0.029167 0.160185
1 0.164062 0.195370 0.026042 0.155556
1 0.199219 0.159722 0.023438 0.160185
1 0.134635 0.205556 0.027604 0.148148
1 0.122135 0.181481 0.034896 0.168519
1 0.151823 0.162963 0.031771 0.157407
1 0.190625 0.147222 0.026042 0.150000
1 0.124740 0.166204 0.020313 0.154630
1 0.467187 -0.025463 0.026042 0.147222
1 0.228385 0.995833 0.051562 0.210185
1 0.505208 0.314352 0.034375 0.184259
1 0.459375 0.321759 0.032292 0.180556
1 0.610156 0.638426 0.045312 0.234259
1 0.887240 0.739352 0.047396 0.217593
1 0.891927 0.702315 0.042188 0.236111
1 0.743750 -0.016667 0.029167 0.133333
1 0.709635 -0.011111 0.023438 0.137037
1 0.983333 0.316667 0.034375 0.174074
1 0.907813 0.275926 0.029167 0.164815
1 0.796354 -0.020833 0.027083 0.147222
1 0.772396 -0.014815 0.023958 0.140741
1 0.784115 0.273148 0.038021 0.151852
1 0.686719 0.256481 0.033854 0.153704
1 0.459635 0.004630 0.028646 0.146296
1 0.430208 -0.007407 0.023958 0.142593
1 0.407552 0.011111 0.026562 0.135185
1 0.260937 0.183796 0.023958 0.147222
1 0.211458 0.577315 0.035417 0.210185
1 0.170052 0.590278 0.046354 0.195370
1 0.241406 0.143981 0.032813 0.158333
1 0.270313 0.134259 0.031250 0.151852
1 0.220833 0.094444 0.033333 0.153704
1 0.248177 0.090741 0.026562 0.142593
1 0.245833 0.034722 0.027083 0.132407
1 0.207552 0.387500 0.038021 0.182407
1 0.170052 0.392593 0.034896 0.188889
1 0.269010 0.383333 0.038021 0.177778
1 0.391146 0.002315 0.032292 0.123148
