1 0.594792 0.315741 0.032292 0.142593
1 0.469531 0.309259 0.025521 0.138889
1 0.452604 0.320833 0.037500 0.182407
1 0.831771 0.535185 0.132292 0.696296
1 0.971615 0.544907 0.151562 0.756481
1 0.273177 0.329167 0.047396 0.212037
1 0.496615 0.308796 0.029687 0.123148
1 0.522396 0.276852 0.012500 0.046296
1 0.556250 0.301389 0.021875 0.128704
1 0.285417 0.307407 0.025000 0.105556
1 0.555208 0.309722 0.020833 0.121296
1 0.620573 0.296759 0.017188 0.110185
1 0.188802 0.320370 0.039062 0.183333
1 0.164062 0.330556 0.028125 0.164815
1 0.415104 0.304630 0.022917 0.103704
1 0.403906 0.304630 0.023438 0.105556
1 0.326562 0.312500 0.022917 0.121296
1 0.056510 0.287500 0.019271 0.087963
1 0.080208 0.310648 0.026042 0.123148
1 0.089844 0.289352 0.017188 0.071296
1 0.396615 0.281481 0.010937 0.059259
1 0.382812 0.284259 0.010417 0.064815
1 0.349740 0.285185 0.011979 0.053704
1 0.356771 0.286111 0.013542 0.051852
