1 0.846615 0.656019 0.052604 0.217593
1 0.349740 0.629167 0.044271 0.225000
1 0.916146 0.518981 0.039583 0.195370
1 0.496354 0.983796 0.041667 0.232407
1 0.351042 0.816667 0.036458 0.231481
7 0.377865 0.242593 0.040104 0.103704
7 0.367969 0.325463 0.029687 0.112037
1 0.431510 0.208333 0.036979 0.157407
1 0.337240 0.125463 0.020313 0.128704
1 0.196094 0.235185 0.027604 0.153704
1 0.210938 0.244444 0.032292 0.177778
1 0.405208 0.142130 0.028125 0.147222
1 0.396094 0.109259 0.028646 0.151852
1 0.302083 0.016204 0.028125 0.123148
7 0.327344 0.029167 0.031771 0.071296
7 0.651563 0.081481 0.031250 0.109259
1 0.297917 0.187500 0.027083 0.154630
1 0.174740 0.050000 0.023438 0.138889
1 0.207292 0.179630 0.029167 0.157407
1 0.164062 0.194444 0.026042 0.155556
1 0.198958 0.157870 0.023958 0.158333
1 0.133594 0.203241 0.027604 0.154630
1 0.120833 0.181481 0.027083 0.170370
1 0.152344 0.161574 0.031771 0.156481
1 0.190885 0.144444 0.025521 0.150000
1 0.119271 0.163889 0.020833 0.159259
1 0.467187 -0.025463 0.026042 0.147222
1 0.197135 0.898148 0.048438 0.246296
1 0.496615 0.378241 0.032813 0.193519
1 0.454167 0.387500 0.037500 0.191667
1 0.643490 0.750000 0.045312 0.248148
1 0.929948 0.741667 0.047396 0.227778
1 0.962500 0.699074 0.037500 0.224074
1 0.768490 0.017593 0.029687 0.133333
1 0.732552 0.015741 0.023438 0.137037
1 0.951042 0.248148 0.035417 0.166667
1 0.883333 0.210185 0.027083 0.155556
1 0.782031 0.229167 0.033854 0.147222
1 0.632292 0.187037 0.028125 0.153704
1 0.451823 -0.006944 0.024479 0.149074
1 0.414844 -0.010185 0.023438 0.142593
1 0.398698 0.010185 0.026562 0.135185
1 0.272396 0.137963 0.026042 0.140741
1 0.219531 0.507870 0.033854 0.204630
1 0.177865 0.510648 0.043229 0.184259
1 0.246875 0.142593 0.028125 0.161111
1 0.244531 0.083796 0.030729 0.143519
1 0.212500 0.054167 0.028125 0.141667
1 0.236719 0.054630 0.025521 0.140741
1 0.109896 0.055093 0.021875 0.126852
1 0.228385 0.337963 0.035937 0.179630
1 0.180990 0.333796 0.031771 0.178704
1 0.274740 0.317593 0.033854 0.168519
1 0.382031 -0.005556 0.020313 0.124074
