0 0.845313 0.654630 0.050000 0.214815
0 0.216667 0.612037 0.040625 0.231481
0 0.916146 0.518519 0.050000 0.192593
0 0.453125 0.980093 0.042708 0.239815
0 0.351042 0.816667 0.036458 0.231481
2 0.377865 0.242593 0.040104 0.103704
2 0.367969 0.325463 0.029687 0.112037
0 0.430990 0.211111 0.024479 0.161111
0 0.336979 0.125926 0.020833 0.129630
0 0.172396 0.279167 0.029167 0.165741
0 0.146094 0.274537 0.029687 0.182407
0 0.402865 0.145370 0.024479 0.140741
0 0.404167 0.124074 0.028125 0.157407
0 0.298958 0.019907 0.023958 0.121296
2 0.327344 0.029167 0.031771 0.071296
0 0.261198 0.092130 0.022396 0.130556
2 0.651563 0.081481 0.031250 0.109259
0 0.306510 0.183333 0.026562 0.162963
0 0.179948 0.050463 0.026562 0.139815
0 0.200000 0.182407 0.025000 0.159259
0 0.163021 0.193519 0.025000 0.155556
0 0.194271 0.166667 0.025000 0.159259
0 0.130469 0.199074 0.026562 0.150000
0 0.121875 0.180093 0.026042 0.169444
0 0.149219 0.168056 0.028646 0.162037
0 0.157292 0.141667 0.027083 0.151852
0 0.118229 0.174074 0.020833 0.159259
0 0.472656 -0.013426 0.025521 0.149074
0 0.175781 0.446759 0.035937 0.193519
0 0.256510 0.037037 0.030729 0.148148
0 0.711198 0.881481 0.054688 0.253704
0 0.668750 0.888426 0.044792 0.234259
0 0.854427 0.216667 0.035937 0.168519
0 0.785156 0.206944 0.027604 0.156481
0 0.732552 -0.021759 0.021354 0.115741
0 0.786458 0.072222 0.030208 0.131481
0 0.808594 -0.032870 0.026562 0.128704
0 0.758854 -0.033796 0.025000 0.130556
0 0.265625 0.209722 0.023958 0.163889
0 0.235417 0.213889 0.030208 0.148148
0 0.149219 0.045370 0.025521 0.131481
0 0.227083 0.094444 0.028125 0.148148
0 0.195833 0.088426 0.026042 0.141667
0 0.228125 0.074074 0.023958 0.140741
0 0.840104 -0.005093 0.021875 0.080556
0 0.554688 0.020833 0.032292 0.130556
