1 0.821354 0.669907 0.041667 0.226852
1 0.251823 0.108796 0.036979 0.169444
1 0.441406 0.666204 0.045312 0.234259
1 0.904948 0.519444 0.063021 0.192593
1 0.551042 0.980556 0.046875 0.238889
1 0.351042 0.816667 0.036458 0.231481
7 0.377865 0.242593 0.040104 0.103704
7 0.367969 0.325463 0.029687 0.112037
1 0.430729 0.213426 0.026042 0.162037
1 0.534896 0.062500 0.027083 0.137963
1 0.500521 0.056019 0.030208 0.149074
1 0.290104 0.125463 0.019792 0.147222
1 0.473698 -0.025926 0.026562 0.138889
1 0.082031 0.402315 0.028646 0.176852
1 0.061719 0.383333 0.026562 0.192593
1 0.507031 0.712963 0.060937 0.231481
1 0.537760 0.710648 0.036979 0.200926
1 0.405990 0.154630 0.025521 0.124074
1 0.385937 0.162037 0.029167 0.155556
1 0.397917 -0.023611 0.025000 0.134259
1 0.297135 0.022222 0.021354 0.122222
7 0.327344 0.029167 0.031771 0.071296
1 0.166927 0.263889 0.025521 0.155556
7 0.651563 0.082407 0.031250 0.109259
1 0.183073 0.804630 0.039062 0.237037
1 0.137760 0.775463 0.046354 0.245370
1 0.280469 0.159259 0.032813 0.153704
1 0.183594 0.127778 0.028646 0.151852
1 0.200521 0.182870 0.027083 0.162037
1 0.828385 0.632407 0.054688 0.190741
1 0.163542 0.194444 0.027083 0.157407
1 0.201042 0.164815 0.028125 0.159259
1 0.129427 0.200000 0.032813 0.146296
1 0.135156 0.181944 0.029687 0.158333
1 0.152604 0.160648 0.030208 0.162037
1 0.151823 0.141667 0.026562 0.150000
1 0.117708 0.174074 0.020833 0.159259
1 0.469531 0.044907 0.026562 0.150926
1 0.231250 0.221759 0.030208 0.165741
1 0.253385 0.246759 0.036979 0.175000
1 0.950521 0.430556 0.041667 0.200000
1 0.868229 0.400926 0.032292 0.183333
1 0.797135 0.043056 0.029687 0.136111
1 0.916406 0.243056 0.033854 0.158333
1 0.898958 0.125000 0.025000 0.155556
1 0.872917 0.122222 0.030208 0.162963
1 0.951302 0.228241 0.039062 0.165741
1 0.225781 0.077778 0.023438 0.146296
1 0.198437 0.079630 0.028125 0.125926
1 0.717708 -0.036111 0.026042 0.122222
7 0.647135 0.072685 0.033854 0.086111
1 0.652083 0.076389 0.034375 0.084259
