1 0.878125 0.577315 0.034375 0.126852
1 0.706771 0.571759 0.026042 0.121296
1 0.092969 0.574074 0.015104 0.072222
1 0.621875 0.562037 0.022917 0.103704
1 0.571615 0.535648 0.013021 0.067593
1 0.014583 0.575463 0.010417 0.071296
1 0.433594 0.506019 0.007812 0.041667
1 0.085417 0.571759 0.011458 0.076852
1 0.085156 0.581944 0.013021 0.071296
1 0.024219 0.575926 0.014063 0.079630
1 0.035156 0.568519 0.015104 0.081481
1 0.517708 0.522685 0.012500 0.058333
1 0.507812 0.523148 0.011458 0.061111
1 0.571094 0.538426 0.015104 0.065741
1 0.583333 0.538889 0.013542 0.075926
1 0.495833 0.521296 0.010417 0.051852
1 0.599740 0.533333 0.016146 0.077778
1 0.538281 0.519444 0.014063 0.064815
1 0.554688 0.520370 0.012500 0.064815
1 0.489844 0.528704 0.011979 0.064815
1 0.463802 0.521296 0.011979 0.055556
