1 0.845573 0.654630 0.050521 0.214815
1 0.278385 0.638889 0.044271 0.231481
1 0.914844 0.517593 0.044271 0.190741
1 0.470573 0.990741 0.045312 0.218519
1 0.351042 0.816667 0.036458 0.231481
7 0.377865 0.242593 0.040104 0.103704
7 0.367969 0.325463 0.029687 0.112037
1 0.422656 0.206019 0.031771 0.158333
1 0.336979 0.125463 0.020833 0.128704
1 0.186719 0.260185 0.027604 0.159259
1 0.152604 0.257407 0.030208 0.181481
1 0.403385 0.146296 0.024479 0.138889
1 0.404427 0.119907 0.027604 0.158333
1 0.299740 0.018981 0.025521 0.121296
7 0.327344 0.029167 0.031771 0.071296
1 0.253125 0.050000 0.021875 0.129630
7 0.651563 0.081481 0.031250 0.109259
1 0.300000 0.187963 0.032292 0.161111
1 0.174740 0.049074 0.023438 0.138889
1 0.200000 0.180556 0.025000 0.159259
1 0.163281 0.192593 0.025521 0.155556
1 0.194792 0.168981 0.025000 0.162037
1 0.135417 0.200463 0.025000 0.150926
1 0.121615 0.180093 0.025521 0.169444
1 0.147917 0.165278 0.029167 0.162037
1 0.166667 0.151852 0.027083 0.151852
1 0.118229 0.174074 0.020833 0.159259
1 0.467187 -0.025463 0.026042 0.147222
1 0.177344 0.527315 0.038021 0.204630
1 0.231250 -0.035185 0.030208 0.127778
1 0.626823 0.741204 0.045312 0.239815
1 0.591927 0.763426 0.039062 0.234259
1 0.841667 0.164352 0.032292 0.162037
1 0.775260 0.158796 0.025521 0.150926
1 0.804688 0.022222 0.029167 0.124074
1 0.794792 -0.017130 0.022917 0.115741
1 0.792969 0.081019 0.029687 0.134259
1 0.283594 -0.031481 0.019271 0.122222
1 0.252865 0.260648 0.027604 0.171296
1 0.225781 0.263426 0.031771 0.154630
1 0.146615 0.046759 0.024479 0.130556
1 0.250000 0.137500 0.028125 0.154630
1 0.221615 0.137037 0.027604 0.155556
1 0.250260 0.116667 0.025521 0.142593
1 0.463021 0.000926 0.032292 0.133333
