1 0.728646 0.483333 0.041667 0.227778
1 0.761719 0.476852 0.036979 0.162963
1 0.346615 0.486574 0.045312 0.191667
1 0.626563 0.440741 0.025000 0.109259
1 0.238802 0.482407 0.039062 0.166667
1 0.359896 0.480556 0.031250 0.166667
1 0.278646 0.487037 0.030208 0.159259
1 0.488281 0.446759 0.021354 0.104630
1 0.598437 0.445370 0.019792 0.098148
1 0.301042 0.482870 0.029167 0.165741
1 0.571354 0.431481 0.016667 0.075926
1 0.184896 0.436574 0.014583 0.063889
1 0.325521 0.464352 0.027083 0.126852
1 0.608854 0.442130 0.016667 0.095370
1 0.425000 0.430556 0.010417 0.062963
1 0.415885 0.433796 0.010937 0.052778
1 0.432031 0.441204 0.010937 0.065741
1 0.405469 0.437037 0.009896 0.053704
1 0.389583 0.434259 0.011458 0.057407
1 0.376563 0.436574 0.010417 0.050926
7 0.826302 0.451389 0.021354 0.099074
