1 0.877083 0.613426 0.031250 0.158333
1 0.937240 0.559259 0.022396 0.092593
1 0.901302 0.537963 0.019271 0.092593
1 0.163021 0.572685 0.025000 0.121296
1 0.187760 0.578704 0.025521 0.120370
1 0.271354 0.554630 0.020833 0.094444
1 0.254948 0.557407 0.016146 0.092593
1 0.304688 0.537500 0.017708 0.087963
1 0.293490 0.549537 0.018229 0.100926
1 0.827604 0.503704 0.011458 0.046296
1 0.728906 0.506481 0.011979 0.057407
1 0.815365 0.504167 0.010937 0.049074
1 0.526042 0.470370 0.006250 0.029630
1 0.252083 0.525000 0.011458 0.077778
1 0.386198 0.487037 0.007812 0.038889
1 0.256250 0.543519 0.016667 0.098148
1 0.636198 0.476852 0.008854 0.037037
1 0.398438 0.493519 0.010417 0.050000
1 0.413281 0.500000 0.009896 0.051852
1 0.375000 0.492593 0.010417 0.053704
1 0.823958 0.500000 0.011458 0.053704
1 0.829167 0.498148 0.010417 0.050000
1 0.659375 0.489352 0.011458 0.043519
1 0.672135 0.493056 0.009896 0.045370
1 0.714063 0.494907 0.012500 0.045370
1 0.744010 0.499537 0.011979 0.045370
1 0.238802 0.552315 0.015104 0.073148
1 0.835677 0.502315 0.013021 0.047222
