1 0.844792 0.654630 0.048958 0.214815
1 0.266146 0.017130 0.031250 0.173148
1 0.318750 0.612500 0.038542 0.225000
1 0.914062 0.518981 0.047917 0.193519
1 0.526563 0.985648 0.039583 0.223148
1 0.351042 0.816667 0.036458 0.231481
7 0.377865 0.242593 0.040104 0.103704
7 0.367969 0.325463 0.029687 0.112037
1 0.433594 0.213426 0.033854 0.156481
1 0.514323 -0.014352 0.025521 0.130556
1 0.487500 -0.017130 0.027083 0.136111
1 0.333594 0.126852 0.020313 0.131481
1 0.142708 0.319907 0.031250 0.171296
1 0.108854 0.313426 0.037500 0.184259
1 0.603906 0.958333 0.056771 0.240741
1 0.640104 0.961574 0.050000 0.225000
1 0.403385 0.145370 0.021354 0.140741
1 0.417969 0.125463 0.027604 0.158333
1 0.297656 0.021296 0.022396 0.122222
7 0.327344 0.029167 0.031771 0.071296
1 0.269531 0.153704 0.023438 0.144444
7 0.651563 0.082407 0.031250 0.109259
1 0.151042 1.025926 0.043750 0.148148
1 0.192708 0.996759 0.052083 0.204630
1 0.303385 0.183796 0.026562 0.163889
1 0.160156 0.077315 0.029687 0.145370
1 0.200521 0.183333 0.026042 0.159259
1 0.163021 0.193056 0.025000 0.156481
1 0.198437 0.166204 0.025000 0.158333
1 0.130729 0.199074 0.027083 0.148148
1 0.118490 0.180093 0.026562 0.167593
1 0.153906 0.166204 0.029687 0.162037
1 0.158333 0.142593 0.027083 0.151852
1 0.467448 0.005093 0.025521 0.149074
1 0.201823 0.360185 0.032813 0.185185
1 0.267969 0.107407 0.031771 0.161111
1 0.833594 1.020370 0.039062 0.150000
1 0.785677 1.028704 0.038021 0.137037
1 0.866667 0.286111 0.040625 0.175926
1 0.818490 0.269444 0.026562 0.166667
1 0.786458 0.070370 0.030208 0.131481
1 1.007812 0.358796 0.036458 0.163889
1 0.848698 0.016667 0.027604 0.140741
1 0.802865 0.009722 0.026562 0.147222
1 0.242708 0.151389 0.023958 0.154630
1 0.223177 0.162037 0.025521 0.140741
1 0.194271 0.022685 0.025000 0.128704
1 0.234115 0.042593 0.030729 0.144444
1 0.197396 0.033796 0.026042 0.141667
1 0.242969 0.024074 0.023438 0.133333
7 0.647656 0.062500 0.033854 0.100926
