1 0.829688 0.685185 0.045833 0.222222
1 0.250260 0.182407 0.036979 0.183333
1 0.262240 0.645370 0.049479 0.227778
1 0.915625 0.519907 0.040625 0.193519
1 0.515104 0.975463 0.039583 0.245370
1 0.351042 0.816667 0.036458 0.231481
7 0.377865 0.242593 0.040104 0.103704
7 0.367969 0.325463 0.029687 0.112037
1 0.429427 0.218519 0.030729 0.161111
1 0.765885 0.045370 0.027604 0.124074
1 0.552865 0.134722 0.026562 0.149074
1 0.520833 0.134722 0.031250 0.165741
1 0.279948 0.166667 0.019271 0.157407
1 0.497917 0.091667 0.031250 0.151852
1 0.069792 0.411111 0.026042 0.174074
1 0.053646 0.392130 0.038542 0.186111
1 0.460156 0.522222 0.044271 0.205556
1 0.486458 0.528704 0.037500 0.190741
1 0.410417 0.155556 0.019792 0.140741
1 0.385156 0.166204 0.029687 0.156481
1 0.381250 0.077315 0.026042 0.141667
1 0.297135 0.022685 0.021354 0.123148
7 0.327344 0.029167 0.031771 0.071296
1 0.132552 0.397222 0.029687 0.170370
7 0.651563 0.082407 0.031250 0.109259
1 0.273698 0.571759 0.033854 0.200926
1 0.228385 0.561574 0.044271 0.213889
1 0.294271 0.135648 0.025000 0.152778
1 0.184375 0.121759 0.027083 0.149074
1 0.203906 0.179630 0.027604 0.162963
1 0.534115 0.468519 0.030729 0.181481
1 0.163542 0.200000 0.027083 0.157407
1 0.196875 0.167130 0.025000 0.156481
1 0.122656 0.202778 0.028646 0.146296
1 0.129948 0.182407 0.023438 0.174074
1 0.148177 0.155556 0.028646 0.161111
1 0.151562 0.142593 0.028125 0.153704
1 0.117708 0.174074 0.020833 0.159259
1 0.452083 0.015278 0.023958 0.143519
1 0.236719 0.134259 0.029687 0.157407
1 0.244531 0.418056 0.038021 0.195370
1 0.970052 0.545370 0.034896 0.192593
1 0.843229 -0.025000 0.025000 0.129630
1 0.920052 0.143981 0.028646 0.143519
1 0.990625 0.133333 0.029167 0.146296
1 0.851302 0.056019 0.026562 0.141667
1 0.241146 0.995833 0.052083 0.208333
1 0.263542 0.945370 0.048958 0.246296
1 0.230208 0.007870 0.022917 0.128704
1 0.207292 0.005093 0.021875 0.126852
1 0.720833 -0.034259 0.030208 0.129630
7 0.646354 0.076389 0.032292 0.086111
1 0.651302 0.076389 0.034896 0.084259
