1 0.845573 0.654630 0.050521 0.214815
1 0.242188 0.626852 0.045833 0.225926
1 0.915365 0.517593 0.046354 0.190741
1 0.460156 0.987963 0.043229 0.224074
1 0.351042 0.816667 0.036458 0.231481
7 0.377865 0.242593 0.040104 0.103704
7 0.367969 0.325463 0.029687 0.112037
1 0.421094 0.207870 0.026562 0.163889
1 0.336979 0.125463 0.020833 0.128704
1 0.184375 0.264815 0.028125 0.161111
1 0.148958 0.263889 0.029167 0.183333
1 0.403385 0.146296 0.024479 0.138889
1 0.404427 0.121759 0.027604 0.158333
1 0.299219 0.019444 0.024479 0.122222
7 0.327344 0.029167 0.031771 0.071296
1 0.252604 0.067130 0.021875 0.130556
7 0.651563 0.081481 0.031250 0.109259
1 0.302083 0.187500 0.029167 0.162037
1 0.177344 0.049074 0.023438 0.138889
1 0.200000 0.181481 0.025000 0.159259
1 0.163281 0.192593 0.025521 0.155556
1 0.194792 0.164352 0.025000 0.165741
1 0.136719 0.200463 0.025521 0.150926
1 0.121615 0.179167 0.025521 0.171296
1 0.147917 0.165278 0.029167 0.162037
1 0.161198 0.142593 0.027604 0.151852
1 0.118229 0.174074 0.020833 0.159259
1 0.468750 -0.022685 0.026042 0.149074
1 0.173958 0.498611 0.037500 0.204630
1 0.252604 0.000926 0.031250 0.146296
1 0.659896 0.787963 0.045833 0.238889
1 0.618750 0.814815 0.042708 0.244444
1 0.846875 0.181944 0.030208 0.163889
1 0.777604 0.176389 0.027083 0.154630
1 0.774479 -0.001389 0.023958 0.125000
1 0.788802 -0.031944 0.022396 0.119444
1 0.785937 0.074074 0.030208 0.131481
1 0.260417 0.243519 0.023958 0.168519
1 0.228906 0.243981 0.039062 0.149074
1 0.146615 0.046759 0.024479 0.130556
1 0.239063 0.119444 0.029167 0.150000
1 0.209115 0.121296 0.026562 0.155556
1 0.240365 0.102778 0.025521 0.142593
1 0.832031 -0.004630 0.019271 0.077778
1 0.497135 0.008333 0.032813 0.129630
