0 0.896354 0.578241 0.037500 0.128704
0 0.711198 0.573611 0.025521 0.125000
0 0.085156 0.572222 0.015104 0.074074
0 0.629427 0.568981 0.025521 0.108333
0 0.566406 0.536574 0.013021 0.069444
0 0.433073 0.504630 0.006771 0.048148
0 0.077604 0.574537 0.012500 0.078704
0 0.077604 0.585185 0.013542 0.074074
0 0.014063 0.581481 0.015625 0.083333
0 0.023177 0.571759 0.014063 0.082407
0 0.517448 0.520833 0.013021 0.058333
0 0.507292 0.524074 0.011458 0.061111
0 0.564844 0.540741 0.014063 0.066667
0 0.579427 0.534259 0.014063 0.079630
0 0.592448 0.533333 0.016146 0.079630
0 0.535417 0.523611 0.016667 0.063889
0 0.552344 0.518981 0.013021 0.060185
0 0.488281 0.524074 0.011979 0.066667
0 0.463281 0.525000 0.011979 0.057407
