1 0.459896 0.359259 0.091667 0.435185
1 0.550521 0.346759 0.082292 0.480556
1 -0.030469 0.519444 0.314063 1.461111
1 0.249740 0.580093 0.278646 1.315741
1 0.358073 0.357407 0.084896 0.451852
1 0.398958 0.354167 0.057292 0.332407
1 0.638802 0.352778 0.051562 0.325926
1 0.740104 0.308796 0.018750 0.110185
1 0.717187 0.309722 0.013542 0.084259
1 0.697396 0.306944 0.016667 0.078704
1 0.854948 0.302315 0.017188 0.095370
1 0.944010 0.301852 0.019271 0.114815
1 0.950260 0.312037 0.018229 0.094444
1 0.979688 0.290741 0.019792 0.074074
1 0.765365 0.303241 0.013021 0.058333
