1 0.469792 0.385185 0.036458 0.157407
1 0.414062 0.370370 0.027083 0.127778
1 0.380208 0.362500 0.022917 0.121296
1 0.813281 0.579630 0.106771 0.600000
1 0.934896 0.561111 0.130208 0.614815
1 0.281250 0.364815 0.040625 0.153704
1 0.422917 0.366667 0.021875 0.112963
1 0.439323 0.356019 0.022396 0.110185
1 0.127865 0.375463 0.025521 0.121296
1 0.564583 0.373148 0.037500 0.200000
1 0.448958 0.356481 0.016667 0.096296
1 0.486458 0.358796 0.017708 0.106481
1 0.216146 0.362500 0.020833 0.112037
1 0.202344 0.367130 0.016146 0.087963
1 0.489583 0.348611 0.020833 0.086111
1 0.259635 0.367130 0.017188 0.100926
1 0.243490 0.344444 0.013021 0.057407
1 0.397917 0.344907 0.013542 0.063889
1 0.023438 0.350000 0.011458 0.066667
1 0.047917 0.370833 0.020833 0.099074
7 0.349479 0.350926 0.018750 0.050000
7 0.360417 0.352778 0.015625 0.044444
1 0.057813 0.353241 0.014583 0.063889
