1 0.913281 0.571759 0.035937 0.134259
1 0.716406 0.575000 0.026562 0.127778
1 0.079427 0.579630 0.016146 0.075926
1 0.637240 0.571296 0.026562 0.112963
1 0.563542 0.539815 0.011458 0.074074
1 0.433854 0.503241 0.008333 0.047222
1 0.072135 0.579630 0.013021 0.079630
1 0.072656 0.591204 0.014063 0.075000
1 0.006510 0.583796 0.015104 0.082407
1 0.012240 0.578704 0.014063 0.081481
1 0.012240 0.585648 0.016146 0.078704
1 0.517448 0.520370 0.013021 0.059259
1 0.507292 0.524537 0.011458 0.062037
1 0.562240 0.542130 0.018229 0.069444
1 0.577344 0.535185 0.015104 0.079630
1 0.591667 0.534722 0.015625 0.082407
1 0.533854 0.521759 0.014583 0.065741
1 0.552083 0.519444 0.012500 0.062963
1 0.490885 0.524537 0.011979 0.067593
1 0.462500 0.522222 0.011458 0.057407
