1 0.685156 0.552315 0.065104 0.393519
1 0.516927 0.477778 0.034896 0.155556
1 -0.017708 0.553241 0.094792 0.352778
1 0.422917 0.449537 0.021875 0.108333
1 0.067448 0.501852 0.042188 0.187037
1 0.088542 0.484722 0.038542 0.175000
1 0.288281 0.457870 0.024479 0.117593
1 0.396354 0.453704 0.020833 0.103704
1 0.032031 0.504167 0.033854 0.184259
1 0.383073 0.442130 0.019271 0.086111
1 0.447135 0.448148 0.021354 0.101852
1 0.416927 0.448611 0.015104 0.100926
1 0.216146 0.445833 0.012500 0.067593
1 0.205208 0.451389 0.010417 0.054630
1 0.190365 0.445370 0.010937 0.061111
1 0.170573 0.450463 0.009896 0.054630
1 0.182552 0.448611 0.010937 0.050926
1 0.339062 0.434722 0.013542 0.063889
7 0.653125 0.458333 0.020833 0.103704
