1 0.736979 0.637037 0.054167 0.224074
1 0.250000 0.264352 0.038542 0.195370
1 0.080208 0.631944 0.043750 0.228704
1 0.915885 0.519907 0.040104 0.193519
1 0.504167 0.964352 0.036458 0.263889
1 0.352344 0.820370 0.048438 0.231481
7 0.377865 0.242593 0.040104 0.103704
7 0.367969 0.325463 0.029687 0.112037
1 0.429427 0.218519 0.030729 0.161111
1 0.786458 0.124537 0.027083 0.137963
1 0.621354 0.183796 0.026042 0.150926
1 0.580729 0.193056 0.029167 0.165741
1 0.281771 0.192593 0.026042 0.164815
1 0.502344 0.198148 0.035937 0.164815
1 0.069271 0.410648 0.025000 0.173148
1 0.051042 0.392130 0.042708 0.186111
1 0.430208 0.403241 0.041667 0.189815
1 0.460417 0.406481 0.039583 0.175926
1 0.496615 0.179630 0.018229 0.142593
1 0.416927 0.172685 0.028646 0.150926
1 0.380729 0.072222 0.027083 0.150000
1 0.295833 0.023148 0.021875 0.124074
7 0.327344 0.029167 0.031771 0.071296
1 0.131250 0.536111 0.030208 0.190741
7 0.651563 0.082407 0.031250 0.109259
1 0.322917 0.429167 0.031250 0.186111
1 0.277083 0.435185 0.036458 0.203704
1 0.265625 -0.009722 0.026042 0.137963
1 0.223698 -0.012963 0.022396 0.142593
1 0.293750 0.136574 0.023958 0.154630
1 0.196615 0.119907 0.026562 0.150926
1 0.198958 0.180093 0.027083 0.162037
1 0.342448 0.357870 0.028646 0.162037
1 0.164583 0.194907 0.027083 0.156481
1 0.187500 0.163426 0.022917 0.158333
1 0.124479 0.193519 0.028125 0.151852
1 0.144792 0.173148 0.023958 0.164815
1 0.160938 0.158333 0.029167 0.155556
1 0.152604 0.142593 0.028125 0.153704
1 0.117188 0.174074 0.020833 0.159259
1 0.468750 -0.031944 0.018750 0.128704
1 0.200000 0.067593 0.028125 0.148148
1 0.221615 0.600000 0.045312 0.224074
1 1.000260 0.691667 0.039062 0.214815
1 0.843229 0.067593 0.028125 0.131481
1 0.121615 0.775926 0.044271 0.235185
1 0.101562 0.718519 0.050000 0.231481
7 0.645833 0.076852 0.032292 0.090741
