0 0.844531 0.654630 0.048438 0.214815
0 0.362500 0.626389 0.043750 0.234259
0 0.915365 0.518519 0.043229 0.194444
0 0.536719 0.982870 0.039062 0.134259
0 0.351042 0.816667 0.036458 0.231481
2 0.377865 0.242593 0.040104 0.103704
2 0.367969 0.325463 0.029687 0.112037
0 0.433073 0.214352 0.031771 0.156481
0 0.333333 0.126852 0.020833 0.131481
0 0.136198 0.334259 0.031771 0.172222
0 0.101562 0.325000 0.030208 0.190741
0 0.589063 0.918519 0.062500 0.202778
0 0.628646 0.920833 0.052083 0.193519
0 0.402865 0.145370 0.021354 0.140741
0 0.433333 0.128241 0.026042 0.150926
0 0.262760 0.171759 0.024479 0.145370
2 0.651563 0.082407 0.031250 0.109259
0 0.187500 0.966204 0.052083 0.159259
0 0.305208 0.185648 0.025000 0.160185
0 0.166146 0.087963 0.029167 0.146296
0 0.200521 0.183333 0.027083 0.161111
0 0.163021 0.193056 0.025000 0.156481
0 0.196094 0.164815 0.025521 0.162963
0 0.126042 0.199074 0.028125 0.148148
0 0.118490 0.179167 0.026562 0.167593
0 0.162760 0.167593 0.027604 0.151852
0 0.157292 0.143519 0.027083 0.150000
0 0.207813 0.337037 0.033333 0.179630
0 0.267969 0.127778 0.031771 0.161111
0 0.879427 0.307870 0.038021 0.184259
0 0.825000 0.289815 0.027083 0.168519
0 0.786458 0.070370 0.030208 0.131481
0 0.991146 0.340278 0.027083 0.163889
0 0.235937 0.141204 0.023958 0.154630
0 0.214583 0.149537 0.023958 0.141667
2 0.647135 0.070833 0.032813 0.084259
