1 0.608854 0.349537 0.026042 0.126852
1 0.412500 0.345370 0.032292 0.161111
1 0.455469 0.354167 0.024479 0.147222
1 0.660417 0.336574 0.032292 0.128704
1 0.867188 0.445833 0.079167 0.556481
1 0.394271 0.336574 0.022917 0.102778
1 0.815885 0.422685 0.071354 0.454630
1 0.544271 0.319444 0.016667 0.062963
1 0.030729 0.329630 0.035417 0.125926
1 0.058594 0.326852 0.020313 0.096296
1 0.080729 0.325463 0.022917 0.097222
1 0.578125 0.320833 0.012500 0.052778
1 0.561979 0.312963 0.012500 0.057407
7 0.491927 0.355556 0.028646 0.094444
7 0.514323 0.358796 0.026562 0.089815
1 0.324219 0.313426 0.013021 0.049074
1 0.334896 0.316667 0.011458 0.046296
1 0.346875 0.312037 0.011458 0.042593
1 0.352344 0.306944 0.011979 0.045370
1 0.360417 0.309722 0.010417 0.037963
1 0.372917 0.312500 0.011458 0.037963
