0 0.846354 0.654630 0.052083 0.214815
0 0.358073 0.650463 0.041146 0.230556
0 0.916146 0.517130 0.039583 0.195370
0 0.491406 0.981019 0.043229 0.132407
0 0.351042 0.816667 0.036458 0.231481
2 0.377865 0.242593 0.040104 0.103704
2 0.367969 0.325463 0.029687 0.112037
0 0.433073 0.208796 0.039062 0.158333
0 0.337240 0.125463 0.020313 0.128704
0 0.195052 0.236111 0.025521 0.155556
0 0.174479 0.239352 0.035417 0.176852
0 0.405990 0.141204 0.027604 0.147222
0 0.399479 0.116667 0.027083 0.155556
2 0.651563 0.081481 0.031250 0.109259
0 0.306250 0.188426 0.030208 0.158333
0 0.200000 0.177778 0.025000 0.159259
0 0.163021 0.193981 0.026042 0.154630
0 0.195052 0.161111 0.024479 0.161111
0 0.137760 0.199537 0.026562 0.154630
0 0.126823 0.180556 0.024479 0.170370
0 0.142187 0.164815 0.025000 0.161111
0 0.176563 0.150000 0.026042 0.150000
0 0.118750 0.169444 0.020833 0.159259
0 0.168750 0.706481 0.043750 0.229630
0 0.530469 0.535648 0.033854 0.210185
0 0.484375 0.552315 0.036458 0.210185
0 0.737500 0.992593 0.050000 0.106481
0 0.940104 0.741204 0.053125 0.213889
0 0.977604 0.700463 0.041667 0.236111
0 0.794792 0.072222 0.028125 0.144444
0 0.752604 0.079630 0.026042 0.140741
0 0.895573 0.125926 0.026562 0.155556
0 0.835156 0.095833 0.029687 0.136111
0 0.785417 0.147222 0.030208 0.142593
0 0.237500 0.375926 0.028125 0.188889
0 0.195312 0.379630 0.042708 0.162963
0 0.214062 0.131944 0.027083 0.154630
0 0.264323 0.237963 0.030729 0.170370
0 0.227344 0.231481 0.029687 0.162963
0 0.259115 0.216204 0.029687 0.154630
