1 0.846094 0.654630 0.051562 0.214815
1 0.360677 0.649537 0.041146 0.232407
1 0.916146 0.516667 0.038542 0.196296
1 0.470833 0.985185 0.040625 0.227778
1 0.351042 0.816667 0.036458 0.231481
7 0.377865 0.242593 0.040104 0.103704
7 0.367969 0.325463 0.029687 0.112037
1 0.430990 0.208796 0.039062 0.160185
1 0.336979 0.125463 0.020833 0.128704
1 0.193750 0.237500 0.023958 0.156481
1 0.171094 0.239352 0.033854 0.176852
1 0.405990 0.138426 0.028646 0.147222
1 0.398698 0.116204 0.029687 0.156481
1 0.301042 0.018056 0.027083 0.121296
7 0.327344 0.029167 0.031771 0.071296
1 0.250260 0.000463 0.022396 0.117593
7 0.651563 0.081481 0.031250 0.109259
1 0.305729 0.188426 0.030208 0.158333
1 0.174740 0.049074 0.023438 0.138889
1 0.200000 0.178704 0.025000 0.159259
1 0.163021 0.192593 0.026042 0.155556
1 0.189323 0.165741 0.024479 0.161111
1 0.137760 0.200000 0.024479 0.153704
1 0.125260 0.181481 0.025521 0.166667
1 0.151823 0.166204 0.027604 0.162037
1 0.175521 0.150000 0.026042 0.150000
1 0.118750 0.171296 0.020833 0.159259
1 0.467187 -0.025463 0.026042 0.147222
1 0.160417 0.651389 0.041667 0.221296
1 0.555208 0.593981 0.039583 0.217593
1 0.509375 0.613889 0.036458 0.220370
1 0.808854 0.100926 0.027083 0.150000
1 0.752083 0.102778 0.027083 0.142593
1 0.871094 0.087963 0.030729 0.146296
1 0.823177 0.062037 0.024479 0.133333
1 0.780990 0.121296 0.030729 0.138889
1 0.570573 0.019444 0.027604 0.144444
1 0.391146 0.002315 0.021875 0.125000
1 0.273438 0.025926 0.026042 0.124074
1 0.240625 0.339815 0.027083 0.183333
1 0.205729 0.340741 0.042708 0.164815
1 0.175781 0.132870 0.023438 0.160185
1 0.238281 -0.021296 0.022396 0.125926
1 0.145833 0.047685 0.027083 0.128704
1 0.263281 0.204630 0.030729 0.164815
1 0.232813 0.199537 0.028125 0.158333
1 0.262500 0.181019 0.028125 0.156481
1 0.410938 -0.003241 0.022917 0.128704
