1 0.851823 0.568981 0.025521 0.115741
1 0.737760 0.558333 0.026562 0.109259
1 0.171875 0.536574 0.014583 0.063889
1 0.623698 0.537963 0.016146 0.083333
1 0.628906 0.521296 0.011979 0.059259
1 0.123177 0.534722 0.008854 0.062037
1 0.465885 0.488426 0.009896 0.043519
1 0.165365 0.538426 0.009896 0.065741
1 0.168490 0.547685 0.011979 0.062037
1 0.115104 0.541204 0.012500 0.067593
1 0.135937 0.533796 0.013542 0.063889
1 0.498698 0.508333 0.010937 0.053704
1 0.559635 0.507870 0.011979 0.056481
1 0.549479 0.510648 0.011458 0.058333
1 0.647656 0.515741 0.016146 0.068519
1 0.595573 0.505093 0.010937 0.058333
1 0.608073 0.503241 0.015104 0.060185
1 0.508854 0.505556 0.010417 0.055556
