1 0.605729 0.349074 0.031250 0.135185
1 0.401042 0.348611 0.032292 0.162037
1 0.446875 0.354630 0.029167 0.148148
1 0.663021 0.342130 0.030208 0.132407
1 0.883854 0.456944 0.083333 0.589815
1 0.393229 0.336574 0.022917 0.102778
1 0.833333 0.440741 0.078125 0.485185
1 0.540625 0.320370 0.015625 0.062963
1 0.000000 0.323148 0.028125 0.127778
1 0.039323 0.325926 0.020313 0.100000
1 0.065365 0.325000 0.021354 0.100000
1 0.572917 0.321759 0.012500 0.052778
1 0.560417 0.323148 0.012500 0.057407
7 0.487240 0.355556 0.028646 0.094444
7 0.508073 0.362500 0.026562 0.089815
1 0.316927 0.313426 0.013021 0.050926
1 0.330208 0.318056 0.011458 0.045370
1 0.337500 0.310648 0.011458 0.041667
1 0.344531 0.309722 0.011979 0.045370
1 0.377865 0.322222 0.015104 0.057407
1 0.354687 0.310648 0.010417 0.037963
1 0.364583 0.311111 0.011458 0.038889
