1 0.579948 0.513889 0.011979 0.057407
1 0.605990 0.510185 0.009896 0.053704
1 0.721615 0.569444 0.023438 0.118519
1 0.697656 0.569444 0.023438 0.105556
1 0.675781 0.573148 0.015104 0.109259
1 0.686458 0.573611 0.022917 0.110185
1 0.595573 0.517130 0.015104 0.067593
1 0.634635 0.912963 0.066146 0.320370
1 0.611198 0.862037 0.063021 0.311111
1 0.494792 0.748148 0.042708 0.257407
1 0.996615 0.633796 0.028646 0.171296
1 0.512760 0.763889 0.060937 0.270370
1 0.611979 0.577315 0.023958 0.108333
1 0.646094 0.576852 0.026562 0.111111
1 0.871094 0.660185 0.035937 0.168519
1 0.636979 0.822685 0.047917 0.287963
1 0.898698 0.642593 0.031771 0.151852
1 0.863281 0.625926 0.031771 0.155556
1 0.612240 0.562963 0.025521 0.098148
