1 0.609635 0.367593 0.031771 0.137037
1 0.438542 0.372222 0.031250 0.151852
1 0.217188 0.450926 0.113542 0.446296
1 0.492708 0.375926 0.029167 0.140741
1 0.578125 0.343056 0.015625 0.073148
1 0.653125 0.382870 0.036458 0.243519
1 0.330208 0.361574 0.020833 0.095370
1 0.639062 0.386574 0.034375 0.213889
1 0.016667 0.381944 0.039583 0.145370
1 0.515625 0.342593 0.013542 0.061111
1 0.539323 0.340278 0.010937 0.037963
1 0.524740 0.334722 0.010937 0.043519
7 0.471094 0.363889 0.023438 0.070370
1 0.346615 0.344444 0.015104 0.066667
1 0.319271 0.348611 0.018750 0.076852
1 0.362500 0.346759 0.012500 0.060185
1 0.368229 0.350463 0.011458 0.058333
