1 0.473958 0.384722 0.033333 0.150926
1 0.418490 0.369907 0.024479 0.123148
1 0.380208 0.363889 0.022917 0.127778
1 0.837760 0.555556 0.092188 0.566667
1 0.944010 0.535648 0.096354 0.586111
1 0.285417 0.373611 0.037500 0.150926
1 0.420312 0.366667 0.021875 0.107407
1 0.441146 0.352315 0.016667 0.110185
1 0.127865 0.381944 0.025521 0.121296
1 0.561719 0.375926 0.034896 0.192593
1 0.448177 0.355093 0.017188 0.095370
1 0.485417 0.358796 0.017708 0.106481
1 0.218750 0.369444 0.020833 0.111111
1 0.205469 0.368056 0.016146 0.087963
1 0.496875 0.352315 0.020833 0.086111
1 0.257031 0.371759 0.017188 0.100926
1 0.242708 0.350926 0.012500 0.057407
1 0.396094 0.342593 0.013021 0.064815
1 0.027083 0.354630 0.011458 0.066667
1 0.052083 0.379167 0.020833 0.099074
7 0.346875 0.355556 0.018750 0.050000
7 0.360417 0.362963 0.015625 0.044444
1 0.060417 0.359722 0.014583 0.063889
7 0.797135 0.381019 0.032813 0.154630
1 0.262760 0.368519 0.011979 0.048148
