1 0.591667 0.323148 0.030208 0.133333
1 0.404167 0.325926 0.032292 0.161111
1 0.445573 0.330556 0.027604 0.146296
1 0.622917 0.309722 0.028125 0.110185
1 0.786458 0.392593 0.081250 0.435185
1 0.368750 0.321759 0.020833 0.104630
1 0.748437 0.384722 0.057292 0.367593
1 0.523698 0.297685 0.015104 0.063889
1 0.047917 0.419907 0.055208 0.339815
1 0.064583 0.316204 0.022917 0.119444
1 0.070573 0.316204 0.017188 0.086111
1 0.099479 0.317593 0.019792 0.083333
1 0.553646 0.297685 0.012500 0.052778
1 0.542188 0.292593 0.010417 0.051852
7 0.474219 0.322222 0.024479 0.085185
7 0.495833 0.331019 0.025000 0.082407
1 0.309635 0.293981 0.013021 0.045370
1 0.319271 0.299074 0.010417 0.046296
1 0.332031 0.291667 0.010937 0.038889
1 0.336719 0.289352 0.010937 0.041667
1 0.384375 0.305556 0.011458 0.057407
1 0.346875 0.293981 0.010417 0.036111
1 0.353125 0.290741 0.010417 0.037037
