1 0.639062 0.373148 0.029167 0.131481
1 0.438802 0.377778 0.032813 0.164815
1 0.479427 0.382870 0.029687 0.149074
1 0.792448 0.382870 0.058854 0.208333
1 0.589063 0.349537 0.016667 0.063889
1 -0.000781 0.380556 0.026562 0.114815
1 0.610938 0.347685 0.014583 0.067593
7 0.534896 0.390741 0.034375 0.109259
7 0.562240 0.401389 0.033854 0.106481
1 0.352865 0.345833 0.013021 0.052778
1 0.364844 0.349074 0.013021 0.050000
1 0.377083 0.345833 0.012500 0.049074
1 0.416406 0.354630 0.020313 0.057407
1 0.391667 0.343056 0.010417 0.037963
1 0.401562 0.345370 0.011458 0.038889
