1 0.637240 0.356019 0.028646 0.136111
1 0.462500 0.346296 0.029167 0.142593
1 0.282031 0.425463 0.075521 0.386111
1 1.041667 0.684722 0.157292 0.745370
1 0.229687 0.387037 0.059375 0.287037
1 0.503125 0.350926 0.029167 0.129630
1 0.550260 0.325000 0.014063 0.057407
1 0.596094 0.353241 0.025521 0.163889
1 0.321615 0.337500 0.021354 0.100926
1 0.602083 0.355556 0.025000 0.150000
1 0.706771 0.343056 0.022917 0.113889
1 0.000781 0.358796 0.026562 0.156481
1 0.517708 0.329630 0.009375 0.037037
7 0.482812 0.346296 0.018750 0.057407
1 0.394271 0.324537 0.015625 0.063889
1 0.372396 0.319907 0.015625 0.073148
1 0.356771 0.324537 0.012500 0.060185
1 0.368229 0.321759 0.011458 0.058333
