0 0.846615 0.654630 0.052604 0.214815
0 0.357292 0.647222 0.040625 0.227778
0 0.916146 0.518056 0.039583 0.195370
0 0.492188 0.990278 0.041667 0.118519
0 0.351042 0.816667 0.036458 0.231481
2 0.377865 0.242593 0.040104 0.103704
2 0.367969 0.325463 0.029687 0.112037
0 0.432031 0.208333 0.038021 0.157407
0 0.337240 0.125463 0.020313 0.128704
0 0.195312 0.235648 0.026042 0.154630
0 0.174219 0.239815 0.034896 0.177778
0 0.405208 0.140741 0.028125 0.146296
0 0.401042 0.116204 0.023958 0.154630
2 0.651563 0.081481 0.031250 0.109259
0 0.304167 0.187963 0.029167 0.157407
0 0.208073 0.178241 0.027604 0.158333
0 0.163542 0.193981 0.026042 0.154630
0 0.198437 0.164815 0.023958 0.159259
0 0.139063 0.200000 0.028125 0.151852
0 0.124479 0.181019 0.027083 0.171296
0 0.145573 0.162963 0.027604 0.159259
0 0.185677 0.146296 0.025521 0.150000
0 0.119271 0.167593 0.020833 0.159259
0 0.182552 0.772685 0.045312 0.236111
0 0.514844 0.475463 0.038021 0.210185
0 0.467708 0.487963 0.032292 0.200000
0 0.695312 0.896296 0.050000 0.225926
0 0.935417 0.743056 0.046875 0.230556
0 0.962760 0.696759 0.036979 0.234259
0 0.913021 0.168519 0.027083 0.157407
0 0.852344 0.140278 0.025521 0.145370
0 0.784115 0.174074 0.032813 0.142593
0 0.598437 0.110185 0.029167 0.148148
0 0.258073 0.084259 0.026562 0.137037
0 0.228125 0.426389 0.030208 0.191667
0 0.191927 0.431481 0.040104 0.175926
0 0.236719 0.142130 0.031771 0.163889
0 0.257292 0.277778 0.035417 0.177778
0 0.209375 0.274074 0.030208 0.170370
0 0.259375 0.256019 0.031250 0.162037
