1 0.853646 0.694907 0.044792 0.225000
1 0.255729 0.156944 0.035417 0.178704
1 0.357812 0.630093 0.056250 0.226852
1 0.915365 0.519907 0.041146 0.193519
1 0.532292 0.967593 0.046875 0.262963
1 0.351042 0.816667 0.036458 0.231481
7 0.377865 0.242593 0.040104 0.103704
7 0.367969 0.325463 0.029687 0.112037
1 0.429427 0.218981 0.030729 0.160185
1 0.761719 0.011574 0.026562 0.121296
1 0.540885 0.115741 0.027604 0.148148
1 0.510677 0.104630 0.031771 0.161111
1 0.274219 0.147222 0.025521 0.155556
1 0.493490 0.050463 0.028646 0.141667
1 0.070052 0.410648 0.026562 0.173148
1 0.054688 0.392130 0.036458 0.186111
1 0.463021 0.575463 0.042708 0.213889
1 0.497917 0.582870 0.039583 0.199074
1 0.406510 0.160648 0.031771 0.112037
1 0.382812 0.163426 0.029167 0.154630
1 0.382812 0.064815 0.027083 0.137037
1 0.297135 0.022685 0.021354 0.123148
7 0.327344 0.029167 0.031771 0.071296
1 0.121615 0.350926 0.027604 0.168519
7 0.651563 0.082407 0.031250 0.109259
1 0.245573 0.637963 0.036979 0.209259
1 0.192969 0.629167 0.049479 0.230556
1 0.296094 0.135185 0.029687 0.151852
1 0.182031 0.127315 0.031771 0.150926
1 0.200521 0.180556 0.027083 0.162963
1 0.604948 0.528241 0.042188 0.184259
1 0.161458 0.195833 0.027083 0.156481
1 0.193750 0.162963 0.026042 0.161111
1 0.129167 0.201852 0.029167 0.144444
1 0.134115 0.187963 0.033854 0.155556
1 0.149479 0.155556 0.029167 0.161111
1 0.147656 0.142130 0.024479 0.152778
1 0.117708 0.174074 0.020833 0.159259
1 0.445052 0.034722 0.028646 0.147222
1 0.236979 0.156019 0.029167 0.162037
1 0.252865 0.358796 0.042188 0.193519
1 0.941406 0.492593 0.035937 0.192593
1 0.819792 -0.005093 0.027083 0.134259
1 0.941667 0.178241 0.036458 0.150926
1 0.946615 0.135648 0.032813 0.154630
1 0.871094 0.109259 0.035937 0.153704
1 0.319531 1.018056 0.045312 0.163889
1 0.233854 0.025926 0.023958 0.127778
1 0.206510 0.031481 0.032813 0.129630
1 0.722135 -0.034722 0.032813 0.128704
7 0.646615 0.075463 0.032813 0.086111
1 0.651302 0.075926 0.033854 0.083333
