1 0.909375 0.660185 0.041667 0.188889
1 0.935156 0.573148 0.023438 0.098148
1 0.888542 0.558796 0.020833 0.095370
1 0.083333 0.601852 0.028125 0.131481
1 0.111979 0.608796 0.030208 0.128704
1 0.194531 0.589352 0.022396 0.106481
1 0.173177 0.595370 0.019271 0.101852
1 0.239583 0.567593 0.017708 0.100000
1 0.224479 0.586111 0.021875 0.116667
1 0.794531 0.516667 0.011979 0.050000
1 0.708594 0.524074 0.014063 0.062963
1 0.779687 0.514352 0.011458 0.050926
1 0.478385 0.487037 0.005729 0.027778
1 0.184635 0.553241 0.014063 0.086111
1 0.340365 0.506019 0.008854 0.043519
1 0.177083 0.580556 0.029167 0.111111
1 0.603646 0.489352 0.007292 0.041667
1 0.356510 0.511574 0.009896 0.054630
1 0.368750 0.517593 0.010417 0.055556
1 0.328906 0.510648 0.009896 0.058333
1 0.780469 0.511111 0.011979 0.055556
1 0.786458 0.507870 0.010417 0.052778
1 0.629427 0.500926 0.010937 0.044444
1 0.637240 0.501852 0.009896 0.044444
1 0.675000 0.506944 0.011458 0.047222
1 0.715625 0.507870 0.011458 0.049074
1 0.706771 0.513889 0.012500 0.050000
1 0.153385 0.583796 0.016146 0.089815
1 0.819531 0.511574 0.011979 0.056481
1 0.799740 0.513889 0.010937 0.050000
1 0.724740 0.506481 0.009896 0.050000
