1 0.626563 0.329167 0.029167 0.136111
1 0.466667 0.317593 0.029167 0.140741
1 0.420312 0.342593 0.046875 0.214815
1 0.916927 0.566667 0.138021 0.740741
1 0.223958 0.345370 0.047917 0.231481
1 0.506771 0.319907 0.025000 0.123148
1 0.534635 0.288889 0.011979 0.053704
1 0.574219 0.314352 0.024479 0.141667
1 0.299479 0.315741 0.025000 0.105556
1 0.577083 0.314352 0.021875 0.134259
1 0.648958 0.306481 0.019792 0.111111
1 0.104688 0.352778 0.057292 0.235185
1 0.082552 0.365278 0.045312 0.200926
1 0.366667 0.312500 0.021875 0.108333
1 0.357031 0.314352 0.023438 0.110185
1 0.319271 0.326389 0.022917 0.121296
1 0.025521 0.306019 0.017708 0.093519
1 0.058333 0.330093 0.028125 0.134259
7 0.460677 0.308796 0.020313 0.049074
7 0.473698 0.313426 0.018229 0.054630
1 0.401302 0.295370 0.010937 0.059259
1 0.385677 0.293056 0.010937 0.065741
