1 0.593229 0.324074 0.032292 0.137037
1 0.411979 0.328704 0.032292 0.161111
1 0.447917 0.332407 0.029167 0.146296
1 0.622135 0.314815 0.024479 0.112963
1 0.767969 0.384722 0.061979 0.415741
1 0.370312 0.321759 0.020833 0.104630
1 0.738281 0.377315 0.051562 0.350926
1 0.527604 0.300463 0.016667 0.063889
1 0.065104 0.411574 0.055208 0.326852
1 0.107552 0.311574 0.018229 0.078704
1 0.555469 0.301389 0.011979 0.052778
1 0.543750 0.298148 0.010417 0.051852
7 0.477083 0.331481 0.025000 0.081481
7 0.495833 0.333796 0.025000 0.082407
1 0.314583 0.298148 0.012500 0.046296
1 0.322656 0.301389 0.010937 0.047222
1 0.335417 0.295833 0.010417 0.039815
1 0.339844 0.295370 0.010937 0.042593
1 0.386719 0.309259 0.010937 0.057407
1 0.350521 0.296296 0.010417 0.035185
1 0.356771 0.295370 0.010417 0.033333
