1 0.734896 0.637500 0.053125 0.223148
1 0.242188 0.382870 0.040625 0.206481
1 0.074219 0.622685 0.043229 0.230556
1 0.916406 0.519907 0.039062 0.193519
1 0.618750 0.979630 0.043750 0.216667
1 0.353646 0.820833 0.052083 0.232407
7 0.377865 0.242593 0.040104 0.103704
7 0.367969 0.325463 0.029687 0.112037
1 0.429688 0.218519 0.031250 0.161111
1 0.789062 0.131944 0.027083 0.136111
1 0.761458 0.253704 0.030208 0.159259
1 0.738542 0.262500 0.030208 0.176852
1 0.380469 0.250926 0.026562 0.161111
1 0.510938 0.274074 0.036458 0.172222
1 0.069271 0.411574 0.026042 0.175000
1 0.078385 0.392130 0.027604 0.186111
1 0.436458 0.267130 0.032292 0.175000
1 0.458073 0.275926 0.027604 0.150000
1 0.671094 0.254630 0.022396 0.150000
1 0.625781 0.219907 0.040104 0.158333
1 0.380469 0.071296 0.027604 0.150000
1 0.296354 0.021759 0.020833 0.121296
7 0.327344 0.029167 0.031771 0.071296
1 0.037500 0.737037 0.037500 0.207407
7 0.651563 0.081019 0.031250 0.108333
1 0.294792 0.286111 0.026042 0.172222
1 0.281510 0.302315 0.034896 0.184259
1 0.241667 0.075000 0.026042 0.144444
1 0.208073 0.079630 0.024479 0.148148
1 0.292969 0.136574 0.024479 0.154630
1 0.266667 0.112963 0.029167 0.148148
1 0.199479 0.178704 0.028125 0.162963
1 0.265104 0.212500 0.027083 0.147222
1 0.166667 0.193981 0.027083 0.156481
1 0.188542 0.160648 0.022917 0.158333
1 0.121354 0.195370 0.025000 0.151852
1 0.151823 0.169907 0.035937 0.169444
1 0.151823 0.150926 0.029687 0.155556
1 0.152604 0.142593 0.028125 0.153704
1 0.117188 0.174074 0.020833 0.159259
1 0.488281 -0.045370 0.021354 0.107407
1 0.202083 -0.018519 0.016667 0.125926
1 0.229167 0.886111 0.050000 0.248148
1 0.766667 -0.028241 0.023958 0.123148
7 0.647656 0.074537 0.033854 0.099074
