1 0.618229 0.361574 0.033333 0.149074
1 0.457813 0.340741 0.029167 0.140741
1 0.386979 0.381944 0.056250 0.254630
1 0.959115 0.614815 0.119271 0.750000
1 0.210938 0.372222 0.067708 0.255556
1 0.495052 0.352778 0.029687 0.125926
1 0.528125 0.322685 0.012500 0.054630
1 0.570052 0.345833 0.025521 0.150926
1 0.297656 0.329167 0.021354 0.100926
1 0.574479 0.348148 0.021875 0.137037
1 0.650781 0.338889 0.020313 0.114815
1 0.030469 0.384259 0.061979 0.268519
1 0.329948 0.339352 0.020313 0.106481
1 0.316406 0.332870 0.023438 0.110185
1 0.311458 0.347685 0.022917 0.121296
7 0.468750 0.336111 0.018750 0.057407
1 0.346094 0.325000 0.010937 0.061111
1 0.355990 0.319907 0.013021 0.056481
