1 0.643750 0.355093 0.031250 0.141667
1 0.463542 0.348148 0.030208 0.146296
1 0.199479 0.405556 0.092708 0.355556
1 0.508854 0.353704 0.028125 0.137037
1 0.573958 0.329167 0.013542 0.065741
1 0.635938 0.363889 0.034375 0.188889
1 0.338542 0.334259 0.020833 0.094444
1 0.630990 0.362963 0.026562 0.170370
1 0.149740 0.350463 0.031771 0.143519
1 0.525781 0.327315 0.014063 0.058333
1 0.297917 0.358796 0.022917 0.147222
1 0.542708 0.320370 0.009375 0.038889
1 0.531510 0.319907 0.008854 0.043519
7 0.482292 0.343519 0.023958 0.064815
7 0.501302 0.349537 0.021354 0.063889
1 0.389323 0.325926 0.015104 0.066667
1 0.368490 0.318056 0.015104 0.075000
1 0.372396 0.327315 0.012500 0.060185
1 0.385417 0.322685 0.011458 0.058333
