1 0.832812 0.664815 0.032292 0.224074
1 0.253646 0.084259 0.039583 0.164815
1 0.448437 0.680093 0.035417 0.237963
1 0.916146 0.518056 0.040625 0.193519
1 0.560937 0.979630 0.043750 0.237037
1 0.351042 0.816667 0.036458 0.231481
7 0.377865 0.242593 0.040104 0.103704
7 0.367969 0.325463 0.029687 0.112037
1 0.424740 0.212963 0.028646 0.157407
1 0.531250 0.042130 0.027083 0.137963
1 0.499219 0.031481 0.028646 0.148148
1 0.310677 0.131944 0.020313 0.143519
1 0.471354 -0.045370 0.027083 0.107407
1 0.100521 0.387037 0.034375 0.174074
1 0.073438 0.366204 0.035417 0.195370
1 0.525000 0.778241 0.061458 0.237963
1 0.557292 0.784259 0.038542 0.216667
1 0.405990 0.150463 0.024479 0.126852
1 0.398438 0.162963 0.033333 0.155556
1 0.297135 0.022222 0.021354 0.122222
7 0.327344 0.029167 0.031771 0.071296
1 0.193750 0.228241 0.023958 0.152778
7 0.651563 0.082407 0.031250 0.109259
1 0.163281 0.868519 0.041146 0.240741
1 0.125521 0.845370 0.046875 0.250000
1 0.283073 0.171759 0.027604 0.160185
1 0.171354 0.123148 0.021875 0.151852
1 0.200521 0.182870 0.027083 0.162037
1 0.923438 0.687500 0.036458 0.199074
1 0.163542 0.194444 0.027083 0.157407
1 0.201042 0.164352 0.023958 0.163889
1 0.128906 0.200000 0.031771 0.146296
1 0.132292 0.182407 0.028125 0.161111
1 0.161719 0.161574 0.029687 0.163889
1 0.146615 0.142593 0.026562 0.150000
1 0.117708 0.174074 0.020833 0.159259
1 0.474479 0.037037 0.025000 0.150000
1 0.220052 0.257407 0.031771 0.168519
1 0.256510 0.206019 0.034896 0.169444
1 0.913281 0.387963 0.044271 0.187037
1 0.849740 0.364352 0.031771 0.178704
1 0.790885 0.060648 0.029687 0.136111
1 0.932031 0.271296 0.029687 0.159259
1 0.884896 0.092593 0.027083 0.151852
1 0.853125 0.087037 0.028125 0.159259
1 0.983594 0.287037 0.034896 0.175926
1 0.219531 0.101852 0.023438 0.146296
1 0.196615 0.107407 0.029687 0.135185
1 0.255729 -0.029630 0.022917 0.133333
1 0.228385 -0.032870 0.025521 0.130556
1 0.701562 -0.041204 0.026042 0.115741
7 0.647396 0.071759 0.033333 0.086111
