1 0.822917 0.665278 0.044792 0.225000
1 0.252083 0.103704 0.037500 0.168519
1 0.440625 0.677315 0.046875 0.239815
1 0.909115 0.518981 0.054688 0.191667
1 0.551302 0.983796 0.046354 0.232407
1 0.351042 0.816667 0.036458 0.231481
7 0.377865 0.242593 0.040104 0.103704
7 0.367969 0.325463 0.029687 0.112037
1 0.430729 0.212963 0.027083 0.161111
1 0.534896 0.059722 0.027083 0.137963
1 0.499479 0.050926 0.028125 0.148148
1 0.291667 0.124537 0.020833 0.145370
1 0.469792 -0.033333 0.027083 0.131481
1 0.088021 0.398611 0.035417 0.176852
1 0.060156 0.382870 0.023438 0.195370
1 0.507031 0.721759 0.058854 0.228704
1 0.541927 0.730093 0.038021 0.210185
1 0.405990 0.155093 0.025521 0.123148
1 0.386719 0.162500 0.030729 0.154630
1 0.395833 -0.024537 0.025000 0.134259
1 0.297135 0.022222 0.021354 0.122222
7 0.327344 0.029167 0.031771 0.071296
1 0.170573 0.252778 0.025521 0.155556
7 0.651563 0.082407 0.031250 0.109259
1 0.177865 0.818056 0.039062 0.237963
1 0.137760 0.791667 0.054688 0.248148
1 0.278125 0.162963 0.031250 0.157407
1 0.181510 0.127315 0.028646 0.152778
1 0.200521 0.182870 0.027083 0.162037
1 0.851302 0.641667 0.042188 0.194444
1 0.163542 0.194444 0.027083 0.157407
1 0.202344 0.164352 0.026562 0.162037
1 0.129167 0.200000 0.032292 0.146296
1 0.135156 0.182407 0.029687 0.161111
1 0.154948 0.161111 0.029687 0.162963
1 0.150781 0.141667 0.026562 0.150000
1 0.117708 0.174074 0.020833 0.159259
1 0.469792 0.043519 0.026042 0.150000
1 0.229167 0.231019 0.030208 0.169444
1 0.255729 0.239352 0.031250 0.175000
1 0.939583 0.422222 0.038542 0.198148
1 0.864583 0.392130 0.032292 0.182407
1 0.794271 0.043981 0.029167 0.136111
1 0.919792 0.249074 0.035417 0.155556
1 0.897135 0.115278 0.026562 0.150926
1 0.867448 0.110185 0.029687 0.161111
1 0.956771 0.242593 0.034375 0.168519
1 0.224740 0.081481 0.023438 0.146296
1 0.196875 0.085648 0.027083 0.130556
1 0.711458 -0.037037 0.026042 0.122222
7 0.647135 0.072222 0.033854 0.087037
1 0.652344 0.076389 0.033854 0.084259
