0 0.844792 0.654630 0.048958 0.214815
0 0.260937 -0.002778 0.031250 0.174074
0 0.274219 0.608333 0.045312 0.222222
0 0.915625 0.518981 0.050000 0.193519
0 0.498437 0.978241 0.038542 0.239815
0 0.351042 0.816667 0.036458 0.231481
2 0.377865 0.242593 0.040104 0.103704
2 0.367969 0.325463 0.029687 0.112037
0 0.433333 0.213426 0.033333 0.156481
0 0.508333 -0.027778 0.025000 0.129630
0 0.481510 -0.027778 0.027604 0.131481
0 0.334375 0.126389 0.019792 0.130556
0 0.153125 0.306019 0.030208 0.169444
0 0.124479 0.300000 0.029167 0.187037
0 0.610156 0.993981 0.052604 0.213889
0 0.637240 0.998148 0.041146 0.203704
0 0.402604 0.145833 0.022917 0.141667
0 0.404948 0.122222 0.026562 0.157407
0 0.297917 0.020370 0.022917 0.122222
2 0.327344 0.029167 0.031771 0.071296
0 0.266406 0.131944 0.023438 0.143519
2 0.651563 0.082407 0.031250 0.109259
0 0.193750 1.030556 0.052083 0.138889
0 0.299219 0.185648 0.031771 0.160185
0 0.157552 0.066204 0.026562 0.139815
0 0.200260 0.183333 0.025521 0.159259
0 0.163021 0.193056 0.025000 0.156481
0 0.198698 0.163889 0.025521 0.159259
0 0.133333 0.198611 0.023958 0.147222
0 0.122135 0.181019 0.026562 0.167593
0 0.151302 0.166204 0.028646 0.162037
0 0.157031 0.144444 0.027604 0.151852
0 0.118229 0.174074 0.020833 0.159259
0 0.470833 0.002315 0.026042 0.149074
0 0.193750 0.388889 0.034375 0.190741
0 0.259375 0.086111 0.031250 0.153704
0 0.796615 0.987500 0.045312 0.215741
0 0.752604 0.998148 0.039583 0.203704
0 0.860417 0.262500 0.033333 0.171296
0 0.801042 0.249537 0.028125 0.163889
0 0.786458 0.071296 0.030208 0.131481
0 0.827604 0.004630 0.027083 0.140741
0 0.786458 -0.004167 0.026042 0.143519
0 0.254427 0.171296 0.023438 0.161111
0 0.233073 0.177315 0.027604 0.141667
0 0.185156 0.034722 0.024479 0.130556
0 0.230990 0.065278 0.029687 0.143519
0 0.198698 0.053241 0.026562 0.141667
0 0.235156 0.044444 0.023438 0.133333
0 0.847396 -0.013889 0.015625 0.075926
0 0.640104 0.047222 0.022917 0.135185
