1 0.729688 0.475000 0.040625 0.220370
1 0.775521 0.472222 0.038542 0.162963
1 0.359375 0.480556 0.043750 0.194444
1 0.635417 0.436111 0.025000 0.112963
1 0.252604 0.480556 0.038542 0.164815
1 0.379688 0.475926 0.034375 0.170370
1 0.291146 0.484259 0.032292 0.157407
1 0.500000 0.440278 0.020833 0.102778
1 0.606771 0.442593 0.019792 0.096296
1 0.311979 0.479630 0.030208 0.166667
1 0.579167 0.426389 0.015625 0.075000
1 0.194271 0.431019 0.014583 0.063889
1 0.335938 0.460648 0.027083 0.126852
1 0.617188 0.433796 0.016667 0.091667
1 0.429688 0.431019 0.010417 0.063889
1 0.423177 0.429167 0.010937 0.052778
1 0.438802 0.435648 0.010937 0.065741
1 0.413281 0.429630 0.009896 0.057407
1 0.398177 0.428704 0.010937 0.061111
7 0.829427 0.445833 0.021354 0.099074
