1 0.738281 0.547222 0.017188 0.088889
1 0.798958 0.531019 0.017708 0.073148
1 0.842448 0.600926 0.028646 0.122222
1 0.890885 0.604167 0.034896 0.125000
1 0.777604 0.519907 0.014583 0.078704
1 0.008854 0.750463 0.025000 0.099074
1 0.064062 0.617593 0.025000 0.150000
1 0.112760 0.634722 0.029687 0.143519
1 0.263542 0.556944 0.017708 0.086111
1 0.285156 0.556019 0.016146 0.087963
1 0.342448 0.525926 0.013021 0.064815
1 0.333333 0.528704 0.011458 0.061111
1 0.358594 0.519444 0.014063 0.064815
1 0.564323 0.475926 0.006771 0.025926
1 0.325260 0.522685 0.007812 0.067593
1 0.626302 0.478241 0.006771 0.034259
1 0.675000 0.483333 0.010417 0.042593
1 0.417708 0.493056 0.008333 0.041667
1 0.436458 0.500926 0.008333 0.040741
1 0.408333 0.495370 0.008333 0.044444
1 0.767708 0.490278 0.014583 0.041667
