0 0.846094 0.654630 0.051562 0.214815
0 0.361458 0.647222 0.046875 0.231481
0 0.916146 0.516667 0.038542 0.196296
0 0.470573 0.981944 0.040104 0.132407
0 0.351042 0.816667 0.036458 0.231481
2 0.377865 0.242593 0.040104 0.103704
2 0.367969 0.325463 0.029687 0.112037
0 0.428385 0.206481 0.033854 0.161111
0 0.336979 0.125463 0.020833 0.128704
0 0.193229 0.242130 0.025000 0.154630
0 0.166927 0.240741 0.033854 0.175926
0 0.405729 0.141204 0.029167 0.147222
0 0.398958 0.116204 0.029167 0.156481
2 0.651563 0.081481 0.031250 0.109259
0 0.305729 0.188426 0.030208 0.158333
0 0.200000 0.178704 0.025000 0.159259
0 0.163021 0.192593 0.026042 0.155556
0 0.189323 0.165741 0.024479 0.161111
0 0.135937 0.199537 0.025000 0.152778
0 0.123177 0.181481 0.025521 0.166667
0 0.149479 0.166667 0.028125 0.161111
0 0.175521 0.150000 0.026042 0.150000
0 0.118750 0.172222 0.020833 0.159259
0 0.163281 0.630093 0.040104 0.221296
0 0.565365 0.619444 0.050521 0.225926
0 0.522135 0.635185 0.035937 0.220370
0 0.815104 0.114352 0.031250 0.152778
0 0.755208 0.112500 0.025000 0.145370
0 0.865885 0.072685 0.026562 0.145370
0 0.782813 0.111574 0.030208 0.139815
0 0.241927 0.325000 0.027604 0.177778
0 0.213021 0.325926 0.037500 0.164815
0 0.156250 0.135648 0.022917 0.160185
0 0.261979 0.191204 0.029167 0.163889
0 0.234375 0.188889 0.028125 0.159259
0 0.263021 0.168519 0.027083 0.157407
