0 0.735677 0.637500 0.053646 0.223148
0 0.228125 0.436111 0.043750 0.214815
0 0.074740 0.623611 0.043229 0.230556
0 0.916406 0.519907 0.039062 0.193519
0 0.354167 0.820833 0.052083 0.232407
2 0.377865 0.242593 0.040104 0.103704
2 0.367969 0.325463 0.029687 0.112037
0 0.429688 0.218519 0.031250 0.161111
0 0.983854 0.341204 0.034896 0.176852
0 0.788542 0.132407 0.027083 0.135185
0 0.825000 0.283796 0.026042 0.158333
0 0.787760 0.291667 0.030729 0.181481
0 0.477604 0.265278 0.028125 0.160185
0 0.542448 0.237963 0.039062 0.162963
0 0.102865 0.424074 0.034896 0.175926
0 0.104167 0.400926 0.033333 0.192593
0 0.461979 0.225463 0.030208 0.167593
0 0.483073 0.231481 0.026562 0.151852
0 0.728125 0.278241 0.020833 0.154630
0 0.703385 0.241204 0.026562 0.154630
0 0.019271 0.835185 0.034375 0.222222
2 0.651302 0.080093 0.032813 0.106481
0 0.269792 0.242130 0.028125 0.163889
0 0.278646 0.254167 0.045833 0.180556
0 0.243750 0.112963 0.027083 0.148148
0 0.219271 0.122222 0.026042 0.148148
0 0.292708 0.136574 0.022917 0.154630
0 0.267448 0.112963 0.027604 0.148148
0 0.199219 0.179167 0.027604 0.163889
0 0.234375 0.161574 0.027083 0.141667
0 0.160938 0.192593 0.027083 0.157407
0 0.191927 0.162500 0.021354 0.156481
0 0.123698 0.194444 0.025521 0.151852
0 0.144792 0.169444 0.023958 0.170370
0 0.150521 0.156944 0.030208 0.156481
0 0.152083 0.142593 0.028125 0.153704
0 0.118229 0.174074 0.020833 0.159259
0 0.223438 0.996296 0.051042 0.108333
2 0.648177 0.064352 0.033854 0.104630
