0 0.826302 0.679167 0.038021 0.226852
0 0.250521 0.124074 0.035417 0.172222
0 0.439063 0.650000 0.043750 0.227778
0 0.913542 0.519444 0.044792 0.192593
0 0.554948 0.973611 0.046354 0.243519
0 0.351042 0.816667 0.036458 0.231481
2 0.377865 0.242593 0.040104 0.103704
2 0.367969 0.325463 0.029687 0.112037
0 0.429688 0.217593 0.023958 0.157407
0 0.778385 -0.037500 0.026562 0.117593
0 0.538281 0.077778 0.026562 0.144444
0 0.502083 0.064352 0.030208 0.149074
0 0.281771 0.123611 0.020833 0.150926
0 0.474479 -0.008796 0.027083 0.139815
0 0.073438 0.410185 0.028125 0.172222
0 0.059896 0.387963 0.028125 0.187037
0 0.493490 0.671759 0.059896 0.225000
0 0.530208 0.676389 0.044792 0.202778
0 0.405990 0.151852 0.026562 0.131481
0 0.384375 0.160185 0.025000 0.155556
0 0.395313 0.008796 0.025000 0.134259
0 0.297135 0.022222 0.021354 0.122222
2 0.327344 0.029167 0.031771 0.071296
0 0.150260 0.282870 0.025521 0.162037
2 0.651563 0.082407 0.031250 0.109259
0 0.196875 0.755556 0.037500 0.229630
0 0.153646 0.732407 0.050000 0.235185
0 0.286198 0.149537 0.027604 0.158333
0 0.183854 0.127778 0.029167 0.150000
0 0.200521 0.182407 0.027083 0.162963
0 0.762500 0.605093 0.048958 0.189815
0 0.163021 0.194444 0.027083 0.157407
0 0.195052 0.164815 0.025521 0.161111
0 0.129427 0.200926 0.030729 0.146296
0 0.136719 0.178704 0.031771 0.161111
0 0.152083 0.160648 0.030208 0.160185
0 0.150000 0.143519 0.027083 0.151852
0 0.117708 0.174074 0.020833 0.159259
0 0.465625 0.048611 0.027083 0.150926
0 0.238281 0.199074 0.029687 0.159259
0 0.250000 0.274537 0.035417 0.178704
0 0.974219 0.451389 0.041146 0.193519
0 0.880990 0.423611 0.031771 0.184259
0 0.799219 0.029167 0.028646 0.136111
0 0.921354 0.226389 0.029167 0.154630
0 0.925000 0.136111 0.030208 0.155556
0 0.901042 0.135185 0.035417 0.159259
0 0.913281 0.187963 0.036979 0.157407
0 0.229427 0.066667 0.021354 0.140741
0 0.202604 0.069444 0.033333 0.125926
0 0.720833 -0.035185 0.028125 0.124074
2 0.646875 0.073148 0.033333 0.087037
0 0.651563 0.076389 0.034375 0.084259
