1 0.733333 0.637037 0.053125 0.224074
1 0.242708 0.282407 0.038542 0.198148
1 0.072917 0.625926 0.045833 0.229630
1 0.915885 0.519907 0.040104 0.193519
1 0.506771 0.967593 0.035417 0.264815
1 0.353385 0.820833 0.050521 0.232407
7 0.377865 0.242593 0.040104 0.103704
7 0.367969 0.325463 0.029687 0.112037
1 0.429427 0.218519 0.030729 0.161111
1 0.790104 0.131481 0.027083 0.137037
1 0.634375 0.198148 0.020833 0.155556
1 0.599740 0.204167 0.026562 0.169444
1 0.281510 0.194907 0.023438 0.162037
1 0.489063 0.214815 0.040625 0.166667
1 0.069271 0.410648 0.025000 0.173148
1 0.075781 0.393519 0.032813 0.188889
1 0.417187 0.384722 0.038542 0.186111
1 0.446875 0.387037 0.036458 0.175926
1 0.525781 0.188889 0.018229 0.144444
1 0.445052 0.180556 0.042188 0.159259
1 0.380729 0.072222 0.027083 0.150000
1 0.295833 0.022222 0.021875 0.124074
7 0.327344 0.029167 0.031771 0.071296
1 0.128906 0.560185 0.031771 0.185185
7 0.651563 0.082407 0.031250 0.109259
1 0.326042 0.410648 0.030208 0.187963
1 0.281771 0.413426 0.035417 0.202778
1 0.257812 0.000463 0.026042 0.137963
1 0.221094 -0.004167 0.023438 0.147222
1 0.293490 0.136574 0.024479 0.154630
1 0.204427 0.116204 0.026562 0.150926
1 0.198958 0.179167 0.027083 0.162037
1 0.315885 0.336574 0.028646 0.162037
1 0.164583 0.195370 0.027083 0.157407
1 0.188021 0.165278 0.022917 0.160185
1 0.124479 0.193519 0.028125 0.151852
1 0.146875 0.172685 0.026042 0.165741
1 0.160417 0.157407 0.029167 0.155556
1 0.152604 0.142593 0.028125 0.153704
1 0.117188 0.174074 0.020833 0.159259
1 0.473958 -0.037500 0.018750 0.123148
1 0.194271 0.054630 0.028125 0.148148
1 0.231250 0.641667 0.046875 0.227778
1 0.828125 0.056481 0.028125 0.133333
1 0.091927 0.742593 0.051562 0.233333
1 0.057813 0.690278 0.054167 0.226852
7 0.645833 0.076852 0.032292 0.090741
