1 0.442708 0.504630 0.013542 0.059259
1 0.579167 0.564352 0.020833 0.119444
1 0.558073 0.568981 0.023438 0.117593
1 0.527083 0.572685 0.016667 0.110185
1 0.540625 0.575000 0.018750 0.124074
1 0.380729 1.024537 0.070833 0.382407
1 0.330990 0.965278 0.078646 0.373148
1 0.414844 0.500000 0.011979 0.061111
1 0.229167 0.793056 0.085417 0.273148
1 0.558333 0.572222 0.022917 0.118519
1 0.846354 0.637500 0.037500 0.186111
1 0.236458 0.817593 0.071875 0.309259
1 0.455208 0.570833 0.021875 0.112037
1 0.491146 0.565741 0.031250 0.109259
1 0.745313 0.684722 0.044792 0.191667
1 0.357552 0.890278 0.041146 0.330556
1 0.773958 0.650926 0.043750 0.170370
1 0.738281 0.638426 0.032813 0.160185
1 0.465104 0.559722 0.025000 0.108333
