0 0.736198 0.637500 0.053646 0.223148
0 0.221094 0.466667 0.044271 0.218519
0 0.074740 0.624074 0.043229 0.231481
0 0.917188 0.520833 0.038542 0.193519
0 0.354687 0.820833 0.052083 0.232407
2 0.377865 0.242593 0.040104 0.103704
2 0.367969 0.325463 0.029687 0.112037
0 0.429688 0.218519 0.031250 0.161111
0 0.962760 0.298611 0.032813 0.171296
0 0.788281 0.132407 0.027604 0.135185
0 0.852604 0.310648 0.030208 0.169444
0 0.810937 0.312037 0.031250 0.177778
0 0.542188 0.266667 0.036458 0.164815
0 0.551302 0.213889 0.031771 0.155556
0 0.121094 0.444444 0.032813 0.183333
0 0.133073 0.419444 0.032813 0.198148
0 0.471615 0.209259 0.028646 0.164815
0 0.489063 0.209259 0.026042 0.148148
0 0.753125 0.297685 0.026042 0.156481
0 0.732812 0.253704 0.026042 0.157407
2 0.645833 0.084259 0.036458 0.105556
0 0.271615 0.218981 0.027604 0.163889
0 0.280469 0.231019 0.048438 0.171296
0 0.251823 0.136574 0.024479 0.156481
0 0.230990 0.145370 0.028646 0.153704
0 0.292187 0.136574 0.021875 0.154630
0 0.267969 0.112963 0.026562 0.148148
0 0.198958 0.179630 0.027083 0.164815
0 0.203125 0.146296 0.023958 0.142593
0 0.161979 0.192593 0.027083 0.157407
0 0.187240 0.160185 0.025521 0.161111
0 0.124479 0.194444 0.023958 0.151852
0 0.146615 0.170833 0.029687 0.165741
0 0.141667 0.156944 0.030208 0.156481
0 0.151562 0.142593 0.028125 0.153704
0 0.118750 0.174074 0.020833 0.159259
