0 0.667188 0.534722 0.058333 0.308333
0 0.579688 0.489815 0.036458 0.159259
0 0.121354 0.543056 0.072917 0.276852
0 0.470313 0.459722 0.023958 0.110185
0 0.032552 0.513889 0.045312 0.188889
0 0.151042 0.505556 0.034375 0.177778
0 0.076302 0.512500 0.034896 0.169444
0 0.159635 0.489815 0.035937 0.153704
0 0.336458 0.464815 0.022917 0.112963
0 0.445573 0.466667 0.019271 0.100000
0 0.427865 0.451389 0.015104 0.080556
0 0.483073 0.456019 0.019271 0.095370
0 0.461198 0.461574 0.015104 0.095370
0 0.268229 0.457870 0.012500 0.067593
0 0.257812 0.456944 0.010417 0.056481
0 0.275000 0.463889 0.012500 0.070370
0 0.250000 0.454167 0.011458 0.058333
0 0.235677 0.453704 0.010937 0.061111
0 0.221094 0.457870 0.009896 0.050926
0 0.384896 0.451389 0.013542 0.063889
2 0.688802 0.466204 0.021354 0.099074
