1 0.747396 0.634722 0.052083 0.225000
1 0.254167 0.253241 0.038542 0.193519
1 0.089583 0.636111 0.043750 0.227778
1 0.915885 0.519907 0.040104 0.193519
1 0.505469 0.968981 0.038021 0.260185
1 0.351823 0.819444 0.046354 0.231481
7 0.377865 0.242593 0.040104 0.103704
7 0.367969 0.325463 0.029687 0.112037
1 0.429427 0.218519 0.030729 0.161111
1 0.784115 0.120370 0.026562 0.135185
1 0.611198 0.176389 0.025521 0.152778
1 0.572656 0.190741 0.028646 0.170370
1 0.281250 0.190741 0.028125 0.164815
1 0.505208 0.181944 0.036458 0.163889
1 0.069271 0.410648 0.025000 0.173148
1 0.050260 0.393056 0.045312 0.187963
1 0.434115 0.415278 0.042188 0.189815
1 0.467187 0.418981 0.040625 0.176852
1 0.480208 0.175463 0.025000 0.141667
1 0.410938 0.171296 0.023958 0.157407
1 0.380729 0.072222 0.027083 0.150000
1 0.296354 0.023148 0.021875 0.124074
7 0.327344 0.029167 0.031771 0.071296
1 0.132812 0.516204 0.030208 0.182407
7 0.651563 0.082407 0.031250 0.109259
1 0.318750 0.448148 0.033333 0.188889
1 0.272396 0.445833 0.037500 0.206481
1 0.271875 -0.021759 0.026042 0.137963
1 0.228906 -0.022222 0.024479 0.140741
1 0.293750 0.136574 0.023958 0.154630
1 0.190365 0.119907 0.028646 0.149074
1 0.198698 0.180556 0.026562 0.161111
1 0.361198 0.366667 0.027604 0.161111
1 0.164583 0.194907 0.027083 0.156481
1 0.188021 0.165278 0.023958 0.162037
1 0.124479 0.193519 0.028125 0.151852
1 0.143229 0.173611 0.022917 0.165741
1 0.160938 0.159722 0.029167 0.154630
1 0.152083 0.142593 0.028125 0.153704
1 0.117188 0.174074 0.020833 0.159259
1 0.465104 -0.029167 0.018750 0.128704
1 0.203906 0.072222 0.028646 0.148148
1 0.225521 0.577778 0.044792 0.220370
1 0.992188 0.668519 0.039583 0.214815
1 0.853125 0.077315 0.032292 0.134259
1 0.782813 -0.027778 0.021875 0.114815
1 0.139323 0.806481 0.045312 0.246296
1 0.125521 0.736574 0.055208 0.232407
7 0.645833 0.076852 0.032292 0.088889
