0 0.848958 0.650000 0.035417 0.216667
0 0.251563 0.054167 0.032292 0.163889
0 0.410938 0.664815 0.043750 0.227778
0 0.916667 0.518981 0.039583 0.195370
0 0.552604 0.982407 0.043750 0.235185
0 0.351042 0.816667 0.036458 0.231481
2 0.377865 0.242593 0.040104 0.103704
2 0.367969 0.325463 0.029687 0.112037
0 0.426563 0.215278 0.033333 0.158333
0 0.526302 0.020370 0.026562 0.133333
0 0.496875 0.012037 0.028125 0.144444
0 0.330469 0.127315 0.021354 0.134259
0 0.118750 0.359722 0.033333 0.175000
0 0.086719 0.342593 0.027604 0.188889
0 0.558333 0.848148 0.058333 0.240741
0 0.592969 0.849537 0.049479 0.219444
0 0.404687 0.144907 0.022917 0.139815
0 0.433073 0.146296 0.029687 0.153704
0 0.297135 0.022222 0.021354 0.122222
2 0.327344 0.029167 0.031771 0.071296
0 0.235417 0.201852 0.025000 0.146296
2 0.651563 0.082407 0.031250 0.109259
0 0.148698 0.948148 0.042188 0.240741
0 0.154948 0.904167 0.048438 0.256481
0 0.295312 0.185648 0.030208 0.156481
0 0.171875 0.106944 0.027083 0.149074
0 0.200521 0.183333 0.027083 0.161111
0 1.002344 0.764815 0.041146 0.205556
0 0.163542 0.193519 0.026042 0.157407
0 0.196615 0.167593 0.024479 0.162963
0 0.127865 0.200000 0.028646 0.146296
0 0.125781 0.183333 0.027604 0.159259
0 0.162760 0.165278 0.028646 0.156481
0 0.155729 0.146759 0.026042 0.145370
0 0.117708 0.174074 0.020833 0.159259
0 0.467708 0.028241 0.026042 0.149074
0 0.212500 0.299074 0.032292 0.177778
0 0.258333 0.167593 0.034375 0.168519
0 0.886979 0.344907 0.039583 0.184259
0 0.830208 0.322222 0.028125 0.172222
0 0.789062 0.069444 0.030208 0.131481
0 0.961979 0.305093 0.035417 0.162037
0 0.877865 0.063889 0.026562 0.148148
0 0.838802 0.052315 0.027604 0.158333
0 0.228906 0.124537 0.023438 0.156481
0 0.204167 0.131019 0.026042 0.139815
0 0.200521 -0.014815 0.023958 0.122222
0 0.247656 -0.001389 0.026562 0.147222
0 0.211458 -0.003241 0.026042 0.141667
0 0.256510 -0.012963 0.023438 0.133333
2 0.647135 0.071296 0.032813 0.085185
