0 0.628385 0.364352 0.031771 0.132407
0 0.451562 0.361111 0.030208 0.150000
0 0.219531 0.431019 0.107813 0.397222
0 0.498698 0.362963 0.025521 0.135185
0 0.572656 0.337500 0.015104 0.062037
0 0.645312 0.373611 0.026042 0.215741
0 0.332813 0.350000 0.020833 0.094444
0 0.632292 0.375926 0.030208 0.192593
0 0.099219 0.371296 0.036979 0.138889
0 0.037500 0.380093 0.051042 0.158333
0 0.519010 0.336574 0.014063 0.058333
0 0.264323 0.381944 0.023438 0.162037
0 0.536979 0.329630 0.009375 0.038889
0 0.524740 0.329167 0.008854 0.043519
2 0.476562 0.356481 0.023958 0.064815
2 0.494010 0.358796 0.021354 0.063889
0 0.365104 0.337963 0.014583 0.070370
0 0.343229 0.340278 0.018750 0.076852
0 0.375521 0.341204 0.011458 0.058333
