1 0.523698 0.407407 0.034896 0.150000
1 0.463542 0.384259 0.023958 0.116667
1 0.409896 0.386574 0.020833 0.110185
1 0.998177 0.570370 0.111979 0.540741
1 0.052083 0.432870 0.054167 0.225000
1 0.294010 0.396296 0.030729 0.133333
1 0.458854 0.386111 0.021875 0.107407
1 0.469010 0.378241 0.017188 0.093519
1 0.165104 0.400926 0.029167 0.122222
1 0.564583 0.387037 0.030208 0.148148
1 0.507031 0.378704 0.016146 0.103704
1 0.269271 0.386574 0.016667 0.099074
1 0.257812 0.385648 0.014583 0.076852
1 0.266667 0.372685 0.014583 0.052778
1 0.420833 0.368981 0.013542 0.063889
1 0.082552 0.374537 0.010937 0.062037
1 0.110677 0.395370 0.017188 0.094444
7 0.369271 0.375000 0.017708 0.046296
7 0.382812 0.382407 0.015625 0.044444
1 0.107031 0.380556 0.011979 0.059259
7 0.788542 0.404630 0.027083 0.127778
