1 0.846615 0.656019 0.052604 0.217593
1 0.352865 0.632870 0.042188 0.225000
1 0.916146 0.518981 0.039583 0.195370
1 0.498437 0.982407 0.041667 0.235185
1 0.351042 0.816667 0.036458 0.231481
7 0.377865 0.242593 0.040104 0.103704
7 0.367969 0.325463 0.029687 0.112037
1 0.431510 0.208333 0.036979 0.157407
1 0.337240 0.125463 0.020313 0.128704
1 0.196094 0.235185 0.027604 0.153704
1 0.206771 0.244444 0.033333 0.177778
1 0.405208 0.142130 0.028125 0.147222
1 0.396354 0.109722 0.028125 0.152778
1 0.302083 0.016204 0.028125 0.123148
7 0.327344 0.029167 0.031771 0.071296
7 0.651563 0.081481 0.031250 0.109259
1 0.298177 0.187500 0.026562 0.154630
1 0.174740 0.050000 0.023438 0.138889
1 0.205469 0.179630 0.029687 0.157407
1 0.164062 0.194444 0.026042 0.155556
1 0.198958 0.157870 0.023958 0.158333
1 0.133594 0.203704 0.027604 0.153704
1 0.121354 0.180556 0.027083 0.170370
1 0.152344 0.161574 0.031771 0.156481
1 0.190885 0.144444 0.025521 0.150000
1 0.119271 0.163889 0.020833 0.159259
1 0.467187 -0.025463 0.026042 0.147222
1 0.198177 0.890741 0.048438 0.246296
1 0.497656 0.384259 0.032813 0.194444
1 0.455208 0.394444 0.035417 0.192593
1 0.645312 0.760648 0.043750 0.250926
1 0.929948 0.741667 0.047396 0.227778
1 0.962500 0.698611 0.037500 0.225000
1 0.770573 0.020370 0.029687 0.133333
1 0.734635 0.017593 0.023438 0.137037
1 0.947917 0.241667 0.035417 0.166667
1 0.880729 0.206481 0.027083 0.155556
1 0.782552 0.226852 0.034896 0.148148
1 0.629167 0.183333 0.028125 0.153704
1 0.451042 -0.007870 0.023958 0.147222
1 0.414844 -0.012037 0.023438 0.142593
1 0.396875 0.008333 0.027083 0.135185
1 0.269792 0.132870 0.027083 0.141667
1 0.220052 0.502315 0.032813 0.200926
1 0.179167 0.503704 0.043750 0.183333
1 0.246875 0.142593 0.028125 0.161111
1 0.242708 0.080093 0.030208 0.143519
1 0.212500 0.051389 0.028125 0.141667
1 0.115625 0.055093 0.021875 0.126852
1 0.229948 0.334259 0.035937 0.177778
1 0.182292 0.329630 0.032292 0.177778
1 0.274219 0.314815 0.033854 0.168519
1 0.380990 -0.005556 0.020313 0.124074
