1 0.846094 0.654630 0.051562 0.214815
1 0.361719 0.649074 0.043229 0.233333
1 0.916146 0.516667 0.038542 0.196296
1 0.470313 0.984722 0.040625 0.228704
1 0.351042 0.816667 0.036458 0.231481
7 0.377865 0.242593 0.040104 0.103704
7 0.367969 0.325463 0.029687 0.112037
1 0.430208 0.208796 0.037500 0.160185
1 0.336979 0.125463 0.020833 0.128704
1 0.193490 0.239352 0.024479 0.156481
1 0.170313 0.239352 0.033333 0.176852
1 0.405990 0.139352 0.028646 0.147222
1 0.398958 0.116204 0.029167 0.156481
1 0.300781 0.018056 0.026562 0.121296
7 0.327344 0.029167 0.031771 0.071296
1 0.250000 0.001389 0.022917 0.119444
7 0.651563 0.081481 0.031250 0.109259
1 0.305729 0.188426 0.030208 0.158333
1 0.174740 0.049074 0.023438 0.138889
1 0.200000 0.178704 0.025000 0.159259
1 0.163021 0.192593 0.026042 0.155556
1 0.189323 0.165741 0.024479 0.161111
1 0.137500 0.200000 0.025000 0.153704
1 0.124740 0.181481 0.025521 0.166667
1 0.151302 0.166204 0.027604 0.162037
1 0.175521 0.150000 0.026042 0.150000
1 0.118750 0.171296 0.020833 0.159259
1 0.467187 -0.025463 0.026042 0.147222
1 0.161458 0.646759 0.041667 0.221296
1 0.557813 0.596296 0.041667 0.216667
1 0.511979 0.618056 0.036458 0.219444
1 0.810677 0.104167 0.027604 0.150926
1 0.752604 0.105093 0.026042 0.143519
1 0.870313 0.083796 0.030208 0.145370
1 0.821615 0.058333 0.024479 0.133333
1 0.781771 0.118519 0.030208 0.138889
1 0.570312 0.013889 0.027083 0.144444
1 0.391146 -0.000463 0.021875 0.125000
1 0.272656 0.024074 0.023438 0.124074
1 0.240885 0.335648 0.027604 0.180556
1 0.206771 0.336574 0.043750 0.163889
1 0.171615 0.132870 0.023438 0.160185
1 0.238281 -0.024074 0.022396 0.125926
1 0.145833 0.047685 0.027083 0.128704
1 0.263021 0.201852 0.030208 0.164815
1 0.233594 0.196296 0.027604 0.159259
1 0.262760 0.178704 0.027604 0.157407
1 0.410938 -0.003241 0.022917 0.128704
