1 0.892969 0.579630 0.038021 0.127778
1 0.710677 0.574074 0.025521 0.124074
1 0.086458 0.571296 0.015625 0.074074
1 0.628385 0.566667 0.025521 0.103704
1 0.567187 0.536574 0.012500 0.069444
1 0.004167 0.577315 0.010417 0.071296
1 0.433333 0.503241 0.007292 0.045370
1 0.078906 0.574074 0.011979 0.077778
1 0.078646 0.583796 0.013542 0.073148
1 0.015625 0.580093 0.015625 0.082407
1 0.025260 0.571296 0.014063 0.081481
1 0.517448 0.521296 0.013021 0.059259
1 0.507292 0.524074 0.011458 0.061111
1 0.565625 0.540741 0.014583 0.066667
1 0.580208 0.534722 0.014583 0.080556
1 0.594531 0.536111 0.016146 0.079630
1 0.535677 0.522685 0.016146 0.063889
1 0.552344 0.518519 0.013021 0.061111
1 0.487760 0.525000 0.011979 0.066667
1 0.462760 0.522222 0.011979 0.057407
