1 0.734375 0.637037 0.053125 0.224074
1 0.239063 0.343519 0.038542 0.203704
1 0.074219 0.620833 0.043229 0.232407
1 0.916146 0.519907 0.039583 0.193519
1 0.570052 0.974074 0.040104 0.250000
1 0.353646 0.820833 0.052083 0.232407
7 0.377865 0.242593 0.040104 0.103704
7 0.367969 0.325463 0.029687 0.112037
1 0.429688 0.218519 0.031250 0.161111
1 0.789583 0.131944 0.027083 0.136111
1 0.702865 0.234722 0.025521 0.145370
1 0.691146 0.243056 0.029167 0.165741
1 0.330469 0.237500 0.033854 0.145370
1 0.471354 0.278241 0.036458 0.176852
1 0.069010 0.410648 0.024479 0.173148
1 0.079167 0.393056 0.029167 0.187963
1 0.414062 0.308333 0.032292 0.172222
1 0.436458 0.314815 0.030208 0.162963
1 0.626823 0.228704 0.026562 0.148148
1 0.558594 0.203241 0.039062 0.156481
1 0.380469 0.071296 0.027604 0.150000
1 0.299219 0.020370 0.024479 0.124074
7 0.327344 0.029167 0.031771 0.071296
1 0.105208 0.678704 0.040625 0.200000
7 0.651563 0.081944 0.031250 0.108333
1 0.318750 0.322685 0.029167 0.176852
1 0.291667 0.337500 0.028125 0.189815
1 0.249740 0.048148 0.025521 0.140741
1 0.210938 0.047685 0.022917 0.147222
1 0.293229 0.136574 0.025000 0.154630
1 0.257031 0.108796 0.025521 0.147222
1 0.199219 0.179167 0.027604 0.162037
1 0.266406 0.253704 0.029687 0.155556
1 0.164062 0.194444 0.027083 0.157407
1 0.190625 0.162963 0.022917 0.161111
1 0.126562 0.192130 0.026042 0.152778
1 0.148438 0.170833 0.027083 0.171296
1 0.161458 0.151852 0.029167 0.155556
1 0.153125 0.142593 0.028125 0.153704
1 0.117188 0.174074 0.020833 0.159259
1 0.489063 -0.045370 0.021875 0.107407
1 0.201563 0.005556 0.022917 0.142593
1 0.230469 0.795370 0.049479 0.244444
1 0.797135 0.001389 0.024479 0.126852
7 0.646094 0.076389 0.032813 0.095370
