1 0.619010 0.366204 0.030729 0.132407
1 0.448437 0.362963 0.030208 0.159259
1 0.110156 0.522685 0.172396 0.563889
1 0.492708 0.362963 0.026042 0.144444
1 0.615365 0.342593 0.023438 0.088889
1 0.714323 0.397222 0.046354 0.301852
1 0.370312 0.355556 0.019792 0.100000
1 0.700781 0.391204 0.044271 0.271296
1 0.542708 0.334722 0.014583 0.060185
1 0.195833 0.410648 0.032292 0.247222
1 0.567708 0.338426 0.009375 0.047222
1 0.552604 0.331481 0.011458 0.051852
7 0.513021 0.368519 0.022917 0.072222
1 0.333854 0.343519 0.016667 0.064815
1 0.386979 0.335648 0.012500 0.060185
1 0.396875 0.337500 0.011458 0.058333
