1 0.076302 0.699074 0.023438 0.151852
1 0.669271 0.522685 0.010417 0.049074
1 0.057552 0.700926 0.019271 0.142593
1 0.057552 0.716204 0.017188 0.141667
1 0.044531 0.725000 0.021354 0.144444
1 0.721354 0.512500 0.010417 0.050926
1 0.814323 0.549074 0.017188 0.090741
1 0.791667 0.548611 0.020833 0.082407
1 0.710938 0.511574 0.012500 0.052778
1 0.700781 0.510648 0.016146 0.056481
1 0.774479 0.703241 0.039583 0.180556
1 0.844792 0.675463 0.045833 0.171296
1 0.723698 0.651389 0.035937 0.173148
1 0.804948 0.553704 0.018229 0.085185
1 0.738802 0.655556 0.031771 0.187037
1 0.747656 0.554167 0.018229 0.075000
1 0.769531 0.553241 0.020313 0.075000
1 0.850260 0.581944 0.023438 0.089815
1 0.839323 0.660185 0.026562 0.166667
1 0.873177 0.591667 0.023438 0.112963
1 0.721615 0.558333 0.023438 0.087037
