0 0.845052 0.654630 0.049479 0.214815
0 0.215885 0.609259 0.051562 0.231481
0 0.916406 0.518519 0.050521 0.192593
0 0.452344 0.976852 0.042188 0.144444
0 0.351042 0.816667 0.036458 0.231481
2 0.377865 0.242593 0.040104 0.103704
2 0.367969 0.325463 0.029687 0.112037
0 0.432031 0.212037 0.027604 0.159259
0 0.337500 0.125926 0.020833 0.129630
0 0.169792 0.282870 0.029167 0.165741
0 0.142708 0.278704 0.030208 0.183333
0 0.402865 0.145370 0.024479 0.140741
0 0.404167 0.125000 0.028125 0.157407
0 0.263021 0.100000 0.022917 0.133333
2 0.651563 0.082407 0.031250 0.109259
0 0.306250 0.183333 0.026042 0.162963
0 0.200000 0.182407 0.025000 0.159259
0 0.163021 0.193519 0.025000 0.155556
0 0.194792 0.168519 0.026042 0.157407
0 0.129948 0.199537 0.027604 0.149074
0 0.121875 0.180556 0.026042 0.168519
0 0.149479 0.168056 0.029167 0.162037
0 0.156771 0.141667 0.027083 0.151852
0 0.118229 0.174074 0.020833 0.159259
0 0.178906 0.437963 0.033854 0.194444
0 0.725781 0.890741 0.050521 0.228704
0 0.678646 0.905556 0.046875 0.209259
0 0.858594 0.220833 0.034896 0.167593
0 0.788542 0.213426 0.027083 0.158333
0 0.786458 0.072222 0.030208 0.131481
0 0.265625 0.202315 0.022917 0.163889
0 0.235417 0.206481 0.030208 0.148148
0 0.225781 0.091667 0.027604 0.148148
0 0.195312 0.084722 0.026042 0.141667
0 0.229687 0.073148 0.022917 0.140741
