1 0.134635 0.650926 0.019271 0.129630
1 0.646875 0.509722 0.012500 0.052778
1 0.118490 0.650926 0.020313 0.125926
1 0.122656 0.662963 0.017188 0.124074
1 0.113021 0.669444 0.015625 0.118519
1 0.024219 0.662500 0.025521 0.123148
1 0.700781 0.494907 0.010937 0.050926
1 0.775521 0.526852 0.015625 0.077778
1 0.803906 0.540741 0.015104 0.072222
1 0.686719 0.499537 0.011979 0.052778
1 0.675521 0.497222 0.014583 0.053704
1 0.758333 0.629630 0.028125 0.140741
1 0.825781 0.612963 0.024479 0.144444
1 0.728906 0.606944 0.021354 0.147222
1 0.769271 0.531019 0.016667 0.076852
1 0.942187 0.556481 0.021875 0.111111
1 0.755729 0.605556 0.019792 0.153704
1 0.013542 0.663889 0.031250 0.133333
1 0.736458 0.537037 0.016667 0.077778
1 0.754948 0.533796 0.015104 0.065741
1 0.784635 0.554630 0.015104 0.081481
1 0.816927 0.601389 0.027604 0.141667
1 0.810417 0.550926 0.014583 0.075926
1 0.701823 0.533796 0.022396 0.069444
1 0.728125 0.531019 0.013542 0.058333
1 0.716927 0.532407 0.013021 0.059259
