1 0.845833 0.654630 0.051042 0.214815
1 0.345573 0.652778 0.042188 0.229630
1 0.916406 0.516667 0.038021 0.196296
1 0.474479 0.982407 0.043750 0.229630
1 0.351042 0.816667 0.036458 0.231481
7 0.377865 0.242593 0.040104 0.103704
7 0.367969 0.325463 0.029687 0.112037
1 0.422656 0.202778 0.026562 0.162963
1 0.336979 0.125463 0.020833 0.128704
1 0.193229 0.248611 0.025000 0.162037
1 0.159896 0.244907 0.029167 0.180556
1 0.405208 0.141204 0.029167 0.147222
1 0.398958 0.114815 0.028125 0.155556
1 0.300521 0.018056 0.026042 0.121296
7 0.327344 0.029167 0.031771 0.071296
1 0.240365 0.014352 0.021354 0.123148
7 0.651563 0.081481 0.031250 0.109259
1 0.302344 0.187037 0.032813 0.159259
1 0.174740 0.049074 0.023438 0.138889
1 0.200000 0.179630 0.025000 0.159259
1 0.163021 0.192593 0.026042 0.155556
1 0.191406 0.165741 0.024479 0.161111
1 0.134115 0.200463 0.025521 0.150926
1 0.121615 0.181019 0.025521 0.167593
1 0.147656 0.166667 0.028646 0.161111
1 0.178646 0.150000 0.026042 0.150000
1 0.118750 0.173148 0.020833 0.159259
1 0.467187 -0.025463 0.026042 0.147222
1 0.166146 0.599537 0.039583 0.219444
1 0.579948 0.648611 0.036979 0.228704
1 0.540885 0.667593 0.040104 0.214815
1 0.821615 0.127315 0.031771 0.156481
1 0.761458 0.125000 0.025000 0.146296
1 0.856250 0.056944 0.029167 0.136111
1 0.808594 0.032407 0.023438 0.135185
1 0.783854 0.099074 0.031250 0.137037
1 0.566146 -0.015278 0.023958 0.137963
1 0.390365 -0.014352 0.022396 0.125000
1 0.272917 0.004167 0.018750 0.125000
1 0.244271 0.306019 0.028125 0.176852
1 0.216406 0.306019 0.038021 0.162037
1 0.133594 0.137500 0.023438 0.160185
1 0.145833 0.047685 0.027083 0.128704
1 0.264844 0.173611 0.032813 0.162037
1 0.234375 0.171296 0.028125 0.159259
1 0.265885 0.152315 0.027604 0.149074
1 0.414844 -0.004167 0.023438 0.128704
