1 0.410156 0.373148 0.091146 0.442593
1 0.488021 0.364815 0.093750 0.483333
1 0.223438 0.383333 0.160417 0.629630
1 0.293229 0.382870 0.080208 0.439815
1 0.607292 0.381019 0.065625 0.365741
1 0.694792 0.333796 0.018750 0.110185
1 0.336458 0.333333 0.034375 0.179630
1 0.559115 0.335648 0.022396 0.115741
1 0.673177 0.332407 0.015104 0.096296
1 0.656250 0.325926 0.013542 0.081481
1 0.804427 0.333796 0.017188 0.095370
1 0.926823 0.334722 0.024479 0.113889
1 0.894271 0.338426 0.017708 0.086111
1 0.907031 0.333333 0.019271 0.092593
1 0.718490 0.327315 0.013021 0.058333
1 0.962240 0.340278 0.018229 0.106481
