1 0.419010 0.371296 0.091146 0.442593
1 0.492448 0.361111 0.096354 0.483333
1 0.240365 0.379167 0.154688 0.604630
1 0.310677 0.380093 0.076563 0.419444
1 0.613281 0.375000 0.064062 0.362963
1 0.702083 0.328241 0.018750 0.110185
1 0.349479 0.324074 0.034375 0.179630
1 0.567448 0.329167 0.022396 0.115741
1 0.677344 0.328704 0.015104 0.096296
1 0.661719 0.319907 0.013021 0.080556
1 0.813281 0.329167 0.017188 0.095370
1 0.935417 0.330556 0.020833 0.114815
1 0.902604 0.331944 0.017708 0.086111
1 0.916927 0.324074 0.019271 0.092593
1 0.726302 0.321759 0.013021 0.058333
1 0.973177 0.334722 0.018229 0.106481
