1 0.445312 0.443519 0.036458 0.159259
1 0.380729 0.413889 0.025000 0.118519
1 0.294531 0.409722 0.018229 0.093519
1 0.940885 0.604167 0.127604 0.493519
1 0.202865 0.419907 0.022396 0.126852
1 0.359896 0.422222 0.021875 0.107407
1 0.361979 0.408796 0.018750 0.093519
1 0.445312 0.414815 0.022917 0.118519
1 0.395573 0.413426 0.016146 0.102778
1 0.169271 0.410185 0.017708 0.087037
1 0.158594 0.418056 0.014063 0.069444
1 0.191146 0.418056 0.017708 0.087963
1 0.147917 0.404167 0.014583 0.056481
1 0.316146 0.398611 0.013542 0.063889
7 0.259115 0.405093 0.019271 0.045370
7 0.272396 0.409259 0.015625 0.044444
7 0.655990 0.426852 0.022396 0.114815
