1 0.590365 0.325463 0.026562 0.130556
1 0.401042 0.333333 0.032292 0.159259
1 0.447135 0.333333 0.025521 0.146296
1 0.627083 0.318519 0.031250 0.111111
1 0.785417 0.392593 0.063542 0.450000
1 0.370052 0.322222 0.021354 0.103704
1 0.757031 0.391667 0.063021 0.381481
1 0.523438 0.303241 0.015625 0.063889
1 0.034635 0.425463 0.055729 0.345370
1 0.061458 0.323148 0.031250 0.122222
1 0.092969 0.323148 0.020313 0.087037
1 0.553125 0.303241 0.012500 0.052778
1 0.541146 0.301852 0.010417 0.051852
7 0.475260 0.333796 0.024479 0.087963
7 0.499479 0.341667 0.026042 0.085185
1 0.308073 0.304167 0.013021 0.045370
1 0.320052 0.307407 0.010937 0.046296
1 0.333073 0.302778 0.010937 0.038889
1 0.338802 0.300463 0.010937 0.041667
1 0.384375 0.315741 0.011458 0.057407
1 0.348177 0.298148 0.010937 0.037037
1 0.356250 0.298611 0.010417 0.037963
