1 0.758854 0.637037 0.050000 0.225926
1 0.254948 0.241667 0.038021 0.192593
1 0.107552 0.643056 0.044271 0.230556
1 0.915885 0.519907 0.040104 0.193519
1 0.511979 0.972222 0.042708 0.253704
1 0.351042 0.818981 0.044792 0.230556
7 0.377865 0.242593 0.040104 0.103704
7 0.367969 0.325463 0.029687 0.112037
1 0.429427 0.218519 0.030729 0.161111
1 0.783073 0.110185 0.026562 0.135185
1 0.600260 0.167130 0.028646 0.150926
1 0.562760 0.183333 0.029687 0.170370
1 0.280469 0.189352 0.027604 0.165741
1 0.506771 0.170370 0.035417 0.162963
1 0.069531 0.410648 0.025521 0.173148
1 0.050781 0.393056 0.044271 0.187963
1 0.440625 0.429630 0.042708 0.198148
1 0.474740 0.432870 0.040104 0.176852
1 0.466667 0.172685 0.022917 0.139815
1 0.405208 0.170833 0.023958 0.158333
1 0.380469 0.072685 0.026562 0.149074
1 0.296875 0.023148 0.021875 0.124074
7 0.327344 0.029167 0.031771 0.071296
1 0.135156 0.501389 0.030729 0.186111
7 0.651563 0.082407 0.031250 0.109259
1 0.312500 0.463889 0.032292 0.190741
1 0.267969 0.461111 0.036979 0.207407
1 0.274479 -0.030093 0.026042 0.136111
1 0.238802 -0.024074 0.027604 0.135185
1 0.293750 0.136574 0.023958 0.154630
1 0.182292 0.122685 0.027083 0.149074
1 0.198437 0.181481 0.026042 0.161111
1 0.378646 0.382870 0.031250 0.163889
1 0.164583 0.194907 0.027083 0.156481
1 0.188281 0.165741 0.023438 0.162963
1 0.125521 0.193056 0.029167 0.150926
1 0.141667 0.174537 0.022917 0.169444
1 0.160677 0.162500 0.028646 0.149074
1 0.152083 0.142593 0.028125 0.153704
1 0.117188 0.174074 0.020833 0.159259
1 0.465625 -0.024074 0.018750 0.133333
1 0.211458 0.081019 0.030208 0.147222
1 0.219531 0.553704 0.046354 0.220370
1 0.989583 0.651852 0.039583 0.214815
1 0.865625 0.085185 0.031250 0.135185
1 0.789323 -0.016204 0.022396 0.117593
1 0.151562 0.831019 0.045833 0.249074
1 0.150521 0.761574 0.045833 0.237963
1 0.713281 -0.034259 0.029687 0.129630
7 0.645833 0.076852 0.032292 0.088889
