1 0.845313 0.654630 0.050000 0.214815
1 0.225521 0.618519 0.040625 0.225926
1 0.915885 0.518056 0.048438 0.191667
1 0.464323 0.982870 0.043229 0.234259
1 0.351042 0.816667 0.036458 0.231481
7 0.377865 0.242593 0.040104 0.103704
7 0.367969 0.325463 0.029687 0.112037
1 0.426302 0.209722 0.023438 0.160185
1 0.336979 0.125463 0.020833 0.128704
1 0.176042 0.269444 0.031250 0.159259
1 0.149479 0.269907 0.029167 0.184259
1 0.402865 0.145833 0.024479 0.139815
1 0.404167 0.123148 0.028125 0.157407
1 0.298958 0.019444 0.023958 0.122222
7 0.327344 0.029167 0.031771 0.071296
1 0.255990 0.081944 0.022396 0.128704
7 0.651563 0.081481 0.031250 0.109259
1 0.303385 0.185185 0.028646 0.162963
1 0.182552 0.049537 0.026562 0.139815
1 0.200000 0.181481 0.025000 0.159259
1 0.163021 0.193519 0.025000 0.155556
1 0.194792 0.166204 0.025000 0.162037
1 0.134375 0.198611 0.025000 0.150926
1 0.121875 0.179167 0.026042 0.171296
1 0.147917 0.165278 0.029167 0.162037
1 0.158594 0.141667 0.027604 0.151852
1 0.118229 0.174074 0.020833 0.159259
1 0.471094 -0.017130 0.025521 0.149074
1 0.173177 0.472222 0.038021 0.200000
1 0.258073 0.014815 0.030729 0.148148
1 0.686458 0.843519 0.047917 0.255556
1 0.641406 0.855556 0.045312 0.250000
1 0.850260 0.197685 0.032813 0.165741
1 0.781250 0.191204 0.025000 0.160185
1 0.751042 -0.008333 0.021875 0.120370
1 0.784635 -0.039815 0.022396 0.116667
1 0.785417 0.072222 0.030208 0.131481
1 0.807292 -0.039352 0.026042 0.117593
1 0.263021 0.227315 0.025000 0.163889
1 0.232292 0.231019 0.036458 0.150926
1 0.147135 0.046759 0.024479 0.130556
1 0.230990 0.105093 0.031771 0.147222
1 0.202604 0.101852 0.027083 0.140741
1 0.235677 0.088889 0.025521 0.142593
1 0.836458 -0.003241 0.020833 0.078704
1 0.524219 0.012037 0.035937 0.129630
