0 0.425000 0.543981 0.114583 0.623148
0 0.042969 0.648148 0.275521 1.201852
0 0.345313 0.460648 0.031250 0.145370
0 0.385417 0.450000 0.037500 0.177778
0 0.786979 0.420370 0.023958 0.125926
0 0.573698 0.503704 0.096354 0.424074
0 0.926042 0.425000 0.018750 0.098148
0 0.917188 0.426389 0.017708 0.087963
0 0.229167 0.499074 0.052083 0.305556
0 0.495833 0.467593 0.048958 0.303704
0 0.510417 0.456944 0.044792 0.212037
0 0.650781 0.435185 0.023438 0.109259
0 0.657292 0.437500 0.017708 0.102778
0 0.710156 0.735648 0.013021 0.047222
0 0.370052 0.447222 0.019271 0.100000
