0 0.853906 0.697222 0.042188 0.224074
0 0.253646 0.157407 0.035417 0.179630
0 0.347917 0.632407 0.047917 0.227778
0 0.915365 0.519907 0.041146 0.193519
0 0.531250 0.967130 0.046875 0.262037
0 0.351042 0.816667 0.036458 0.231481
2 0.377865 0.242593 0.040104 0.103704
2 0.367969 0.325463 0.029687 0.112037
0 0.429427 0.218519 0.030729 0.161111
0 0.761719 0.015278 0.026562 0.121296
0 0.541927 0.117593 0.027604 0.148148
0 0.510938 0.106944 0.031250 0.162037
0 0.275000 0.149074 0.026042 0.155556
0 0.494010 0.051852 0.028646 0.138889
0 0.070052 0.410648 0.026562 0.173148
0 0.054427 0.392130 0.036979 0.186111
0 0.464323 0.570370 0.044271 0.212963
0 0.495573 0.575926 0.036979 0.196296
0 0.406250 0.158796 0.029167 0.115741
0 0.382552 0.163426 0.028646 0.154630
0 0.381510 0.066204 0.026562 0.139815
0 0.297135 0.022685 0.021354 0.123148
2 0.327344 0.029167 0.031771 0.071296
0 0.121615 0.355556 0.027604 0.168519
2 0.651563 0.082407 0.031250 0.109259
0 0.248438 0.633333 0.036458 0.211111
0 0.194531 0.621296 0.047396 0.227778
0 0.295573 0.135185 0.028646 0.151852
0 0.181771 0.127315 0.032292 0.150926
0 0.200521 0.180556 0.027083 0.162963
0 0.598958 0.520370 0.037500 0.185185
0 0.160938 0.195833 0.027083 0.156481
0 0.194271 0.163426 0.026042 0.162037
0 0.128906 0.201852 0.028646 0.144444
0 0.133594 0.186574 0.032813 0.158333
0 0.148958 0.155556 0.029167 0.161111
0 0.147917 0.142130 0.025000 0.152778
0 0.117708 0.174074 0.020833 0.159259
0 0.444792 0.032407 0.028125 0.146296
0 0.236979 0.152778 0.029167 0.161111
0 0.252344 0.365741 0.042188 0.194444
0 0.945052 0.498148 0.034896 0.192593
0 0.821354 -0.006944 0.026042 0.134259
0 0.940365 0.175463 0.033854 0.149074
0 0.948438 0.136111 0.033333 0.153704
0 0.872656 0.105093 0.039062 0.154630
0 0.315625 1.012037 0.046875 0.175926
0 0.234375 0.022222 0.023958 0.127778
0 0.207813 0.031481 0.032292 0.129630
0 0.722396 -0.034722 0.033333 0.128704
2 0.646615 0.075463 0.032813 0.086111
0 0.651042 0.075926 0.034375 0.083333
