1 0.664062 0.536111 0.063542 0.327778
1 0.565104 0.486111 0.038542 0.162963
1 0.090625 0.550000 0.082292 0.290741
1 0.460938 0.458333 0.023958 0.112963
1 0.011719 0.512963 0.045312 0.192593
1 0.131771 0.504167 0.035417 0.186111
1 0.057292 0.511574 0.033333 0.173148
1 0.143750 0.488426 0.036458 0.158333
1 0.322135 0.465278 0.022396 0.113889
1 0.433854 0.462500 0.020833 0.100926
1 0.415885 0.451389 0.017188 0.082407
1 0.474219 0.455093 0.019271 0.095370
1 0.450781 0.459259 0.015104 0.098148
1 0.255729 0.457870 0.012500 0.067593
1 0.245312 0.456481 0.010417 0.057407
1 0.263281 0.462037 0.013021 0.072222
1 0.238021 0.453241 0.011458 0.058333
1 0.225260 0.453704 0.010937 0.061111
1 0.209115 0.454167 0.009896 0.052778
1 0.373958 0.448611 0.013542 0.063889
