1 0.479427 0.392593 0.034896 0.153704
1 0.424479 0.375463 0.026042 0.123148
1 0.382812 0.380093 0.021875 0.117593
1 0.859115 0.570833 0.101562 0.586111
1 0.954427 0.562963 0.114062 0.598148
1 0.288281 0.393056 0.039062 0.149074
1 0.430729 0.366204 0.021875 0.110185
1 0.444271 0.362037 0.017708 0.100000
1 0.129948 0.396759 0.025521 0.121296
1 0.563281 0.380556 0.033854 0.185185
1 0.450781 0.362500 0.017188 0.091667
1 0.489063 0.362500 0.017708 0.106481
1 0.225000 0.384722 0.020833 0.110185
1 0.213281 0.375463 0.015104 0.087963
1 0.504687 0.364352 0.020833 0.086111
1 0.258594 0.385648 0.017188 0.100926
1 0.242708 0.371296 0.012500 0.057407
1 0.397135 0.362500 0.013021 0.063889
1 0.031250 0.375926 0.011458 0.066667
1 0.059896 0.393056 0.020833 0.099074
7 0.348438 0.373611 0.018750 0.049074
7 0.360417 0.373148 0.015625 0.044444
1 0.066406 0.371296 0.013021 0.061111
7 0.792708 0.389352 0.030208 0.152778
1 0.253385 0.369444 0.011979 0.048148
