1 0.604948 0.370370 0.031771 0.140741
1 0.531771 0.356481 0.030208 0.133333
1 0.510938 0.355093 0.028125 0.150926
1 0.797917 0.606019 0.115625 0.678704
1 0.956510 0.611111 0.142187 0.716667
1 0.378385 0.362963 0.032813 0.183333
1 0.541927 0.355093 0.022396 0.119444
1 0.558333 0.325926 0.010417 0.042593
1 0.039583 0.374074 0.037500 0.179630
1 0.587500 0.348611 0.021875 0.123148
1 0.924479 0.458796 0.103125 0.475000
1 0.591667 0.348148 0.018750 0.111111
1 0.648958 0.347685 0.017708 0.106481
1 0.299479 0.346759 0.027083 0.141667
1 0.284896 0.353704 0.020833 0.120370
1 0.159375 0.323148 0.016667 0.077778
1 0.165885 0.344444 0.020313 0.109259
7 0.496354 0.341667 0.018750 0.050000
1 0.177344 0.320833 0.017188 0.071296
1 0.441667 0.326389 0.011458 0.056481
1 0.426823 0.331481 0.008854 0.061111
1 0.394531 0.323148 0.010937 0.051852
1 -0.009375 0.377778 0.036458 0.187037
1 0.408854 0.328704 0.011458 0.048148
