0 0.735156 0.637037 0.053646 0.224074
0 0.246875 0.271296 0.038542 0.196296
0 0.075000 0.629167 0.043750 0.228704
0 0.915885 0.519907 0.040104 0.193519
0 0.504948 0.964352 0.036979 0.263889
0 0.352604 0.820370 0.048958 0.231481
2 0.377865 0.242593 0.040104 0.103704
2 0.367969 0.325463 0.029687 0.112037
0 0.429427 0.218519 0.030729 0.161111
0 0.790104 0.131019 0.027083 0.137963
0 0.626563 0.187500 0.023958 0.150926
0 0.585677 0.199537 0.033854 0.167593
0 0.281771 0.193056 0.025000 0.163889
0 0.497396 0.201852 0.036458 0.164815
0 0.069271 0.410648 0.025000 0.173148
0 0.061458 0.390278 0.033333 0.182407
0 0.425521 0.396296 0.037500 0.190741
0 0.454948 0.399537 0.038021 0.176852
0 0.508854 0.183333 0.017708 0.142593
0 0.428125 0.173611 0.021875 0.152778
0 0.380729 0.072222 0.027083 0.150000
0 0.295833 0.023148 0.021875 0.124074
2 0.327344 0.029167 0.031771 0.071296
0 0.129167 0.548148 0.030208 0.190741
2 0.651563 0.082407 0.031250 0.109259
0 0.323177 0.417130 0.031771 0.180556
0 0.280990 0.420833 0.035937 0.199074
0 0.263021 -0.009722 0.026042 0.137963
0 0.222135 -0.008333 0.022396 0.142593
0 0.293750 0.136574 0.023958 0.154630
0 0.198177 0.116204 0.026562 0.150926
0 0.198958 0.179167 0.027083 0.162037
0 0.330990 0.347685 0.028646 0.162037
0 0.164583 0.194907 0.027083 0.156481
0 0.187500 0.164352 0.022917 0.156481
0 0.124479 0.193519 0.028125 0.151852
0 0.145833 0.172685 0.025000 0.165741
0 0.160938 0.157407 0.029167 0.155556
0 0.152604 0.142593 0.028125 0.153704
0 0.117188 0.174074 0.020833 0.159259
0 0.471354 -0.033796 0.018750 0.130556
0 0.197917 0.060185 0.028125 0.148148
0 0.222396 0.612963 0.047917 0.225926
0 1.003125 0.705556 0.039583 0.214815
0 0.838021 0.065278 0.030208 0.132407
0 0.110937 0.762037 0.051042 0.233333
0 0.084375 0.703704 0.045833 0.227778
2 0.645833 0.076852 0.032292 0.090741
