1 0.858333 0.566204 0.025000 0.113889
1 0.761979 0.562500 0.022917 0.110185
1 0.195312 0.538889 0.013542 0.066667
1 0.641667 0.519907 0.013542 0.058333
1 0.627344 0.536111 0.018229 0.087037
1 0.650000 0.518981 0.011458 0.056481
1 0.150260 0.537963 0.009896 0.057407
1 0.480469 0.489352 0.009896 0.043519
1 0.662500 0.514815 0.012500 0.064815
1 0.189844 0.536111 0.009896 0.064815
1 0.192969 0.543981 0.011979 0.060185
1 0.142187 0.537500 0.012500 0.067593
1 0.164062 0.531944 0.012500 0.062037
1 0.511719 0.507870 0.010937 0.054630
1 0.520312 0.508333 0.009375 0.051852
1 0.576823 0.508333 0.015104 0.057407
1 0.565104 0.510185 0.011458 0.057407
1 0.669010 0.515278 0.015104 0.065741
1 0.614062 0.504630 0.009375 0.061111
1 0.630729 0.504630 0.014583 0.059259
1 0.529687 0.507407 0.011458 0.046296
