1 0.884115 0.654167 0.130729 0.710185
1 0.465625 0.462963 0.037500 0.161111
1 0.392708 0.439815 0.025000 0.116667
1 0.280469 0.430093 0.020313 0.086111
1 0.015885 0.468056 0.043229 0.195370
1 0.238021 0.440741 0.032292 0.122222
1 0.368750 0.436111 0.021875 0.107407
1 0.363021 0.431019 0.017708 0.089815
1 0.050521 0.459722 0.030208 0.134259
1 0.438542 0.437037 0.020833 0.112963
1 0.317708 0.424537 0.013542 0.063889
7 0.259635 0.428241 0.019271 0.045370
7 0.271615 0.432407 0.016146 0.042593
7 0.644271 0.451852 0.021875 0.112963
