1 0.844010 0.651389 0.044271 0.219444
1 0.255729 0.043519 0.031250 0.162963
1 0.391146 0.648611 0.040625 0.228704
1 0.915104 0.519907 0.042708 0.193519
1 0.544271 0.976389 0.040625 0.241667
1 0.351042 0.816667 0.036458 0.231481
7 0.377865 0.242593 0.040104 0.103704
7 0.367969 0.325463 0.029687 0.112037
1 0.432031 0.212963 0.032813 0.157407
1 0.523177 0.008796 0.026562 0.132407
1 0.494271 0.004630 0.028125 0.144444
1 0.332813 0.127315 0.021875 0.132407
1 0.126823 0.346759 0.031771 0.173148
1 0.094792 0.332870 0.031250 0.191667
1 0.574479 0.887037 0.067708 0.246296
1 0.611458 0.886111 0.050000 0.229630
1 0.403906 0.145370 0.021354 0.140741
1 0.441406 0.137037 0.027604 0.151852
1 0.297135 0.021296 0.021354 0.122222
7 0.327344 0.029167 0.031771 0.071296
1 0.249740 0.183333 0.025521 0.146296
7 0.651563 0.082407 0.031250 0.109259
1 0.150521 0.980556 0.042708 0.229630
1 0.177865 0.933796 0.053646 0.254630
1 0.302083 0.184722 0.025000 0.158333
1 0.172135 0.094907 0.028646 0.149074
1 0.200521 0.183333 0.027083 0.161111
1 0.163281 0.193056 0.025521 0.156481
1 0.196094 0.162500 0.024479 0.163889
1 0.125781 0.200926 0.025521 0.148148
1 0.121615 0.179630 0.026562 0.166667
1 0.163021 0.166204 0.028125 0.154630
1 0.157031 0.144907 0.026562 0.147222
1 0.118229 0.174074 0.020833 0.159259
1 0.467969 0.021759 0.025521 0.149074
1 0.213542 0.318519 0.034375 0.177778
1 0.258854 0.150000 0.030208 0.166667
1 0.879427 0.324074 0.039062 0.185185
1 0.828385 0.307870 0.030729 0.171296
1 0.786458 0.070370 0.030208 0.131481
1 0.975521 0.323148 0.034375 0.164815
1 0.872656 0.053704 0.027604 0.140741
1 0.827865 0.041667 0.027604 0.153704
1 0.231771 0.131944 0.022917 0.154630
1 0.207813 0.138889 0.027083 0.138889
1 0.198698 -0.002778 0.024479 0.124074
1 0.239583 0.012963 0.027083 0.146296
1 0.204948 0.011574 0.026562 0.141667
7 0.647135 0.070833 0.032813 0.084259
