1 0.460417 0.443519 0.031250 0.150000
1 0.404687 0.419907 0.021875 0.112037
1 0.325521 0.419444 0.018750 0.098148
1 0.946615 0.604167 0.113021 0.523148
1 -0.002604 0.461574 0.050000 0.215741
1 0.206771 0.432407 0.028125 0.131481
1 0.385937 0.422222 0.020833 0.107407
1 0.389583 0.414352 0.020833 0.097222
1 0.072917 0.446759 0.030208 0.134259
1 0.480729 0.418056 0.023958 0.134259
1 0.426823 0.416204 0.016146 0.102778
1 0.190104 0.418519 0.017708 0.087037
1 0.186458 0.422222 0.013542 0.074074
1 0.216667 0.419907 0.017708 0.087963
1 0.181510 0.405093 0.010937 0.052778
1 0.340625 0.403241 0.013542 0.063889
1 0.018750 0.431019 0.017708 0.100926
7 0.291146 0.415741 0.018750 0.048148
7 0.297917 0.411111 0.015625 0.044444
7 0.686198 0.427315 0.024479 0.121296
