1 0.853906 0.569907 0.031771 0.119444
1 0.711979 0.562963 0.025000 0.116667
1 0.120313 0.557407 0.014583 0.066667
1 0.615365 0.551389 0.020313 0.100926
1 0.589323 0.528241 0.011979 0.063889
1 0.234896 0.503704 0.007292 0.035185
1 0.061458 0.558333 0.010417 0.066667
1 0.441927 0.497685 0.008854 0.045370
1 0.114583 0.558333 0.010417 0.072222
1 0.117188 0.565278 0.012500 0.067593
1 0.059115 0.562500 0.013021 0.071296
1 0.075781 0.554167 0.014063 0.075000
1 0.477344 0.518981 0.016146 0.060185
1 0.529427 0.513426 0.014063 0.056481
1 0.518229 0.515278 0.011458 0.060185
1 0.603125 0.522222 0.017708 0.072222
1 0.506510 0.512963 0.008854 0.051852
1 0.613021 0.521296 0.015625 0.070370
1 0.558073 0.512037 0.015104 0.061111
1 0.569531 0.510648 0.015104 0.058333
1 0.492708 0.515741 0.011458 0.061111
