0 0.846094 0.654630 0.051562 0.214815
0 0.359635 0.649537 0.039062 0.232407
0 0.916146 0.517130 0.039583 0.195370
0 0.471615 0.985185 0.041146 0.128704
0 0.351042 0.816667 0.036458 0.231481
2 0.377865 0.242593 0.040104 0.103704
2 0.367969 0.325463 0.029687 0.112037
0 0.431771 0.208796 0.040625 0.160185
0 0.336979 0.125463 0.020833 0.128704
0 0.194271 0.236574 0.023958 0.156481
0 0.171875 0.239352 0.034375 0.176852
0 0.405729 0.138426 0.028125 0.147222
0 0.398698 0.116204 0.029687 0.156481
2 0.651563 0.081481 0.031250 0.109259
0 0.305729 0.188426 0.030208 0.158333
0 0.200000 0.178704 0.025000 0.159259
0 0.163021 0.192593 0.026042 0.155556
0 0.189844 0.164815 0.024479 0.161111
0 0.138021 0.199537 0.025000 0.154630
0 0.125521 0.181019 0.025000 0.167593
0 0.152344 0.165741 0.027604 0.161111
0 0.175521 0.150000 0.026042 0.150000
0 0.118750 0.171296 0.020833 0.159259
0 0.159375 0.656019 0.041667 0.221296
0 0.552344 0.591667 0.038021 0.218519
0 0.507292 0.610185 0.036458 0.220370
0 0.806771 0.097685 0.029167 0.149074
0 0.751563 0.101852 0.027083 0.142593
0 0.872917 0.091667 0.030208 0.146296
0 0.780469 0.123148 0.030729 0.138889
0 0.240625 0.342593 0.027083 0.183333
0 0.204948 0.344444 0.040104 0.166667
0 0.179948 0.131944 0.023438 0.160185
0 0.263021 0.206944 0.031250 0.165741
0 0.232292 0.202315 0.028125 0.158333
0 0.262240 0.182870 0.029687 0.156481
