1 0.736198 0.637500 0.053646 0.223148
1 0.222396 0.458796 0.044792 0.217593
1 0.074740 0.624074 0.043229 0.231481
1 0.916667 0.520833 0.038542 0.193519
1 0.624479 1.002315 0.039583 0.195370
1 0.354687 0.820833 0.052083 0.232407
7 0.377865 0.242593 0.040104 0.103704
7 0.367969 0.325463 0.029687 0.112037
1 0.429688 0.218519 0.031250 0.161111
1 0.967969 0.310648 0.032813 0.173148
1 0.788281 0.132407 0.027604 0.135185
1 0.846354 0.305093 0.028125 0.165741
1 0.802604 0.303704 0.031250 0.177778
1 0.532031 0.265741 0.038021 0.162963
1 0.548177 0.223148 0.038021 0.162963
1 0.118229 0.436111 0.033333 0.181481
1 0.125781 0.413889 0.030729 0.194444
1 0.469010 0.212037 0.027604 0.166667
1 0.489063 0.214815 0.025000 0.148148
1 0.552604 -0.003704 0.023958 0.112963
1 0.534115 -0.004167 0.022396 0.110185
1 0.747917 0.292130 0.026042 0.156481
1 0.726562 0.251852 0.023958 0.157407
1 0.380469 0.070833 0.027604 0.150926
1 0.395833 -0.026389 0.020833 0.100926
1 0.298177 0.020833 0.022396 0.121296
7 0.327344 0.029167 0.031771 0.071296
1 0.010677 0.873611 0.036979 0.221296
7 0.646354 0.083333 0.037500 0.107407
1 0.271615 0.224537 0.027604 0.163889
1 0.278906 0.237037 0.046354 0.174074
1 0.249740 0.133333 0.023438 0.153704
1 0.228646 0.143056 0.027083 0.152778
1 0.292448 0.136574 0.022396 0.154630
1 0.267969 0.112963 0.026562 0.148148
1 0.198958 0.179630 0.027083 0.164815
1 0.207031 0.150000 0.024479 0.142593
1 0.161719 0.192593 0.027604 0.157407
1 0.188281 0.161111 0.025521 0.161111
1 0.124219 0.194444 0.024479 0.151852
1 0.144792 0.170833 0.026042 0.165741
1 0.141667 0.156944 0.030208 0.156481
1 0.151562 0.142593 0.028125 0.153704
1 0.118750 0.174074 0.020833 0.159259
1 0.486198 -0.045833 0.020313 0.106481
1 0.221875 1.025463 0.042708 0.149074
1 0.647917 0.057870 0.039583 0.125000
