1 0.609115 0.369444 0.033854 0.146296
1 0.532552 0.351389 0.030729 0.134259
1 0.516146 0.352778 0.032292 0.153704
1 0.802604 0.601389 0.121875 0.680556
1 0.963542 0.605093 0.139583 0.715741
1 0.377344 0.359722 0.045312 0.187963
1 0.543750 0.351852 0.022917 0.120370
1 0.563542 0.324074 0.010417 0.042593
1 0.041927 0.372222 0.038021 0.179630
1 0.591146 0.346759 0.020833 0.123148
1 0.302865 0.346296 0.025521 0.109259
1 0.946094 0.456944 0.102604 0.482407
1 0.595833 0.345370 0.018750 0.112963
1 0.651302 0.344444 0.018229 0.107407
1 0.301302 0.346296 0.027604 0.144444
1 0.284896 0.353704 0.020833 0.122222
1 0.509375 0.340741 0.021875 0.098148
1 0.160677 0.317593 0.015104 0.075926
1 0.167969 0.339815 0.020313 0.109259
7 0.497917 0.339815 0.018750 0.050000
1 0.179948 0.318981 0.017188 0.071296
1 0.446354 0.324537 0.011458 0.056481
1 0.429948 0.327778 0.008854 0.061111
1 0.398177 0.320370 0.010937 0.051852
1 -0.005208 0.369444 0.036458 0.187037
1 0.407813 0.326852 0.011458 0.048148
