1 0.846615 0.654630 0.052604 0.214815
1 0.362500 0.646759 0.048958 0.226852
1 0.916146 0.518056 0.039583 0.195370
1 0.495312 0.984722 0.041667 0.217593
1 0.351042 0.816667 0.036458 0.231481
7 0.377865 0.242593 0.040104 0.103704
7 0.367969 0.325463 0.029687 0.112037
1 0.431771 0.208333 0.037500 0.157407
1 0.337240 0.125463 0.020313 0.128704
1 0.195573 0.235648 0.026562 0.154630
1 0.176302 0.240278 0.031771 0.178704
1 0.404167 0.140278 0.030208 0.145370
1 0.400521 0.114815 0.025000 0.153704
1 0.302083 0.016667 0.028125 0.122222
7 0.327344 0.029167 0.031771 0.071296
7 0.651563 0.081481 0.031250 0.109259
1 0.302865 0.187963 0.028646 0.157407
1 0.174740 0.050000 0.023438 0.138889
1 0.203906 0.180093 0.027604 0.158333
1 0.163542 0.193981 0.026042 0.154630
1 0.198437 0.161574 0.023958 0.158333
1 0.137760 0.201852 0.028646 0.153704
1 0.129167 0.188889 0.041667 0.153704
1 0.153646 0.162500 0.028125 0.158333
1 0.186198 0.144444 0.025521 0.150000
1 0.119271 0.166667 0.020833 0.159259
1 0.467187 -0.025463 0.026042 0.147222
1 0.192188 0.813889 0.047917 0.244444
1 0.508594 0.442593 0.034896 0.196296
1 0.463542 0.454630 0.032292 0.196296
1 0.679688 0.860648 0.048958 0.260185
1 0.932292 0.743519 0.047917 0.229630
1 0.962500 0.694444 0.036458 0.233333
1 0.790104 0.042593 0.031250 0.137037
1 0.750260 0.039815 0.023438 0.137037
1 0.922135 0.198148 0.030729 0.164815
1 0.860156 0.163426 0.030729 0.150926
1 0.784896 0.187500 0.031250 0.147222
1 0.603906 0.137037 0.032813 0.151852
1 0.438542 -0.025000 0.022917 0.146296
1 0.417448 -0.023611 0.024479 0.137963
1 0.374479 0.034259 0.050000 0.094444
1 0.260417 0.101852 0.026042 0.137037
1 0.222656 0.452315 0.032813 0.195370
1 0.190365 0.455093 0.040104 0.180556
1 0.239844 0.146759 0.027604 0.162037
1 0.232813 0.050000 0.033333 0.138889
1 0.214062 0.031481 0.026042 0.125926
1 0.145833 0.047222 0.027083 0.127778
1 0.248438 0.294444 0.035417 0.175926
1 0.201042 0.292130 0.031250 0.169444
1 0.264062 0.276389 0.031250 0.165741
