1 0.846354 0.656944 0.052083 0.219444
1 0.320052 0.618519 0.039062 0.224074
1 0.916146 0.519907 0.039583 0.195370
1 0.487240 0.985648 0.041146 0.225000
1 0.351042 0.816667 0.036458 0.231481
7 0.377865 0.242593 0.040104 0.103704
7 0.367969 0.325463 0.029687 0.112037
1 0.431510 0.208333 0.036979 0.157407
1 0.337240 0.125463 0.020313 0.128704
1 0.236979 0.232407 0.030208 0.151852
1 0.263542 0.243056 0.034375 0.178704
1 0.404687 0.144444 0.027083 0.148148
1 0.395833 0.110185 0.029167 0.151852
1 0.302083 0.015741 0.028125 0.124074
7 0.327344 0.029167 0.031771 0.071296
7 0.651563 0.081481 0.031250 0.109259
1 0.295833 0.188889 0.031250 0.155556
1 0.170313 0.052315 0.017708 0.137963
1 0.208333 0.179167 0.029167 0.160185
1 0.164062 0.195370 0.026042 0.155556
1 0.199740 0.160648 0.023438 0.162037
1 0.135937 0.206019 0.028125 0.149074
1 0.118490 0.181481 0.027604 0.168519
1 0.151823 0.162037 0.031771 0.157407
1 0.190625 0.147222 0.026042 0.150000
1 0.124219 0.168981 0.020313 0.154630
1 0.467187 -0.025463 0.026042 0.147222
1 0.216406 0.982407 0.051562 0.235185
1 0.503646 0.328241 0.034375 0.189815
1 0.455990 0.333796 0.033854 0.178704
1 0.615885 0.658796 0.045312 0.234259
1 0.905729 0.740741 0.042708 0.218519
1 0.908073 0.700463 0.058854 0.237963
1 0.750260 -0.008333 0.029687 0.133333
1 0.712240 -0.010185 0.023438 0.137037
1 0.975781 0.305556 0.030729 0.175926
1 0.900260 0.261111 0.032813 0.164815
1 0.790365 -0.023611 0.025521 0.130556
1 0.765885 -0.024537 0.024479 0.141667
1 0.782552 0.262037 0.032813 0.146296
1 0.667969 0.241667 0.032813 0.153704
1 0.460156 0.001852 0.029687 0.146296
1 0.424740 -0.008333 0.023438 0.142593
1 0.407552 0.011111 0.026562 0.135185
1 0.271094 0.175463 0.025521 0.143519
1 0.212760 0.564352 0.032813 0.210185
1 0.172656 0.565278 0.044271 0.186111
1 0.241406 0.144444 0.032813 0.159259
1 0.265365 0.123148 0.030729 0.151852
1 0.215885 0.077315 0.030729 0.145370
1 0.242969 0.079630 0.025521 0.138889
1 0.242708 0.029630 0.028125 0.133333
1 0.212240 0.379630 0.038021 0.181481
1 0.170052 0.379167 0.032813 0.187963
1 0.272917 0.369907 0.034375 0.176852
1 0.392448 0.002315 0.029687 0.123148
