1 0.667188 0.525000 0.013542 0.059259
1 0.716667 0.521759 0.009375 0.056481
1 0.828646 0.566204 0.020833 0.102778
1 0.803125 0.562500 0.016667 0.086111
1 0.782292 0.571759 0.012500 0.089815
1 0.794792 0.573611 0.020833 0.097222
1 0.706250 0.523611 0.010417 0.056481
1 0.776563 0.805556 0.045833 0.251852
1 0.810677 0.757407 0.044271 0.229630
1 0.676562 0.694907 0.037500 0.197222
1 0.819010 0.572685 0.017188 0.093519
1 0.703125 0.706481 0.028125 0.211111
1 0.737240 0.580093 0.019271 0.091667
1 0.763021 0.571296 0.022917 0.087037
1 0.918750 0.631481 0.038542 0.140741
1 0.825000 0.738426 0.032292 0.213889
1 0.938542 0.622222 0.028125 0.131481
1 0.912500 0.612037 0.030208 0.138889
1 0.723177 0.573148 0.025521 0.098148
