1 0.845573 0.654630 0.050521 0.214815
1 0.254688 0.633333 0.044792 0.231481
1 0.915365 0.517593 0.045312 0.190741
1 0.459375 0.989352 0.042708 0.221296
1 0.351042 0.816667 0.036458 0.231481
7 0.377865 0.242593 0.040104 0.103704
7 0.367969 0.325463 0.029687 0.112037
1 0.420312 0.206944 0.028125 0.162037
1 0.336979 0.125463 0.020833 0.128704
1 0.188021 0.262037 0.028125 0.155556
1 0.148438 0.261111 0.030208 0.181481
1 0.403385 0.146296 0.024479 0.138889
1 0.404427 0.120833 0.027604 0.158333
1 0.299479 0.019444 0.025000 0.122222
7 0.327344 0.029167 0.031771 0.071296
1 0.254167 0.060648 0.021875 0.130556
7 0.651563 0.081481 0.031250 0.109259
1 0.302604 0.188426 0.029167 0.162037
1 0.175260 0.049074 0.023438 0.138889
1 0.200000 0.181481 0.025000 0.159259
1 0.163281 0.192593 0.025521 0.155556
1 0.194792 0.166204 0.025000 0.165741
1 0.136458 0.200463 0.025000 0.150926
1 0.121615 0.179630 0.025521 0.170370
1 0.147917 0.165278 0.029167 0.162037
1 0.163281 0.146296 0.027604 0.151852
1 0.118229 0.174074 0.020833 0.159259
1 0.467969 -0.024537 0.025521 0.149074
1 0.173177 0.506481 0.036979 0.209259
1 0.252604 -0.005556 0.031250 0.146296
1 0.649479 0.779167 0.044792 0.243519
1 0.609375 0.796296 0.041667 0.238889
1 0.847396 0.179630 0.030208 0.162963
1 0.776042 0.172685 0.026042 0.154630
1 0.785937 0.007407 0.023958 0.124074
1 0.790625 -0.029630 0.021875 0.118519
1 0.788021 0.076852 0.030208 0.131481
1 0.284375 -0.041204 0.016667 0.113889
1 0.259115 0.247222 0.024479 0.168519
1 0.227344 0.250463 0.039062 0.152778
1 0.146615 0.046759 0.024479 0.130556
1 0.241667 0.127778 0.029167 0.155556
1 0.214323 0.123148 0.026562 0.155556
1 0.244531 0.105556 0.025521 0.142593
1 0.830469 -0.006019 0.018229 0.076852
1 0.485417 0.004167 0.023958 0.134259
