1 0.733333 0.637037 0.053125 0.224074
1 0.240104 0.287500 0.038542 0.199074
1 0.072917 0.624074 0.046875 0.229630
1 0.915885 0.519907 0.040104 0.193519
1 0.511198 0.968056 0.035937 0.254630
1 0.353906 0.820833 0.051562 0.232407
7 0.377865 0.242593 0.040104 0.103704
7 0.367969 0.325463 0.029687 0.112037
1 0.429427 0.218519 0.030729 0.161111
1 0.790104 0.131481 0.027083 0.137037
1 0.637500 0.200926 0.020833 0.153704
1 0.603906 0.209259 0.028646 0.170370
1 0.283594 0.195370 0.024479 0.161111
1 0.486979 0.220370 0.037500 0.168519
1 0.069271 0.410648 0.025000 0.173148
1 0.076302 0.392130 0.031771 0.186111
1 0.413802 0.376852 0.036979 0.187037
1 0.442448 0.381944 0.035937 0.176852
1 0.533594 0.192130 0.021354 0.145370
1 0.452604 0.180556 0.031250 0.159259
1 0.380729 0.072222 0.027083 0.150000
1 0.295833 0.022222 0.021875 0.124074
7 0.327344 0.029167 0.031771 0.071296
1 0.131250 0.571296 0.030208 0.188889
7 0.651563 0.082407 0.031250 0.109259
1 0.328125 0.398611 0.030208 0.178704
1 0.282031 0.403704 0.036979 0.200000
1 0.256250 0.004167 0.026042 0.137963
1 0.221615 0.000463 0.023438 0.147222
1 0.293490 0.136574 0.024479 0.154630
1 0.207552 0.114352 0.026562 0.150926
1 0.198958 0.178241 0.027083 0.162037
1 0.309896 0.331481 0.028125 0.162963
1 0.164062 0.195370 0.027083 0.157407
1 0.186979 0.162963 0.022917 0.159259
1 0.124479 0.193519 0.028125 0.151852
1 0.147396 0.172685 0.027083 0.165741
1 0.160156 0.157407 0.028646 0.155556
1 0.152604 0.142593 0.028125 0.153704
1 0.117188 0.174074 0.020833 0.159259
1 0.476042 -0.038889 0.021875 0.120370
1 0.193229 0.054630 0.028125 0.148148
1 0.231771 0.651852 0.043750 0.225926
1 0.823958 0.050926 0.028125 0.133333
1 0.081771 0.731481 0.052083 0.233333
1 0.040885 0.681944 0.057813 0.223148
7 0.645833 0.076852 0.032292 0.090741
