1 0.451823 0.444907 0.033854 0.154630
1 0.395052 0.417130 0.023438 0.115741
1 0.313021 0.418519 0.018750 0.098148
1 0.937500 0.598611 0.097917 0.515741
1 -0.005990 0.457870 0.048438 0.212037
1 0.198698 0.432407 0.025521 0.125926
1 0.376563 0.422222 0.020833 0.107407
1 0.382552 0.412963 0.020313 0.096296
1 0.060937 0.444907 0.030208 0.134259
1 0.463021 0.421759 0.023958 0.132407
1 0.411719 0.417130 0.016146 0.102778
1 0.181771 0.418519 0.017708 0.087037
1 0.179167 0.421296 0.013542 0.072222
1 0.208333 0.419907 0.017708 0.087963
1 0.172135 0.406019 0.010937 0.050926
1 0.326042 0.406944 0.013542 0.063889
7 0.277083 0.414352 0.017708 0.045370
7 0.287500 0.414815 0.015625 0.044444
7 0.674740 0.428704 0.023438 0.118519
