1 0.674740 0.518056 0.010937 0.056481
1 0.790885 0.569907 0.023438 0.110185
1 0.764844 0.565278 0.021354 0.093519
1 0.745573 0.573611 0.013021 0.100926
1 0.757031 0.572685 0.023438 0.100926
1 0.661979 0.521296 0.013542 0.062963
1 0.725521 0.859259 0.054167 0.287037
1 0.726823 0.807407 0.057813 0.262963
1 0.602344 0.718981 0.032813 0.228704
1 0.779948 0.572685 0.017188 0.093519
1 0.627604 0.734259 0.030208 0.246296
1 0.688542 0.580556 0.022917 0.107407
1 0.720052 0.575463 0.026562 0.102778
1 0.916667 0.649074 0.043750 0.157407
1 0.745052 0.774074 0.040104 0.246296
1 0.939844 0.635648 0.033854 0.145370
1 0.910156 0.624074 0.030729 0.150000
1 0.682552 0.567593 0.025521 0.098148
