1 0.845052 0.654630 0.049479 0.214815
1 0.218229 0.605556 0.060417 0.227778
1 0.916667 0.518519 0.051042 0.192593
1 0.455729 0.975000 0.038542 0.238889
1 0.351042 0.816667 0.036458 0.231481
7 0.377865 0.242593 0.040104 0.103704
7 0.367969 0.325463 0.029687 0.112037
1 0.433594 0.214815 0.031771 0.157407
1 0.498437 -0.039352 0.025000 0.119444
1 0.338021 0.125926 0.020833 0.129630
1 0.166406 0.288889 0.029687 0.166667
1 0.139063 0.285185 0.031250 0.183333
1 0.586198 1.034722 0.052604 0.132407
1 0.402865 0.145370 0.024479 0.140741
1 0.404167 0.125926 0.028125 0.157407
1 0.298438 0.020370 0.023958 0.122222
7 0.327344 0.029167 0.031771 0.071296
1 0.263542 0.103241 0.022917 0.134259
7 0.651563 0.082407 0.031250 0.109259
1 0.305990 0.183333 0.025521 0.162963
1 0.172135 0.048611 0.026562 0.139815
1 0.200000 0.183333 0.025000 0.159259
1 0.163021 0.193519 0.025000 0.155556
1 0.194531 0.169907 0.026562 0.156481
1 0.129688 0.199537 0.028125 0.149074
1 0.122135 0.181019 0.026562 0.167593
1 0.150000 0.168056 0.029167 0.162037
1 0.156771 0.141667 0.027083 0.151852
1 0.118229 0.174074 0.020833 0.159259
1 0.472917 -0.010648 0.026042 0.149074
1 0.181510 0.428704 0.035937 0.196296
1 0.257031 0.055556 0.028646 0.148148
1 0.738021 0.902778 0.050000 0.233333
1 0.689844 0.922222 0.045312 0.227778
1 0.862240 0.228241 0.036979 0.171296
1 0.789062 0.226389 0.027083 0.158333
1 0.719010 -0.037037 0.022396 0.116667
1 0.786458 0.072222 0.030208 0.131481
1 0.812500 -0.018056 0.027083 0.136111
1 0.767448 -0.027778 0.025521 0.138889
1 0.264062 0.201389 0.022917 0.163889
1 0.234896 0.203241 0.034375 0.149074
1 0.156510 0.043519 0.027604 0.131481
1 0.224479 0.085185 0.028125 0.148148
1 0.195833 0.081019 0.026042 0.141667
1 0.230208 0.071759 0.022917 0.141667
1 0.841927 -0.005556 0.022396 0.079630
1 0.580729 0.027778 0.040625 0.131481
