1 0.845052 0.654630 0.049479 0.214815
1 0.216667 0.607407 0.055208 0.229630
1 0.916667 0.518519 0.051042 0.192593
1 0.453646 0.975926 0.040625 0.240741
1 0.351042 0.816667 0.036458 0.231481
7 0.377865 0.242593 0.040104 0.103704
7 0.367969 0.325463 0.029687 0.112037
1 0.432552 0.213426 0.029687 0.158333
1 0.497917 -0.039352 0.025000 0.119444
1 0.338021 0.125926 0.020833 0.129630
1 0.168229 0.285185 0.029167 0.166667
1 0.140885 0.281481 0.030729 0.183333
1 0.582031 1.039352 0.052604 0.123148
1 0.402865 0.145370 0.024479 0.140741
1 0.404167 0.125000 0.028125 0.157407
1 0.298438 0.020370 0.023958 0.122222
7 0.327344 0.029167 0.031771 0.071296
1 0.263021 0.101389 0.022917 0.134259
7 0.651563 0.082407 0.031250 0.109259
1 0.305990 0.183333 0.025521 0.162963
1 0.173698 0.049537 0.026562 0.139815
1 0.200000 0.182407 0.025000 0.159259
1 0.163021 0.193519 0.025000 0.155556
1 0.194531 0.168981 0.026562 0.156481
1 0.129688 0.199537 0.028125 0.149074
1 0.121875 0.180556 0.026042 0.168519
1 0.149479 0.168056 0.029167 0.162037
1 0.156771 0.141667 0.027083 0.151852
1 0.118229 0.174074 0.020833 0.159259
1 0.472656 -0.011574 0.025521 0.149074
1 0.179948 0.433796 0.034896 0.195370
1 0.258594 0.053241 0.029687 0.147222
1 0.732031 0.893981 0.048438 0.232407
1 0.682552 0.912963 0.047396 0.227778
1 0.860156 0.224537 0.035937 0.169444
1 0.789062 0.218981 0.027083 0.158333
1 0.721875 -0.031019 0.020833 0.115741
1 0.786458 0.072222 0.030208 0.131481
1 0.810417 -0.022222 0.027083 0.135185
1 0.765104 -0.030556 0.025000 0.135185
1 0.265104 0.202315 0.022917 0.163889
1 0.235156 0.204630 0.031771 0.148148
1 0.154427 0.043519 0.027604 0.131481
1 0.225260 0.088889 0.027604 0.148148
1 0.195312 0.084722 0.026042 0.141667
1 0.230729 0.073611 0.022917 0.141667
1 0.841406 -0.005093 0.023438 0.080556
1 0.572917 0.025463 0.037500 0.130556
