1 0.557292 0.400926 0.036458 0.151852
1 0.497396 0.390741 0.027083 0.131481
1 0.474219 0.380093 0.026562 0.141667
1 0.777344 0.617593 0.117188 0.638889
1 0.918750 0.627778 0.143750 0.685185
1 0.351562 0.384259 0.048958 0.175926
1 0.507812 0.378704 0.022917 0.118519
1 0.011979 0.401389 0.038542 0.178704
1 0.543229 0.386111 0.026042 0.120370
1 0.251302 0.373148 0.025521 0.111111
1 0.745573 0.448611 0.057813 0.334259
1 0.598437 0.381944 0.017708 0.106481
1 0.285156 0.371759 0.024479 0.121296
1 0.272917 0.376852 0.021875 0.111111
1 0.523698 0.379630 0.020313 0.092593
1 0.126823 0.341667 0.013021 0.070370
1 0.141146 0.365741 0.020833 0.105556
7 0.456771 0.370370 0.018750 0.050000
1 0.155208 0.350463 0.014583 0.063889
1 0.399219 0.357407 0.011979 0.059259
1 0.389323 0.351852 0.009896 0.057407
