0 0.846354 0.654630 0.052083 0.214815
0 0.358333 0.648611 0.041667 0.228704
0 0.916146 0.517130 0.039583 0.195370
0 0.481771 0.983796 0.044792 0.129630
0 0.351042 0.816667 0.036458 0.231481
2 0.377865 0.242593 0.040104 0.103704
2 0.367969 0.325463 0.029687 0.112037
0 0.434115 0.209259 0.040104 0.159259
0 0.336979 0.125463 0.020833 0.128704
0 0.194792 0.236111 0.025000 0.155556
0 0.173958 0.239352 0.036458 0.176852
0 0.405729 0.141667 0.028125 0.146296
0 0.398958 0.116667 0.028125 0.155556
2 0.651563 0.081481 0.031250 0.109259
0 0.306250 0.188426 0.030208 0.158333
0 0.200000 0.177778 0.025000 0.159259
0 0.163021 0.193056 0.026042 0.154630
0 0.193490 0.161111 0.024479 0.161111
0 0.137760 0.199537 0.026562 0.154630
0 0.127865 0.180556 0.024479 0.168519
0 0.146354 0.165741 0.025000 0.161111
0 0.175000 0.150000 0.026042 0.150000
0 0.118750 0.170370 0.020833 0.159259
0 0.164583 0.688426 0.043750 0.225000
0 0.537500 0.557870 0.047917 0.217593
0 0.491927 0.573148 0.035937 0.214815
0 0.956510 0.747685 0.053646 0.221296
0 0.994792 0.700000 0.026562 0.237037
0 0.798958 0.080556 0.032292 0.148148
0 0.750000 0.087500 0.025000 0.143519
0 0.890885 0.112037 0.026562 0.148148
0 0.833594 0.082407 0.024479 0.133333
0 0.783333 0.137963 0.030208 0.140741
0 0.238281 0.367130 0.027604 0.186111
0 0.197656 0.370370 0.041146 0.168519
0 0.204687 0.136111 0.026042 0.159259
0 0.263281 0.228241 0.029687 0.169444
0 0.230469 0.223148 0.029687 0.161111
0 0.258854 0.207407 0.027083 0.155556
