1 0.492188 0.414815 0.036458 0.155556
1 0.434375 0.385185 0.027083 0.129630
1 0.407813 0.392130 0.025000 0.130556
1 0.773958 0.607407 0.112500 0.622222
1 0.918229 0.602778 0.142708 0.638889
1 0.302604 0.391204 0.041667 0.158333
1 0.440104 0.382407 0.021875 0.116667
1 0.468750 0.385648 0.021875 0.112037
1 0.162500 0.390741 0.026042 0.120370
1 0.611719 0.415741 0.041146 0.227778
1 0.517188 0.381019 0.017708 0.106481
1 0.231510 0.381481 0.021354 0.114815
1 0.217969 0.382870 0.016146 0.091667
1 0.470573 0.380093 0.022396 0.093519
1 0.287240 0.392130 0.017188 0.100926
1 0.051823 0.362500 0.013021 0.065741
1 0.073958 0.381481 0.020833 0.103704
7 0.380729 0.376852 0.018750 0.050000
7 0.395313 0.379630 0.015625 0.044444
1 0.083333 0.370833 0.014583 0.063889
1 0.321354 0.367593 0.012500 0.053704
7 0.850521 0.435185 0.037500 0.166667
