1 0.844792 0.654630 0.048958 0.214815
1 0.263542 0.004630 0.031250 0.174074
1 0.286458 0.609259 0.057292 0.220370
1 0.914844 0.518981 0.049479 0.193519
1 0.508594 0.979167 0.039062 0.239815
1 0.351042 0.816667 0.036458 0.231481
7 0.377865 0.242593 0.040104 0.103704
7 0.367969 0.325463 0.029687 0.112037
1 0.433594 0.213426 0.033854 0.156481
1 0.510677 -0.020833 0.025521 0.130556
1 0.483854 -0.026389 0.027083 0.134259
1 0.333854 0.126852 0.019792 0.131481
1 0.148958 0.312500 0.030208 0.169444
1 0.120313 0.304167 0.032292 0.187963
1 0.607552 0.982407 0.052604 0.231481
1 0.640365 0.988426 0.044271 0.217593
1 0.402604 0.145370 0.022917 0.140741
1 0.409115 0.123148 0.026562 0.159259
1 0.297917 0.020833 0.022917 0.121296
7 0.327344 0.029167 0.031771 0.071296
1 0.270052 0.140278 0.023438 0.143519
7 0.651563 0.082407 0.031250 0.109259
1 0.195312 1.017130 0.052083 0.165741
1 0.299479 0.184259 0.032292 0.162963
1 0.155208 0.068056 0.029167 0.143519
1 0.200260 0.183333 0.025521 0.159259
1 0.163021 0.193056 0.025000 0.156481
1 0.199479 0.165278 0.025000 0.160185
1 0.134375 0.198611 0.022917 0.147222
1 0.121094 0.181019 0.026562 0.167593
1 0.149740 0.166204 0.028646 0.162037
1 0.157031 0.144444 0.027604 0.151852
1 0.469531 0.004167 0.025521 0.149074
1 0.194792 0.375926 0.034375 0.190741
1 0.262500 0.095370 0.031250 0.157407
1 0.808594 0.997685 0.046354 0.195370
1 0.766406 1.009722 0.040104 0.178704
1 0.864062 0.270370 0.035417 0.174074
1 0.804948 0.255556 0.031771 0.164815
1 0.786458 0.071296 0.030208 0.131481
1 0.833854 0.011111 0.027083 0.140741
1 0.794010 0.004167 0.026562 0.145370
1 0.250781 0.164815 0.023438 0.161111
1 0.230469 0.171296 0.026562 0.142593
1 0.189323 0.032407 0.024479 0.129630
1 0.233073 0.052315 0.029687 0.143519
1 0.197917 0.041667 0.029167 0.142593
1 0.237240 0.034259 0.023438 0.133333
1 0.647135 0.047222 0.024479 0.135185
