1 0.136719 0.653241 0.019271 0.128704
1 0.644792 0.510648 0.012500 0.052778
1 0.119792 0.650463 0.020833 0.125000
1 0.123698 0.662500 0.017188 0.123148
1 0.115104 0.670833 0.015625 0.117593
1 0.026302 0.666204 0.025521 0.121296
1 0.699740 0.497222 0.010937 0.051852
1 0.774219 0.527315 0.015104 0.076852
1 0.801302 0.541204 0.015104 0.071296
1 0.685677 0.500926 0.011979 0.053704
1 0.673958 0.498148 0.014583 0.053704
1 0.758073 0.630093 0.028646 0.139815
1 0.823958 0.613426 0.025000 0.143519
1 0.729688 0.609722 0.022917 0.147222
1 0.767188 0.532870 0.016667 0.076852
1 0.938021 0.559259 0.021875 0.111111
1 0.757812 0.609259 0.023958 0.155556
1 0.014063 0.667130 0.027083 0.130556
1 0.733854 0.537963 0.015625 0.075926
1 0.754427 0.532870 0.016146 0.062037
1 0.782552 0.556481 0.014063 0.079630
1 0.814063 0.601389 0.025000 0.139815
1 0.807292 0.551389 0.014583 0.075000
1 0.700260 0.535648 0.022396 0.071296
1 0.726562 0.532870 0.013542 0.058333
1 0.715625 0.533333 0.012500 0.059259
