1 0.601562 0.350000 0.031250 0.140741
1 0.507552 0.337037 0.024479 0.137037
1 0.493229 0.348148 0.033333 0.162963
1 0.804688 0.567130 0.125000 0.660185
1 0.955729 0.560648 0.133333 0.736111
1 0.348438 0.353241 0.040625 0.199074
1 0.520833 0.338889 0.022917 0.122222
1 0.546354 0.312500 0.011458 0.043519
1 0.573177 0.332870 0.025521 0.128704
1 0.293229 0.330556 0.025000 0.105556
1 0.581250 0.334259 0.020833 0.116667
1 0.638021 0.330093 0.017708 0.106481
1 0.253906 0.340278 0.030729 0.160185
1 0.236719 0.350000 0.021354 0.138889
1 0.482812 0.333333 0.020833 0.096296
1 0.462240 0.332870 0.021354 0.104630
1 0.361719 0.343519 0.022396 0.118519
1 0.123177 0.309722 0.017188 0.071296
1 0.138542 0.336111 0.022917 0.114815
1 0.141927 0.318056 0.017188 0.071296
1 0.428646 0.311574 0.011458 0.056481
1 0.413281 0.312963 0.008854 0.061111
1 0.379688 0.316667 0.011458 0.053704
1 0.397917 0.312500 0.011458 0.049074
