1 0.733854 0.637037 0.053125 0.224074
1 0.238542 0.311574 0.039583 0.202778
1 0.073698 0.621296 0.045312 0.229630
1 0.916146 0.519907 0.039583 0.193519
1 0.533854 0.971759 0.035417 0.256481
1 0.353646 0.820833 0.052083 0.232407
7 0.377865 0.242593 0.040104 0.103704
7 0.367969 0.325463 0.029687 0.112037
1 0.429688 0.218519 0.031250 0.161111
1 0.789844 0.131481 0.027604 0.137037
1 0.662500 0.219907 0.020833 0.150926
1 0.641406 0.225926 0.029687 0.166667
1 0.298177 0.210648 0.032813 0.154630
1 0.471354 0.247685 0.038542 0.167593
1 0.069010 0.410648 0.024479 0.173148
1 0.080208 0.393056 0.031250 0.187963
1 0.405729 0.345370 0.036458 0.181481
1 0.433073 0.355093 0.035937 0.169444
1 0.582552 0.210185 0.022396 0.146296
1 0.500781 0.191667 0.041146 0.157407
1 0.380469 0.071296 0.027604 0.150000
1 0.296875 0.020370 0.021875 0.124074
7 0.327344 0.029167 0.031771 0.071296
1 0.138021 0.622685 0.032292 0.197222
7 0.651563 0.082407 0.031250 0.109259
1 0.331250 0.362963 0.029167 0.175926
1 0.290625 0.368056 0.029167 0.189815
1 0.251563 0.025463 0.026042 0.137963
1 0.220573 0.018056 0.023438 0.147222
1 0.293229 0.136574 0.025000 0.154630
1 0.228906 0.112963 0.031771 0.146296
1 0.198958 0.179167 0.027083 0.162037
1 0.285156 0.292593 0.028646 0.155556
1 0.164062 0.195370 0.027083 0.157407
1 0.188021 0.164815 0.022917 0.162963
1 0.124479 0.193519 0.028125 0.151852
1 0.146615 0.172685 0.027604 0.169444
1 0.152604 0.153704 0.029167 0.155556
1 0.152604 0.142593 0.028125 0.153704
1 0.117188 0.174074 0.020833 0.159259
1 0.490885 -0.040278 0.018229 0.115741
1 0.191406 0.025463 0.026562 0.145370
1 0.238021 0.714815 0.044792 0.233333
1 0.807292 0.029167 0.025000 0.126852
1 0.033073 0.681481 0.058854 0.218519
7 0.645833 0.076852 0.032292 0.092593
