1 0.852604 0.571759 0.026042 0.117593
1 0.727344 0.562500 0.025521 0.112037
1 0.152344 0.543981 0.015104 0.071296
1 0.619792 0.544907 0.019792 0.089815
1 0.264583 0.494444 0.006250 0.033333
1 0.101823 0.539815 0.010937 0.061111
1 0.456510 0.490741 0.009896 0.046296
1 0.146615 0.543981 0.009896 0.069444
1 0.151042 0.550463 0.012500 0.063889
1 0.094271 0.546759 0.012500 0.067593
1 0.114583 0.535648 0.014583 0.069444
1 0.490625 0.509722 0.011458 0.054630
1 0.548438 0.510185 0.011458 0.057407
1 0.538802 0.511574 0.010937 0.058333
1 0.613021 0.522685 0.013542 0.062037
1 0.581250 0.507870 0.015625 0.060185
1 0.592187 0.503704 0.015625 0.059259
1 0.500781 0.506944 0.014063 0.060185
