1 0.733333 0.637037 0.053125 0.224074
1 0.238802 0.299537 0.039062 0.200926
1 0.072656 0.621296 0.049479 0.229630
1 0.915885 0.519907 0.040104 0.193519
1 0.522917 0.975000 0.035417 0.250000
1 0.353646 0.820833 0.052083 0.232407
7 0.377865 0.242593 0.040104 0.103704
7 0.367969 0.325463 0.029687 0.112037
1 0.429427 0.218519 0.030729 0.161111
1 0.790104 0.131481 0.027083 0.137037
1 0.646094 0.210648 0.029687 0.152778
1 0.620052 0.216204 0.031771 0.169444
1 0.288281 0.198611 0.030729 0.149074
1 0.479687 0.233796 0.038542 0.173148
1 0.069271 0.410648 0.025000 0.173148
1 0.078906 0.392130 0.028646 0.186111
1 0.408854 0.362500 0.034375 0.187963
1 0.435677 0.367130 0.035937 0.175000
1 0.557031 0.202315 0.027604 0.147222
1 0.473958 0.185648 0.029167 0.156481
1 0.380469 0.071296 0.027604 0.150000
1 0.296354 0.021296 0.021875 0.124074
7 0.327344 0.029167 0.031771 0.071296
1 0.135156 0.599074 0.030729 0.194444
7 0.651563 0.082407 0.031250 0.109259
1 0.329948 0.377778 0.030729 0.174074
1 0.286198 0.389352 0.039062 0.197222
1 0.253125 0.012500 0.026042 0.137963
1 0.221094 0.014352 0.023438 0.147222
1 0.293490 0.136574 0.024479 0.154630
1 0.219792 0.112963 0.033333 0.148148
1 0.198958 0.178241 0.027083 0.162037
1 0.296615 0.306481 0.028646 0.153704
1 0.164062 0.195370 0.027083 0.157407
1 0.187500 0.163426 0.022917 0.160185
1 0.124479 0.193519 0.028125 0.151852
1 0.147656 0.173148 0.025521 0.168519
1 0.159115 0.156481 0.028646 0.155556
1 0.152604 0.142593 0.028125 0.153704
1 0.117188 0.174074 0.020833 0.159259
1 0.480990 -0.040278 0.023438 0.117593
1 0.192708 0.032407 0.028125 0.148148
1 0.232031 0.683796 0.049479 0.234259
1 0.816927 0.034259 0.028646 0.125926
1 0.059896 0.710648 0.060417 0.230556
7 0.645833 0.076852 0.032292 0.092593
