1 0.844792 0.654630 0.048958 0.214815
1 0.266667 0.016667 0.031250 0.174074
1 0.317188 0.611574 0.037500 0.225000
1 0.914323 0.518981 0.048438 0.193519
1 0.526042 0.985648 0.039583 0.223148
1 0.351042 0.816667 0.036458 0.231481
7 0.377865 0.242593 0.040104 0.103704
7 0.367969 0.325463 0.029687 0.112037
1 0.433594 0.213426 0.033854 0.156481
1 0.514323 -0.015278 0.025521 0.130556
1 0.486979 -0.018056 0.027083 0.136111
1 0.333594 0.126852 0.020313 0.131481
1 0.143229 0.318981 0.031250 0.171296
1 0.109375 0.313426 0.038542 0.184259
1 0.604427 0.960185 0.055729 0.240741
1 0.640365 0.963889 0.050521 0.224074
1 0.403125 0.145370 0.021875 0.140741
1 0.417448 0.125000 0.027604 0.159259
1 0.297656 0.021296 0.022396 0.122222
7 0.327344 0.029167 0.031771 0.071296
1 0.270052 0.153704 0.023438 0.144444
7 0.651563 0.082407 0.031250 0.109259
1 0.150521 1.026852 0.043750 0.146296
1 0.193229 0.998148 0.052083 0.201852
1 0.303125 0.183796 0.027083 0.163889
1 0.159896 0.077315 0.030208 0.145370
1 0.200521 0.183333 0.026042 0.159259
1 0.163021 0.193056 0.025000 0.156481
1 0.198698 0.166204 0.024479 0.158333
1 0.130990 0.199074 0.027604 0.148148
1 0.118490 0.180093 0.026562 0.167593
1 0.153646 0.166204 0.029167 0.162037
1 0.158073 0.142593 0.027604 0.151852
1 0.467448 0.004167 0.025521 0.149074
1 0.201302 0.362037 0.032813 0.185185
1 0.268490 0.106481 0.031771 0.161111
1 0.831771 1.018519 0.040625 0.153704
1 0.784375 1.027315 0.038542 0.139815
1 0.866146 0.285185 0.041667 0.175926
1 0.817969 0.268519 0.026562 0.166667
1 0.786458 0.070370 0.030208 0.131481
1 1.008854 0.358796 0.036458 0.163889
1 0.848177 0.015741 0.027604 0.140741
1 0.802344 0.009259 0.026562 0.146296
1 0.243229 0.151852 0.023958 0.153704
1 0.223698 0.162963 0.025521 0.140741
1 0.193750 0.023148 0.025000 0.127778
1 0.234115 0.043519 0.030729 0.144444
1 0.197396 0.034722 0.026042 0.141667
1 0.242448 0.024074 0.023438 0.133333
7 0.647656 0.061574 0.033854 0.102778
