1 0.777344 0.653704 0.047396 0.229630
1 0.256250 0.222685 0.037500 0.189815
1 0.137500 0.651389 0.047917 0.234259
1 0.915625 0.519907 0.040625 0.193519
1 0.510677 0.972685 0.045312 0.245370
1 0.350260 0.819907 0.040104 0.230556
7 0.377865 0.242593 0.040104 0.103704
7 0.367969 0.325463 0.029687 0.112037
1 0.429427 0.218519 0.030729 0.161111
1 0.778125 0.093981 0.027083 0.134259
1 0.583333 0.159722 0.026042 0.147222
1 0.546875 0.172685 0.031250 0.167593
1 0.280990 0.179630 0.025521 0.159259
1 0.504948 0.150926 0.031771 0.162963
1 0.069531 0.410648 0.025521 0.173148
1 0.051823 0.393056 0.042188 0.187963
1 0.447135 0.454167 0.047396 0.197222
1 0.481250 0.457870 0.039583 0.178704
1 0.448177 0.174074 0.028646 0.142593
1 0.402344 0.172685 0.023438 0.156481
1 0.380469 0.072685 0.026562 0.149074
1 0.297135 0.022685 0.021354 0.123148
7 0.327344 0.029167 0.031771 0.071296
1 0.138021 0.471296 0.030208 0.181481
7 0.651563 0.082407 0.031250 0.109259
1 0.301823 0.489815 0.033854 0.194444
1 0.258594 0.484722 0.032813 0.206481
1 0.275521 -0.037963 0.026042 0.122222
1 0.249740 -0.034259 0.023438 0.129630
1 0.294010 0.136574 0.023438 0.154630
1 0.179167 0.122685 0.027083 0.149074
1 0.197917 0.182407 0.026042 0.161111
1 0.420312 0.407870 0.033333 0.173148
1 0.163021 0.198611 0.027083 0.156481
1 0.189062 0.165741 0.022917 0.162963
1 0.129427 0.195370 0.026562 0.148148
1 0.140625 0.176852 0.023958 0.170370
1 0.159896 0.165741 0.028125 0.142593
1 0.152083 0.142593 0.028125 0.153704
1 0.117188 0.174074 0.020833 0.159259
1 0.461979 -0.011574 0.018750 0.134259
1 0.222917 0.093519 0.029167 0.150000
1 0.224219 0.513889 0.041146 0.211111
1 0.981250 0.620833 0.034375 0.206481
1 0.880469 0.101852 0.028646 0.140741
1 0.808073 -0.000926 0.027604 0.120370
1 0.174479 0.876852 0.050000 0.255556
1 0.185156 0.805556 0.047396 0.240741
1 0.226562 -0.027778 0.021875 0.124074
1 0.203125 -0.026852 0.022917 0.124074
1 0.718750 -0.034259 0.028125 0.129630
7 0.645833 0.076852 0.032292 0.088889
1 0.650781 0.076852 0.035937 0.085185
