1 0.736458 0.637037 0.054167 0.224074
1 0.250000 0.264815 0.038542 0.196296
1 0.079687 0.631944 0.043750 0.228704
1 0.915885 0.519907 0.040104 0.193519
1 0.504167 0.964352 0.036458 0.263889
1 0.352344 0.820370 0.048438 0.231481
7 0.377865 0.242593 0.040104 0.103704
7 0.367969 0.325463 0.029687 0.112037
1 0.429427 0.218519 0.030729 0.161111
1 0.786979 0.125463 0.027083 0.137963
1 0.621875 0.183796 0.026042 0.150926
1 0.580990 0.193519 0.029687 0.166667
1 0.281771 0.192593 0.026042 0.164815
1 0.501302 0.198148 0.035937 0.164815
1 0.069271 0.410648 0.025000 0.173148
1 0.052083 0.391667 0.041667 0.185185
1 0.429427 0.402315 0.041146 0.189815
1 0.459375 0.405556 0.039583 0.175926
1 0.497917 0.179630 0.017708 0.142593
1 0.417969 0.172685 0.027604 0.150926
1 0.380729 0.072222 0.027083 0.150000
1 0.295833 0.023148 0.021875 0.124074
7 0.327344 0.029167 0.031771 0.071296
1 0.130729 0.537037 0.030208 0.190741
7 0.651563 0.082407 0.031250 0.109259
1 0.322917 0.427315 0.031250 0.186111
1 0.277344 0.432870 0.035937 0.202778
1 0.265104 -0.009722 0.026042 0.137963
1 0.223177 -0.012963 0.022396 0.142593
1 0.293750 0.136574 0.023958 0.154630
1 0.196615 0.118981 0.026562 0.150926
1 0.198958 0.179167 0.027083 0.162037
1 0.340885 0.356019 0.028646 0.162037
1 0.164583 0.194907 0.027083 0.156481
1 0.187500 0.163426 0.022917 0.158333
1 0.124479 0.193519 0.028125 0.151852
1 0.144792 0.172685 0.023958 0.165741
1 0.160938 0.157407 0.029167 0.155556
1 0.152604 0.142593 0.028125 0.153704
1 0.117188 0.174074 0.020833 0.159259
1 0.468750 -0.032870 0.018750 0.128704
1 0.199479 0.066667 0.028125 0.148148
1 0.221094 0.600926 0.045312 0.224074
1 1.001302 0.694444 0.039062 0.214815
1 0.842448 0.066667 0.028646 0.131481
1 0.120052 0.773148 0.044271 0.233333
1 0.100000 0.717593 0.048958 0.231481
7 0.645833 0.076852 0.032292 0.090741
