1 0.851823 0.568056 0.025521 0.115741
1 0.741146 0.557870 0.025000 0.112037
1 0.173958 0.537963 0.014583 0.064815
1 0.623177 0.538889 0.017188 0.085185
1 0.631250 0.520833 0.011458 0.058333
1 0.124740 0.535185 0.008854 0.061111
1 0.467448 0.488426 0.009896 0.043519
1 0.167708 0.538426 0.009375 0.065741
1 0.170573 0.547222 0.011979 0.061111
1 0.117708 0.540278 0.012500 0.067593
1 0.138542 0.533796 0.013542 0.063889
1 0.499740 0.508333 0.010937 0.053704
1 0.561198 0.507870 0.011979 0.056481
1 0.551042 0.510185 0.011458 0.057407
1 0.649740 0.514352 0.011979 0.069444
1 0.597135 0.504630 0.009896 0.057407
1 0.610156 0.503704 0.015104 0.059259
1 0.509896 0.504167 0.011458 0.056481
