1 0.734115 0.637037 0.053646 0.224074
1 0.238802 0.331481 0.039062 0.203704
1 0.074740 0.620370 0.042188 0.231481
1 0.916146 0.519907 0.039583 0.193519
1 0.557552 0.966204 0.035937 0.252778
1 0.353646 0.820833 0.052083 0.232407
7 0.377865 0.242593 0.040104 0.103704
7 0.367969 0.325463 0.029687 0.112037
1 0.429688 0.218519 0.031250 0.161111
1 0.789583 0.131481 0.027083 0.137037
1 0.688542 0.231944 0.025000 0.147222
1 0.672396 0.238889 0.029167 0.164815
1 0.317448 0.229630 0.033854 0.153704
1 0.463021 0.270370 0.036458 0.174074
1 0.069010 0.410648 0.024479 0.173148
1 0.079427 0.393056 0.029687 0.187963
1 0.409375 0.323148 0.035417 0.179630
1 0.433073 0.331019 0.031771 0.167593
1 0.609115 0.221296 0.024479 0.148148
1 0.534375 0.203241 0.043750 0.156481
1 0.380469 0.071296 0.027604 0.150000
1 0.297396 0.020370 0.021875 0.124074
7 0.327344 0.029167 0.031771 0.071296
1 0.120313 0.659259 0.032292 0.198148
7 0.651563 0.081944 0.031250 0.108333
1 0.325000 0.334722 0.030208 0.176852
1 0.292187 0.346759 0.032292 0.189815
1 0.250000 0.040741 0.026042 0.138889
1 0.213542 0.038426 0.022917 0.147222
1 0.293229 0.136574 0.025000 0.154630
1 0.244792 0.112500 0.030208 0.150926
1 0.199219 0.179167 0.027604 0.162037
1 0.272396 0.269444 0.029167 0.155556
1 0.164062 0.195370 0.027083 0.157407
1 0.190104 0.162500 0.022917 0.158333
1 0.124740 0.192593 0.027604 0.151852
1 0.146354 0.172222 0.028125 0.170370
1 0.156250 0.152778 0.029167 0.155556
1 0.153125 0.142593 0.028125 0.153704
1 0.117188 0.174074 0.020833 0.159259
1 0.489583 -0.045370 0.021875 0.107407
1 0.197917 0.011111 0.022917 0.142593
1 0.236719 0.769444 0.046354 0.246296
1 0.803125 0.010648 0.025000 0.126852
7 0.645833 0.076852 0.032292 0.094444
