1 0.843750 0.654167 0.034375 0.217593
1 0.251042 0.071296 0.033333 0.162963
1 0.437760 0.674074 0.040104 0.237037
1 0.915625 0.520370 0.040625 0.198148
1 0.558333 0.981944 0.043750 0.236111
1 0.351042 0.816667 0.036458 0.231481
7 0.377865 0.242593 0.040104 0.103704
7 0.367969 0.325463 0.029687 0.112037
1 0.422135 0.213889 0.031771 0.157407
1 0.530208 0.031019 0.027083 0.137963
1 0.498177 0.021759 0.028646 0.147222
1 0.319271 0.129167 0.018750 0.136111
1 0.106510 0.376852 0.033854 0.177778
1 0.077865 0.354630 0.027604 0.192593
1 0.538542 0.808796 0.064583 0.239815
1 0.571094 0.812963 0.042188 0.218519
1 0.405208 0.148148 0.023958 0.137037
1 0.415885 0.155556 0.027604 0.155556
1 0.297135 0.022222 0.021354 0.122222
7 0.327344 0.029167 0.031771 0.071296
1 0.212760 0.220370 0.027604 0.151852
7 0.651563 0.082407 0.031250 0.109259
1 0.156771 0.902315 0.041667 0.239815
1 0.127083 0.872685 0.050000 0.258333
1 0.285417 0.178704 0.031250 0.159259
1 0.166406 0.114815 0.023438 0.151852
1 0.200521 0.182870 0.027083 0.162037
1 0.959115 0.719907 0.040104 0.199074
1 0.163802 0.193519 0.026562 0.157407
1 0.199479 0.166667 0.023958 0.162963
1 0.128646 0.200000 0.031250 0.146296
1 0.127865 0.182870 0.027604 0.160185
1 0.162500 0.163426 0.029167 0.160185
1 0.147396 0.146759 0.026042 0.145370
1 0.117708 0.174074 0.020833 0.159259
1 0.471615 0.029630 0.025521 0.150000
1 0.217708 0.276389 0.031250 0.176852
1 0.255990 0.186574 0.033854 0.167593
1 0.897656 0.366667 0.038021 0.183333
1 0.840885 0.344907 0.028646 0.173148
1 0.788802 0.063889 0.028646 0.131481
1 0.940625 0.287500 0.036458 0.160185
1 0.878646 0.078241 0.027083 0.149074
1 0.848437 0.071759 0.028125 0.158333
1 1.000000 0.312500 0.037500 0.178704
1 0.222917 0.109722 0.023958 0.149074
1 0.198437 0.115278 0.026042 0.137963
1 0.201302 -0.029167 0.023438 0.119444
1 0.220052 -0.015278 0.026562 0.141667
1 0.272656 -0.027778 0.023438 0.133333
7 0.647396 0.071759 0.033333 0.086111
