1 0.609375 0.371296 0.030208 0.133333
1 0.433854 0.370370 0.030208 0.150000
1 0.224740 0.437037 0.110937 0.411111
1 0.489063 0.374074 0.028125 0.140741
1 0.564323 0.345370 0.016146 0.066667
1 0.637500 0.384259 0.030208 0.224074
1 0.321354 0.357407 0.020833 0.094444
1 0.628385 0.387500 0.030729 0.197222
1 0.058594 0.385185 0.036979 0.140741
1 0.510417 0.343981 0.014583 0.058333
1 0.527865 0.340278 0.010937 0.037963
1 0.512760 0.335185 0.008854 0.044444
7 0.463021 0.363426 0.023958 0.065741
7 0.484115 0.368981 0.021354 0.063889
1 0.349740 0.348148 0.015104 0.066667
1 0.319271 0.346759 0.018750 0.076852
1 0.355208 0.346759 0.012500 0.060185
1 0.361979 0.348611 0.011458 0.058333
