1 0.850260 0.699074 0.040104 0.224074
1 0.249740 0.162037 0.035937 0.179630
1 0.323698 0.638889 0.051562 0.224074
1 0.915365 0.519907 0.041146 0.193519
1 0.526823 0.968519 0.045312 0.253704
1 0.351042 0.816667 0.036458 0.231481
7 0.377865 0.242593 0.040104 0.103704
7 0.367969 0.325463 0.029687 0.112037
1 0.429427 0.218519 0.030729 0.161111
1 0.760156 0.026389 0.026562 0.121296
1 0.543490 0.124074 0.027604 0.148148
1 0.511979 0.115278 0.031250 0.162037
1 0.277083 0.155093 0.026042 0.156481
1 0.496094 0.059722 0.029687 0.139815
1 0.069792 0.411111 0.026042 0.174074
1 0.054167 0.392130 0.037500 0.186111
1 0.464583 0.557407 0.044792 0.211111
1 0.494010 0.561574 0.035937 0.191667
1 0.405990 0.156019 0.023438 0.126852
1 0.382552 0.163889 0.028646 0.155556
1 0.379948 0.072222 0.025521 0.144444
1 0.297135 0.022685 0.021354 0.123148
7 0.327344 0.029167 0.031771 0.071296
1 0.123177 0.365278 0.027604 0.169444
7 0.651563 0.082407 0.031250 0.109259
1 0.255990 0.617593 0.033854 0.214815
1 0.201823 0.604167 0.045312 0.225000
1 0.294531 0.135648 0.026562 0.152778
1 0.182292 0.127778 0.031250 0.151852
1 0.201042 0.179630 0.027083 0.162963
1 0.581771 0.504167 0.031250 0.186111
1 0.161458 0.196759 0.027083 0.156481
1 0.195052 0.164815 0.023438 0.161111
1 0.127083 0.202315 0.029167 0.145370
1 0.132552 0.183796 0.030729 0.163889
1 0.147656 0.155556 0.028646 0.161111
1 0.149479 0.142130 0.026042 0.152778
1 0.117708 0.174074 0.020833 0.159259
1 0.445312 0.029630 0.028125 0.146296
1 0.236719 0.148148 0.029687 0.159259
1 0.251823 0.380093 0.035937 0.195370
1 0.953906 0.512963 0.032813 0.192593
1 0.825260 -0.012037 0.024479 0.135185
1 0.935156 0.166667 0.028646 0.146296
1 0.956771 0.138426 0.035417 0.149074
1 0.866146 0.088889 0.030208 0.150000
1 0.269531 1.038889 0.052604 0.124074
1 0.303906 0.997685 0.053646 0.206481
1 0.233594 0.013889 0.024479 0.127778
1 0.211719 0.023148 0.023438 0.125926
1 0.722396 -0.034259 0.033333 0.129630
7 0.646354 0.075463 0.032292 0.086111
1 0.651042 0.075926 0.034375 0.083333
