1 0.832292 0.682407 0.038542 0.224074
1 0.250000 0.132407 0.034375 0.174074
1 0.422656 0.643056 0.039062 0.230556
1 0.915365 0.519907 0.041146 0.193519
1 0.549479 0.974537 0.046875 0.243519
1 0.351042 0.816667 0.036458 0.231481
7 0.377865 0.242593 0.040104 0.103704
7 0.367969 0.325463 0.029687 0.112037
1 0.428385 0.218056 0.025521 0.158333
1 0.776823 -0.025463 0.026562 0.121296
1 0.538281 0.084259 0.026562 0.140741
1 0.502604 0.070833 0.030208 0.149074
1 0.276562 0.126852 0.021875 0.155556
1 0.480208 0.004167 0.027083 0.139815
1 0.071875 0.410648 0.027083 0.173148
1 0.059635 0.388889 0.027604 0.185185
1 0.488021 0.647222 0.061458 0.220370
1 0.522135 0.658796 0.042188 0.204630
1 0.406250 0.150463 0.021875 0.137963
1 0.385937 0.161574 0.030208 0.156481
1 0.391146 0.021759 0.025000 0.134259
1 0.297135 0.022222 0.021354 0.122222
7 0.327344 0.029167 0.031771 0.071296
1 0.138802 0.300000 0.025521 0.166667
7 0.651563 0.082407 0.031250 0.109259
1 0.207292 0.731019 0.036458 0.226852
1 0.161198 0.713889 0.046354 0.240741
1 0.289844 0.144907 0.027604 0.158333
1 0.182552 0.127778 0.030729 0.150000
1 0.200521 0.182407 0.027083 0.162963
1 0.726042 0.587500 0.037500 0.189815
1 0.163021 0.194444 0.027083 0.157407
1 0.192448 0.163889 0.025521 0.161111
1 0.128906 0.200926 0.028646 0.144444
1 0.134115 0.177778 0.026562 0.162963
1 0.155729 0.156944 0.030208 0.160185
1 0.148958 0.140741 0.026042 0.151852
1 0.117708 0.174074 0.020833 0.159259
1 0.458333 0.052778 0.025000 0.151852
1 0.238802 0.187963 0.029687 0.159259
1 0.252604 0.293981 0.039583 0.184259
1 0.982292 0.461111 0.045833 0.181481
1 0.890625 0.435648 0.035417 0.186111
1 0.800521 0.020833 0.027083 0.136111
1 0.928385 0.218981 0.035937 0.158333
1 0.936458 0.139815 0.029167 0.153704
1 0.921875 0.140741 0.033333 0.159259
1 0.902604 0.173611 0.034375 0.162037
1 0.230469 0.060648 0.021354 0.136111
1 0.203646 0.062500 0.031250 0.126852
1 0.720833 -0.035648 0.029167 0.125000
7 0.646875 0.073611 0.033333 0.086111
1 0.651563 0.076389 0.034375 0.084259
