1 0.597917 0.327315 0.029167 0.126852
1 0.413021 0.328241 0.032292 0.160185
1 0.452344 0.331944 0.023438 0.145370
1 0.618750 0.309259 0.031250 0.107407
1 0.763542 0.381944 0.060417 0.406481
1 0.369792 0.318519 0.020833 0.103704
1 0.734896 0.376389 0.051042 0.345370
1 0.527865 0.302315 0.016146 0.063889
1 0.072135 0.407407 0.054688 0.320370
1 0.114323 0.312963 0.017188 0.077778
1 0.557031 0.301852 0.011979 0.053704
1 0.545052 0.299074 0.010937 0.051852
7 0.478646 0.335648 0.025000 0.080556
7 0.495833 0.334722 0.025000 0.082407
1 0.316406 0.299537 0.011979 0.045370
1 0.323698 0.300926 0.010937 0.046296
1 0.335938 0.295833 0.010417 0.039815
1 0.341406 0.295370 0.010937 0.042593
1 0.386719 0.310185 0.010937 0.057407
1 0.351042 0.296296 0.010417 0.035185
1 0.357552 0.295833 0.009896 0.032407
