1 0.851042 0.584259 0.028125 0.138889
1 0.923438 0.550000 0.018750 0.090741
1 0.890885 0.535648 0.020313 0.089815
1 0.194792 0.577778 0.021875 0.112963
1 0.222917 0.576852 0.023958 0.109259
1 0.298698 0.550463 0.016146 0.086111
1 0.284375 0.554630 0.016667 0.081481
1 0.330208 0.541667 0.016667 0.083333
1 0.315365 0.547685 0.016146 0.091667
1 0.833854 0.498611 0.011458 0.045370
1 0.731771 0.496759 0.011458 0.054630
1 0.827344 0.500000 0.010937 0.050000
1 0.543750 0.472685 0.008333 0.026852
1 0.278646 0.528704 0.011458 0.077778
1 0.287500 0.536111 0.015625 0.090741
1 0.644792 0.474537 0.008333 0.037963
1 0.873698 0.493056 0.016146 0.052778
1 0.410156 0.495833 0.008854 0.047222
1 0.428646 0.500463 0.009375 0.049074
1 0.392969 0.494444 0.010937 0.050000
1 0.667188 0.483796 0.011458 0.043519
1 0.678385 0.483333 0.010937 0.044444
1 0.725781 0.487963 0.011979 0.048148
1 0.272135 0.546296 0.015104 0.070370
1 0.779427 0.487037 0.009896 0.048148
