1 0.836198 0.579167 0.027604 0.134259
1 0.906771 0.550000 0.023958 0.088889
1 0.879167 0.533796 0.020833 0.084259
1 0.205208 0.569444 0.021875 0.107407
1 0.232031 0.572685 0.023438 0.113889
1 0.308594 0.542593 0.017188 0.083333
1 0.293750 0.551389 0.015625 0.078704
1 0.335938 0.533333 0.016667 0.081481
1 0.320833 0.540278 0.013542 0.084259
1 0.726562 0.500926 0.011458 0.057407
1 0.826302 0.504167 0.011979 0.050926
1 0.548958 0.473611 0.007292 0.028704
1 0.286979 0.527778 0.011458 0.077778
1 0.296615 0.535185 0.016146 0.090741
1 0.644531 0.476852 0.008854 0.037037
1 0.874740 0.495833 0.014063 0.050926
1 0.413281 0.496759 0.008854 0.047222
1 0.431250 0.500463 0.009375 0.049074
1 0.396615 0.493056 0.010937 0.045370
1 0.665885 0.483333 0.010937 0.048148
1 0.677083 0.489352 0.009375 0.045370
1 0.727083 0.492593 0.011458 0.044444
1 0.282031 0.543981 0.015104 0.067593
1 0.779948 0.492593 0.009896 0.048148
