1 0.845313 0.654630 0.050000 0.214815
1 0.235417 0.623611 0.047917 0.225000
1 0.915625 0.518056 0.046875 0.191667
1 0.461198 0.986574 0.043229 0.226852
1 0.351042 0.816667 0.036458 0.231481
7 0.377865 0.242593 0.040104 0.103704
7 0.367969 0.325463 0.029687 0.112037
1 0.421615 0.208333 0.025521 0.162963
1 0.336979 0.125463 0.020833 0.128704
1 0.182292 0.266204 0.030208 0.163889
1 0.149479 0.265741 0.029167 0.185185
1 0.403385 0.145833 0.024479 0.139815
1 0.404427 0.121759 0.027604 0.158333
1 0.299219 0.019444 0.024479 0.122222
7 0.327344 0.029167 0.031771 0.071296
1 0.252604 0.070833 0.021875 0.130556
7 0.651563 0.081481 0.031250 0.109259
1 0.302083 0.186574 0.029167 0.162037
1 0.178906 0.049074 0.024479 0.138889
1 0.200000 0.181481 0.025000 0.159259
1 0.163281 0.192593 0.025521 0.155556
1 0.194531 0.164815 0.025521 0.164815
1 0.136719 0.200463 0.025521 0.150926
1 0.121615 0.179167 0.025521 0.171296
1 0.147917 0.165278 0.029167 0.162037
1 0.160156 0.141667 0.027604 0.151852
1 0.118229 0.174074 0.020833 0.159259
1 0.469531 -0.020833 0.025521 0.149074
1 0.174479 0.491667 0.037500 0.201852
1 0.252604 0.009722 0.031250 0.147222
1 0.665104 0.802778 0.050000 0.246296
1 0.625000 0.822222 0.041667 0.240741
1 0.846615 0.184259 0.029687 0.164815
1 0.779167 0.179167 0.028125 0.156481
1 0.766406 -0.006019 0.023438 0.126852
1 0.787240 -0.034259 0.022396 0.120370
1 0.785417 0.072222 0.030208 0.131481
1 0.260937 0.240278 0.023958 0.167593
1 0.231510 0.243519 0.033854 0.150000
1 0.147135 0.046759 0.024479 0.130556
1 0.236979 0.113426 0.030208 0.147222
1 0.206771 0.113889 0.027083 0.148148
1 0.237760 0.099074 0.025521 0.142593
1 0.833073 -0.002778 0.020313 0.077778
1 0.504948 0.010648 0.035937 0.128704
