1 0.507812 0.402778 0.036458 0.157407
1 0.451042 0.378704 0.027083 0.124074
1 0.408594 0.378241 0.023438 0.117593
1 0.906250 0.563889 0.106250 0.572222
1 1.022917 0.559722 0.110417 0.586111
1 0.318229 0.387500 0.034375 0.145370
1 0.453646 0.371296 0.021875 0.112963
1 0.463542 0.365741 0.016667 0.098148
1 0.157031 0.399537 0.025521 0.121296
1 0.576302 0.384722 0.033854 0.173148
1 0.472135 0.369907 0.017188 0.089815
1 0.506510 0.372222 0.017188 0.107407
1 0.254167 0.380093 0.019792 0.106481
1 0.239063 0.384259 0.013542 0.087037
1 0.289323 0.387500 0.017188 0.100926
1 0.269010 0.369444 0.015104 0.055556
1 0.420833 0.360185 0.013542 0.062963
1 0.070052 0.373148 0.011979 0.062963
1 0.093750 0.389352 0.020833 0.099074
7 0.368229 0.368519 0.018750 0.048148
7 0.384896 0.372222 0.015625 0.044444
7 0.813021 0.392593 0.029167 0.142593
1 0.280990 0.369444 0.011979 0.048148
