1 0.733333 0.637037 0.053125 0.224074
1 0.240104 0.288426 0.038542 0.199074
1 0.072917 0.624074 0.046875 0.229630
1 0.915885 0.519907 0.040104 0.193519
1 0.511719 0.968519 0.035937 0.253704
1 0.353906 0.820833 0.051562 0.232407
7 0.377865 0.242593 0.040104 0.103704
7 0.367969 0.325463 0.029687 0.112037
1 0.429427 0.218519 0.030729 0.161111
1 0.790104 0.131481 0.027083 0.137037
1 0.638021 0.201389 0.020833 0.152778
1 0.604427 0.210185 0.028646 0.170370
1 0.283854 0.195370 0.025000 0.161111
1 0.486719 0.221296 0.036979 0.168519
1 0.069271 0.410648 0.025000 0.173148
1 0.076302 0.391667 0.031771 0.185185
1 0.413021 0.375463 0.036458 0.186111
1 0.441667 0.381019 0.036458 0.176852
1 0.534896 0.192593 0.021875 0.144444
1 0.454167 0.180556 0.029167 0.159259
1 0.380729 0.072222 0.027083 0.150000
1 0.295833 0.022222 0.021875 0.124074
7 0.327344 0.029167 0.031771 0.071296
1 0.131771 0.572685 0.030208 0.189815
7 0.651563 0.082407 0.031250 0.109259
1 0.328385 0.396296 0.029687 0.177778
1 0.282031 0.402315 0.036979 0.199074
1 0.256250 0.005093 0.026042 0.137963
1 0.221615 0.001389 0.023438 0.147222
1 0.293490 0.136574 0.024479 0.154630
1 0.208073 0.114352 0.026562 0.150926
1 0.198958 0.178241 0.027083 0.162037
1 0.309115 0.330556 0.027604 0.162963
1 0.164062 0.195370 0.027083 0.157407
1 0.186979 0.162963 0.022917 0.159259
1 0.124479 0.193519 0.028125 0.151852
1 0.147396 0.172685 0.027083 0.165741
1 0.160156 0.157407 0.028646 0.155556
1 0.152604 0.142593 0.028125 0.153704
1 0.117188 0.174074 0.020833 0.159259
1 0.476823 -0.038889 0.022396 0.120370
1 0.193229 0.054630 0.028125 0.148148
1 0.231510 0.653241 0.043229 0.226852
1 0.823438 0.050000 0.028125 0.133333
1 0.080208 0.730093 0.053125 0.232407
1 0.037760 0.680093 0.058854 0.221296
7 0.645833 0.076852 0.032292 0.090741
