1 0.844531 0.651389 0.043229 0.219444
1 0.255469 0.044907 0.031771 0.163889
1 0.392969 0.651852 0.042188 0.229630
1 0.914844 0.519444 0.043229 0.194444
1 0.544792 0.975926 0.041667 0.238889
1 0.351042 0.816667 0.036458 0.231481
7 0.377865 0.242593 0.040104 0.103704
7 0.367969 0.325463 0.029687 0.112037
1 0.431771 0.213426 0.034375 0.156481
1 0.523958 0.009259 0.026042 0.133333
1 0.494792 0.005556 0.028125 0.144444
1 0.332813 0.127315 0.021875 0.132407
1 0.125781 0.349074 0.031771 0.174074
1 0.094010 0.334259 0.031771 0.190741
1 0.572135 0.884259 0.068229 0.246296
1 0.609635 0.884722 0.049479 0.230556
1 0.403906 0.145370 0.021354 0.140741
1 0.441667 0.138426 0.028125 0.152778
1 0.297135 0.021296 0.021354 0.122222
7 0.327344 0.029167 0.031771 0.071296
1 0.248698 0.186111 0.025521 0.146296
7 0.651563 0.082407 0.031250 0.109259
1 0.150521 0.977315 0.042708 0.232407
1 0.177344 0.929630 0.054688 0.255556
1 0.301302 0.185185 0.024479 0.157407
1 0.172396 0.096296 0.028125 0.148148
1 0.200521 0.183333 0.027083 0.161111
1 0.163281 0.193056 0.025521 0.156481
1 0.196094 0.163426 0.024479 0.163889
1 0.126302 0.200926 0.025521 0.148148
1 0.122135 0.180093 0.026562 0.165741
1 0.163281 0.166204 0.028646 0.154630
1 0.157031 0.144907 0.026562 0.147222
1 0.118229 0.174074 0.020833 0.159259
1 0.467969 0.022685 0.025521 0.149074
1 0.213542 0.315741 0.034375 0.177778
1 0.258854 0.150463 0.030208 0.165741
1 0.880469 0.327778 0.036979 0.185185
1 0.828646 0.310648 0.030208 0.171296
1 0.786458 0.070370 0.030208 0.131481
1 0.973958 0.322222 0.035417 0.164815
1 0.873177 0.054630 0.027604 0.140741
1 0.828906 0.042593 0.027604 0.153704
1 0.231771 0.131944 0.022917 0.154630
1 0.207292 0.138889 0.027083 0.138889
1 0.199219 -0.003704 0.024479 0.124074
1 0.240625 0.012037 0.027083 0.146296
1 0.205469 0.011574 0.026562 0.141667
7 0.647135 0.070833 0.032813 0.084259
