1 0.845052 0.653704 0.049479 0.216667
1 0.261979 0.027778 0.031250 0.168519
1 0.353125 0.621759 0.040625 0.232407
1 0.913542 0.518981 0.046875 0.193519
1 0.535417 0.985185 0.039583 0.229630
1 0.351042 0.816667 0.036458 0.231481
7 0.377865 0.242593 0.040104 0.103704
7 0.367969 0.325463 0.029687 0.112037
1 0.433073 0.213426 0.032813 0.156481
1 0.518490 -0.004167 0.025521 0.130556
1 0.490365 -0.007407 0.027604 0.140741
1 0.333594 0.126852 0.020313 0.131481
1 0.138802 0.328241 0.031771 0.169444
1 0.103125 0.322685 0.030208 0.189815
1 0.591927 0.929630 0.065104 0.242593
1 0.632031 0.931481 0.050521 0.227778
1 0.403385 0.145370 0.021354 0.140741
1 0.427344 0.125926 0.028646 0.151852
1 0.297396 0.021296 0.021875 0.122222
7 0.327344 0.029167 0.031771 0.071296
1 0.265365 0.165741 0.023438 0.144444
7 0.651563 0.082407 0.031250 0.109259
1 0.154167 1.007870 0.043750 0.184259
1 0.191146 0.975463 0.053125 0.245370
1 0.305208 0.185648 0.025000 0.160185
1 0.165104 0.086111 0.028125 0.146296
1 0.200521 0.183333 0.026042 0.159259
1 0.163021 0.193056 0.025000 0.156481
1 0.195573 0.165278 0.024479 0.162037
1 0.126823 0.199074 0.027604 0.148148
1 0.117448 0.179167 0.026562 0.167593
1 0.160938 0.167130 0.028125 0.152778
1 0.157552 0.143056 0.027604 0.150926
1 0.466667 0.011574 0.026042 0.149074
1 0.206250 0.345370 0.033333 0.181481
1 0.267448 0.123148 0.031771 0.161111
1 0.877083 0.300463 0.036458 0.182407
1 0.823698 0.281944 0.026562 0.167593
1 0.786458 0.070370 0.030208 0.131481
1 0.995833 0.347685 0.036458 0.163889
1 0.859635 0.033333 0.027604 0.140741
1 0.812500 0.022685 0.027083 0.150926
1 0.237500 0.143056 0.025000 0.154630
1 0.216406 0.153241 0.024479 0.141667
1 0.196875 0.012500 0.025000 0.126852
1 0.235156 0.028704 0.029687 0.144444
1 0.202865 0.022685 0.026562 0.141667
7 0.647135 0.070833 0.032813 0.084259
