1 0.835677 0.662500 0.031771 0.223148
1 0.253125 0.081019 0.037500 0.163889
1 0.446875 0.679630 0.036458 0.238889
1 0.916406 0.518519 0.040104 0.196296
1 0.560156 0.980093 0.043229 0.237963
1 0.351042 0.816667 0.036458 0.231481
7 0.377865 0.242593 0.040104 0.103704
7 0.367969 0.325463 0.029687 0.112037
1 0.423177 0.212963 0.028646 0.157407
1 0.531250 0.038426 0.027083 0.137963
1 0.498698 0.028704 0.028646 0.148148
1 0.313281 0.131019 0.019271 0.141667
1 0.102344 0.385185 0.034896 0.175926
1 0.075000 0.363426 0.035417 0.193519
1 0.528125 0.787500 0.061458 0.239815
1 0.560677 0.791204 0.040104 0.213889
1 0.402604 0.162037 0.031250 0.155556
1 0.297135 0.022222 0.021354 0.122222
7 0.327344 0.029167 0.031771 0.071296
1 0.198698 0.225000 0.024479 0.151852
7 0.651563 0.082407 0.031250 0.109259
1 0.160417 0.876852 0.041667 0.240741
1 0.125000 0.852315 0.047917 0.252778
1 0.283333 0.174074 0.028125 0.161111
1 0.169792 0.120370 0.021875 0.151852
1 0.200521 0.182870 0.027083 0.162037
1 0.934896 0.696759 0.034375 0.199074
1 0.163802 0.193519 0.026562 0.157407
1 0.200260 0.164815 0.023438 0.164815
1 0.128906 0.200000 0.031771 0.146296
1 0.131250 0.182407 0.028125 0.161111
1 0.161198 0.162037 0.029687 0.162963
1 0.145573 0.143981 0.026562 0.149074
1 0.117708 0.174074 0.020833 0.159259
1 0.473958 0.035185 0.025000 0.150000
1 0.218490 0.262500 0.031771 0.171296
1 0.257812 0.201852 0.033333 0.168519
1 0.909375 0.382870 0.041667 0.186111
1 0.846615 0.359722 0.030729 0.178704
1 0.789844 0.062037 0.029687 0.133333
1 0.935156 0.275000 0.031771 0.159259
1 0.883854 0.089815 0.027083 0.151852
1 0.852083 0.082870 0.028125 0.158333
1 0.988802 0.292593 0.034896 0.175926
1 0.220573 0.103704 0.023438 0.146296
1 0.196615 0.109259 0.029687 0.135185
1 0.201302 -0.038426 0.023438 0.117593
1 0.225521 -0.028704 0.026042 0.135185
1 0.279948 -0.032407 0.023438 0.133333
1 0.700521 -0.041204 0.026042 0.115741
7 0.647396 0.071759 0.033333 0.086111
