1 0.847135 0.683333 0.050521 0.224074
1 0.254948 0.143056 0.034896 0.175000
1 0.401042 0.629167 0.038542 0.217593
1 0.915365 0.519907 0.041146 0.193519
1 0.533854 0.976389 0.046875 0.237963
1 0.351042 0.816667 0.036458 0.231481
7 0.377865 0.242593 0.040104 0.103704
7 0.367969 0.325463 0.029687 0.112037
1 0.428906 0.218056 0.027604 0.158333
1 0.772656 -0.015278 0.026562 0.121296
1 0.538802 0.098148 0.027604 0.148148
1 0.506250 0.084259 0.030208 0.155556
1 0.266927 0.130556 0.021354 0.151852
1 0.485938 0.018056 0.027083 0.139815
1 0.070573 0.410648 0.026562 0.173148
1 0.059375 0.390278 0.027083 0.184259
1 0.476302 0.619444 0.054688 0.216667
1 0.510417 0.626389 0.040625 0.199074
1 0.404427 0.152315 0.025521 0.134259
1 0.387240 0.162500 0.030729 0.156481
1 0.386719 0.043056 0.025521 0.136111
1 0.297135 0.022685 0.021354 0.123148
7 0.327344 0.029167 0.031771 0.071296
1 0.125781 0.317130 0.027604 0.162037
7 0.651563 0.082407 0.031250 0.109259
1 0.221615 0.693981 0.036979 0.219444
1 0.172396 0.680556 0.047917 0.237037
1 0.297656 0.142593 0.028646 0.151852
1 0.182552 0.129167 0.030729 0.150926
1 0.200521 0.182407 0.027083 0.162963
1 0.673698 0.568056 0.046354 0.187963
1 0.163021 0.194444 0.027083 0.157407
1 0.191667 0.162963 0.027083 0.161111
1 0.134115 0.200926 0.039062 0.142593
1 0.134635 0.180556 0.031771 0.162963
1 0.158333 0.156019 0.029167 0.160185
1 0.148177 0.140741 0.026562 0.151852
1 0.117708 0.174074 0.020833 0.159259
1 0.449479 0.046296 0.023958 0.151852
1 0.235937 0.177315 0.028125 0.160185
1 0.254167 0.315741 0.042708 0.185185
1 0.992708 0.483333 0.040625 0.177778
1 0.912240 0.456019 0.033854 0.189815
1 0.805729 0.012963 0.028125 0.137037
1 0.932552 0.199074 0.027604 0.150000
1 0.947656 0.141204 0.034896 0.152778
1 0.960156 0.143981 0.036979 0.160185
1 0.885938 0.148148 0.034375 0.159259
1 0.232292 0.049537 0.021875 0.136111
1 0.203646 0.050000 0.035417 0.127778
1 0.721615 -0.035185 0.030729 0.125926
7 0.646875 0.074537 0.033333 0.086111
1 0.651563 0.076389 0.034375 0.084259
