1 0.451823 0.503704 0.013021 0.059259
1 0.588281 0.563426 0.022396 0.119444
1 0.568490 0.566204 0.023438 0.117593
1 0.537240 0.570370 0.016146 0.111111
1 0.551823 0.574074 0.019271 0.124074
1 0.401042 1.014815 0.069792 0.377778
1 0.351042 0.949074 0.076042 0.370370
1 0.425781 0.498148 0.011979 0.061111
1 0.246615 0.786574 0.080729 0.273148
1 0.571094 0.569444 0.022396 0.116667
1 0.857292 0.634722 0.037500 0.186111
1 0.258073 0.813426 0.077604 0.310185
1 0.465885 0.568519 0.021354 0.112963
1 0.503125 0.565278 0.031250 0.113889
1 0.754427 0.680556 0.044271 0.190741
1 0.379167 0.881944 0.040625 0.321296
1 0.782292 0.649537 0.041667 0.169444
1 0.748177 0.636574 0.032813 0.160185
1 0.475521 0.558796 0.025000 0.108333
