0 0.845052 0.654630 0.049479 0.214815
0 0.251563 -0.014815 0.031250 0.166667
0 0.230469 0.605093 0.044271 0.230556
0 0.917188 0.518981 0.052083 0.193519
0 0.465885 0.979630 0.039062 0.238889
0 0.351042 0.816667 0.036458 0.231481
2 0.377865 0.242593 0.040104 0.103704
2 0.367969 0.325463 0.029687 0.112037
0 0.433333 0.213889 0.032292 0.157407
0 0.500521 -0.036574 0.025000 0.125000
0 0.338542 0.125926 0.020833 0.129630
0 0.160156 0.289352 0.028646 0.162037
0 0.135156 0.286574 0.031771 0.178704
0 0.591406 1.023611 0.052604 0.154630
0 0.635417 1.027315 0.048958 0.147222
0 0.402865 0.145833 0.024479 0.141667
0 0.403385 0.122222 0.026562 0.159259
0 0.298177 0.020370 0.023438 0.122222
2 0.327344 0.029167 0.031771 0.071296
0 0.262500 0.108796 0.022917 0.134259
2 0.651563 0.082407 0.031250 0.109259
0 0.305990 0.183796 0.024479 0.163889
0 0.166406 0.055093 0.026562 0.139815
0 0.200000 0.183333 0.025000 0.159259
0 0.163021 0.193519 0.025000 0.155556
0 0.194531 0.168519 0.026562 0.157407
0 0.130208 0.199074 0.028125 0.148148
0 0.122135 0.181019 0.026562 0.167593
0 0.151042 0.168056 0.029167 0.162037
0 0.156771 0.141667 0.027083 0.151852
0 0.118229 0.174074 0.020833 0.159259
0 0.472917 -0.008796 0.026042 0.149074
0 0.182031 0.420370 0.035937 0.196296
0 0.256510 0.060185 0.027604 0.148148
0 0.753646 0.926389 0.053125 0.234259
0 0.707552 0.943056 0.043229 0.228704
0 0.864583 0.229630 0.038542 0.166667
0 0.791406 0.229630 0.027604 0.157407
0 0.786458 0.071296 0.030208 0.131481
0 0.811979 -0.014815 0.027083 0.137037
0 0.774219 -0.026852 0.025521 0.138889
0 0.261979 0.190278 0.022917 0.163889
0 0.234896 0.193056 0.036458 0.147222
0 0.160417 0.039352 0.028125 0.128704
0 0.226042 0.076852 0.028125 0.148148
0 0.197396 0.072685 0.026042 0.141667
0 0.229687 0.063889 0.022917 0.140741
0 0.843229 -0.006481 0.019792 0.077778
0 0.596875 0.027315 0.028125 0.132407
