0 0.845313 0.654630 0.050000 0.214815
0 0.234635 0.623148 0.048438 0.225926
0 0.915625 0.518056 0.046875 0.191667
0 0.461719 0.986111 0.043229 0.127778
0 0.351042 0.816667 0.036458 0.231481
2 0.377865 0.242593 0.040104 0.103704
2 0.367969 0.325463 0.029687 0.112037
0 0.421615 0.208333 0.025521 0.162963
0 0.336979 0.125463 0.020833 0.128704
0 0.181771 0.266667 0.031250 0.162963
0 0.149479 0.266667 0.029167 0.185185
0 0.403385 0.145833 0.024479 0.139815
0 0.404427 0.121759 0.027604 0.158333
0 0.253125 0.071759 0.021875 0.130556
2 0.651563 0.081481 0.031250 0.109259
0 0.302083 0.186574 0.029167 0.162037
0 0.200000 0.181481 0.025000 0.159259
0 0.163281 0.192593 0.025521 0.155556
0 0.194531 0.164815 0.025521 0.164815
0 0.136719 0.200463 0.025521 0.150926
0 0.121615 0.179167 0.025521 0.171296
0 0.147917 0.165278 0.029167 0.162037
0 0.160156 0.141667 0.027604 0.151852
0 0.118229 0.174074 0.020833 0.159259
0 0.174479 0.489352 0.037500 0.200926
0 0.666406 0.805556 0.050521 0.248148
0 0.626042 0.823611 0.041667 0.239815
0 0.846875 0.185185 0.030208 0.164815
0 0.779427 0.180093 0.027604 0.156481
0 0.785417 0.072222 0.030208 0.131481
0 0.260937 0.239352 0.023958 0.167593
0 0.232031 0.243519 0.032813 0.150000
0 0.236458 0.112500 0.030208 0.147222
0 0.206250 0.112037 0.027083 0.146296
0 0.237240 0.098148 0.025521 0.142593
