1 0.870573 0.585648 0.031771 0.163889
1 0.107292 0.597222 0.018750 0.096296
1 0.864583 0.649074 0.036458 0.194444
1 0.520833 0.496759 0.010417 0.037963
1 0.718750 0.525463 0.014583 0.080556
1 0.094792 0.598148 0.015625 0.092593
1 0.095052 0.611111 0.015104 0.094444
1 0.024219 0.606019 0.016146 0.093519
1 0.640365 0.560185 0.022396 0.096296
1 0.260156 0.512037 0.007812 0.038889
1 0.601302 0.509722 0.014063 0.062037
1 0.017188 0.606481 0.020833 0.094444
1 0.571875 0.523611 0.018750 0.071296
1 0.550781 0.522222 0.011979 0.064815
1 0.586458 0.526852 0.011458 0.066667
