1 0.590625 0.316667 0.034375 0.151852
1 0.457813 0.310185 0.030208 0.140741
1 0.440365 0.321296 0.038021 0.185185
1 0.829948 0.533796 0.121354 0.673148
1 0.976823 0.540278 0.133854 0.737963
1 0.253125 0.325000 0.056250 0.214815
1 0.488802 0.308333 0.022396 0.124074
1 0.515104 0.275926 0.012500 0.046296
1 0.550521 0.308333 0.030208 0.131481
1 0.272917 0.305556 0.025000 0.105556
1 0.614323 0.298611 0.017188 0.110185
1 0.166667 0.324537 0.038542 0.191667
1 0.141406 0.330093 0.027604 0.171296
1 0.397656 0.304167 0.021354 0.106481
1 0.384375 0.305556 0.020833 0.109259
1 0.321354 0.311574 0.022917 0.121296
1 0.039583 0.280093 0.017708 0.086111
1 0.065104 0.306019 0.026042 0.123148
1 0.077865 0.292130 0.017188 0.071296
1 0.372396 0.282407 0.010417 0.064815
1 0.342708 0.285185 0.011458 0.053704
1 0.349219 0.287037 0.013021 0.053704
