1 0.734375 0.637037 0.053125 0.224074
1 0.239063 0.346296 0.038542 0.203704
1 0.073698 0.621296 0.043229 0.233333
1 0.916146 0.519907 0.039583 0.193519
1 0.573438 0.975000 0.041667 0.248148
1 0.353646 0.820833 0.052083 0.232407
7 0.377865 0.242593 0.040104 0.103704
7 0.367969 0.325463 0.029687 0.112037
1 0.429688 0.218519 0.031250 0.161111
1 0.789583 0.131944 0.027083 0.136111
1 0.706510 0.233796 0.025521 0.145370
1 0.695052 0.243519 0.027604 0.166667
1 0.333073 0.237963 0.034896 0.144444
1 0.474479 0.279167 0.036458 0.176852
1 0.069010 0.410648 0.024479 0.173148
1 0.079167 0.393056 0.029167 0.187963
1 0.415365 0.304167 0.030729 0.169444
1 0.436458 0.310648 0.029167 0.160185
1 0.630990 0.230093 0.027604 0.149074
1 0.562760 0.206019 0.044271 0.156481
1 0.380469 0.071296 0.027604 0.150000
1 0.300000 0.020370 0.026042 0.124074
7 0.327344 0.029167 0.031771 0.071296
1 0.101823 0.684259 0.044271 0.200000
7 0.651563 0.081944 0.031250 0.108333
1 0.316927 0.319444 0.028646 0.177778
1 0.291667 0.334722 0.028125 0.189815
1 0.248438 0.050926 0.025000 0.140741
1 0.210938 0.051389 0.022917 0.147222
1 0.293229 0.136574 0.025000 0.154630
1 0.259635 0.108796 0.026562 0.147222
1 0.199219 0.179167 0.027604 0.162037
1 0.265104 0.249537 0.030208 0.156481
1 0.164062 0.194444 0.027083 0.157407
1 0.190625 0.163426 0.022917 0.162037
1 0.126823 0.192130 0.025521 0.152778
1 0.148698 0.170833 0.026562 0.171296
1 0.162500 0.151852 0.029167 0.155556
1 0.153125 0.142593 0.028125 0.153704
1 0.117188 0.174074 0.020833 0.159259
1 0.489063 -0.045370 0.021875 0.107407
1 0.202083 0.002778 0.022917 0.142593
1 0.228646 0.804630 0.051042 0.246296
1 0.794531 -0.000463 0.024479 0.126852
7 0.646354 0.075926 0.033333 0.096296
