1 0.340104 0.512500 0.013542 0.062037
1 0.470573 0.581481 0.025521 0.124074
1 0.414583 0.585185 0.019792 0.112963
1 0.429948 0.595833 0.021354 0.141667
1 0.127083 1.091204 0.070833 0.319444
1 0.065885 1.045370 0.088021 0.379630
1 0.315365 0.504167 0.013021 0.062037
1 0.449219 0.588889 0.020313 0.125926
1 0.725781 0.656019 0.044271 0.189815
1 0.338542 0.582407 0.025000 0.111111
1 0.372135 0.576389 0.022396 0.119444
1 0.637240 0.718056 0.049479 0.204630
1 0.124219 0.993519 0.047396 0.407407
1 0.679427 0.675463 0.050521 0.182407
1 0.635938 0.654167 0.033333 0.171296
1 0.353646 0.565278 0.025000 0.108333
