1 0.846354 0.657407 0.052083 0.220370
1 0.319531 0.616204 0.035937 0.228704
1 0.916146 0.519907 0.039583 0.195370
1 0.482031 0.984259 0.041146 0.231481
1 0.351042 0.816667 0.036458 0.231481
7 0.377865 0.242593 0.040104 0.103704
7 0.367969 0.325463 0.029687 0.112037
1 0.431510 0.208333 0.036979 0.157407
1 0.337240 0.125463 0.020313 0.128704
1 0.245573 0.235185 0.030729 0.153704
1 0.273958 0.243981 0.034375 0.176852
1 0.404687 0.144444 0.027083 0.148148
1 0.395573 0.109259 0.029687 0.151852
1 0.302083 0.015741 0.028125 0.124074
7 0.327344 0.029167 0.031771 0.071296
7 0.651563 0.081481 0.031250 0.109259
1 0.296354 0.188426 0.030208 0.154630
1 0.169531 0.051852 0.017188 0.138889
1 0.208333 0.177315 0.029167 0.160185
1 0.164062 0.195370 0.026042 0.155556
1 0.199479 0.160185 0.023958 0.161111
1 0.135417 0.205556 0.028125 0.148148
1 0.121094 0.181481 0.032813 0.168519
1 0.151823 0.162037 0.031771 0.157407
1 0.190625 0.147222 0.026042 0.150000
1 0.124740 0.167130 0.020313 0.154630
1 0.467187 -0.025463 0.026042 0.147222
1 0.224219 0.991204 0.051562 0.219444
1 0.505208 0.317130 0.034375 0.184259
1 0.459375 0.329167 0.030208 0.180556
1 0.611719 0.645833 0.045312 0.234259
1 0.893490 0.739352 0.044271 0.217593
1 0.896354 0.701852 0.051042 0.237037
1 0.745833 -0.013889 0.029167 0.133333
1 0.710156 -0.011111 0.023438 0.137037
1 0.980469 0.313426 0.032813 0.175000
1 0.904687 0.271296 0.031250 0.164815
1 0.794531 -0.023611 0.027604 0.145370
1 0.770312 -0.018519 0.023958 0.140741
1 0.783594 0.269907 0.035937 0.149074
1 0.679427 0.251852 0.033854 0.153704
1 0.460677 0.003704 0.028646 0.146296
1 0.428125 -0.008333 0.023958 0.142593
1 0.407552 0.011111 0.026562 0.135185
1 0.264583 0.181019 0.023958 0.145370
1 0.211979 0.573611 0.034375 0.210185
1 0.171875 0.583796 0.045833 0.193519
1 0.241667 0.143981 0.032292 0.158333
1 0.268490 0.130556 0.030729 0.151852
1 0.218750 0.087500 0.032292 0.150926
1 0.246094 0.086111 0.026562 0.140741
1 0.244531 0.032870 0.027604 0.132407
1 0.208594 0.385185 0.038021 0.181481
1 0.170573 0.387963 0.033854 0.187037
1 0.270573 0.379167 0.038021 0.178704
1 0.391667 0.002315 0.031250 0.123148
