1 0.833854 0.664815 0.031250 0.224074
1 0.254167 0.083333 0.039583 0.164815
1 0.448698 0.680093 0.034896 0.237963
1 0.916667 0.517593 0.040625 0.194444
1 0.560677 0.980093 0.043229 0.237963
1 0.351042 0.816667 0.036458 0.231481
7 0.377865 0.242593 0.040104 0.103704
7 0.367969 0.325463 0.029687 0.112037
1 0.424740 0.212963 0.028646 0.157407
1 0.531250 0.042130 0.027083 0.137963
1 0.499219 0.030556 0.028646 0.148148
1 0.312240 0.131944 0.020313 0.143519
1 0.101302 0.387037 0.034896 0.174074
1 0.074740 0.366204 0.038021 0.195370
1 0.526823 0.782407 0.060937 0.238889
1 0.558333 0.788426 0.038542 0.215741
1 0.405990 0.150463 0.024479 0.128704
1 0.399479 0.163426 0.033333 0.156481
1 0.297135 0.022222 0.021354 0.122222
7 0.327344 0.029167 0.031771 0.071296
1 0.195573 0.226852 0.023438 0.151852
7 0.651563 0.082407 0.031250 0.109259
1 0.161979 0.871296 0.041667 0.240741
1 0.125260 0.848148 0.047396 0.250000
1 0.283333 0.173148 0.027083 0.161111
1 0.171354 0.123148 0.021875 0.151852
1 0.200521 0.182870 0.027083 0.162037
1 0.928646 0.691204 0.034375 0.199074
1 0.164062 0.194444 0.027083 0.157407
1 0.201042 0.164815 0.023958 0.164815
1 0.128906 0.200000 0.031771 0.146296
1 0.132292 0.182407 0.028125 0.161111
1 0.161719 0.161574 0.029687 0.163889
1 0.146094 0.143519 0.026562 0.150000
1 0.117708 0.174074 0.020833 0.159259
1 0.475000 0.037037 0.025000 0.150000
1 0.219010 0.258333 0.031771 0.168519
1 0.256771 0.204167 0.034375 0.169444
1 0.911719 0.385648 0.043229 0.186111
1 0.848437 0.362500 0.031250 0.178704
1 0.790365 0.061111 0.029687 0.135185
1 0.934115 0.272222 0.029687 0.159259
1 0.884375 0.091667 0.027083 0.151852
1 0.852604 0.085648 0.028125 0.158333
1 0.985677 0.288889 0.034896 0.175926
1 0.220052 0.102778 0.023438 0.146296
1 0.196615 0.108333 0.029687 0.135185
1 0.201302 -0.040741 0.023438 0.116667
1 0.227083 -0.031481 0.026042 0.131481
1 0.701042 -0.041204 0.026042 0.115741
7 0.647396 0.071759 0.033333 0.086111
