1 0.846354 0.654630 0.052083 0.214815
1 0.358333 0.648148 0.041667 0.229630
1 0.916146 0.517130 0.039583 0.195370
1 0.477344 0.984259 0.044271 0.227778
1 0.351042 0.816667 0.036458 0.231481
7 0.377865 0.242593 0.040104 0.103704
7 0.367969 0.325463 0.029687 0.112037
1 0.434635 0.208796 0.040104 0.160185
1 0.336979 0.125463 0.020833 0.128704
1 0.194792 0.236111 0.025000 0.155556
1 0.173437 0.239352 0.037500 0.176852
1 0.405729 0.141667 0.028125 0.146296
1 0.398698 0.116667 0.028646 0.155556
1 0.301302 0.017593 0.027604 0.122222
7 0.327344 0.029167 0.031771 0.071296
1 0.270052 -0.017130 0.022396 0.115741
7 0.651563 0.081481 0.031250 0.109259
1 0.306250 0.188426 0.030208 0.158333
1 0.174740 0.049074 0.023438 0.138889
1 0.200000 0.177778 0.025000 0.159259
1 0.163021 0.193056 0.026042 0.154630
1 0.192969 0.161111 0.024479 0.161111
1 0.137500 0.199074 0.027083 0.155556
1 0.127604 0.180556 0.025000 0.168519
1 0.148438 0.165741 0.025000 0.161111
1 0.175000 0.150000 0.026042 0.150000
1 0.118750 0.170370 0.020833 0.159259
1 0.467187 -0.025463 0.026042 0.147222
1 0.163542 0.680556 0.042708 0.224074
1 0.539583 0.562963 0.044792 0.216667
1 0.495312 0.577778 0.035417 0.214815
1 0.750260 1.016204 0.043229 0.147222
1 0.969271 0.754167 0.047917 0.228704
1 1.005990 0.697685 0.044271 0.237963
1 0.800260 0.085648 0.036979 0.149074
1 0.748958 0.087500 0.025000 0.143519
1 0.888802 0.106019 0.026562 0.145370
1 0.831510 0.079630 0.024479 0.133333
1 0.782292 0.135185 0.030208 0.138889
1 0.577344 0.042130 0.028646 0.143519
1 0.432292 -0.040741 0.019792 0.116667
1 0.392969 0.003241 0.022396 0.125000
1 0.265625 0.045370 0.023958 0.122222
1 0.239063 0.362963 0.027083 0.183333
1 0.197396 0.361574 0.041667 0.165741
1 0.201042 0.134259 0.026042 0.159259
1 0.230208 -0.005556 0.022917 0.125926
1 0.213281 -0.025926 0.020313 0.111111
1 0.145833 0.047685 0.027083 0.128704
1 0.263021 0.226389 0.030208 0.167593
1 0.230990 0.216667 0.030729 0.159259
1 0.259375 0.200926 0.027083 0.155556
1 0.411458 -0.003241 0.022917 0.128704
