1 0.427344 0.369444 0.091146 0.442593
1 0.504167 0.357870 0.092708 0.484259
1 0.260417 0.380556 0.145833 0.587037
1 0.328125 0.377315 0.072917 0.399074
1 0.622135 0.371296 0.063021 0.359259
1 0.711458 0.323611 0.018750 0.110185
1 0.362500 0.315741 0.034375 0.179630
1 0.575781 0.322685 0.022396 0.115741
1 0.683073 0.325000 0.015104 0.094444
1 0.668490 0.316667 0.013021 0.079630
1 0.825260 0.322685 0.017188 0.095370
1 0.944010 0.324074 0.020313 0.114815
1 0.915625 0.320833 0.017708 0.086111
1 0.933594 0.320370 0.019271 0.092593
1 0.735677 0.314352 0.013021 0.058333
1 0.985156 0.327315 0.018229 0.106481
