1 0.539062 0.403704 0.036458 0.159259
1 0.481771 0.383333 0.026042 0.122222
1 0.435937 0.374537 0.020833 0.115741
1 0.989323 0.566204 0.100521 0.550926
1 0.059375 0.433796 0.057292 0.230556
1 0.327865 0.395370 0.038021 0.140741
1 0.474479 0.382407 0.021875 0.109259
1 0.015104 0.446296 0.042708 0.179630
1 0.495052 0.374537 0.015104 0.095370
1 0.194010 0.399537 0.025521 0.121296
1 0.595052 0.388889 0.029687 0.159259
1 0.289583 0.384259 0.016667 0.096296
1 0.279427 0.384722 0.014063 0.078704
1 0.294010 0.372685 0.016146 0.054630
1 0.444531 0.363426 0.013021 0.063889
1 0.109115 0.374537 0.010937 0.062037
1 0.132552 0.394444 0.017188 0.094444
7 0.396354 0.371759 0.017708 0.045370
7 0.405208 0.375926 0.015625 0.044444
1 0.136198 0.375926 0.011979 0.059259
7 0.823438 0.394907 0.030208 0.136111
1 0.304948 0.373148 0.013021 0.048148
