1 0.921875 0.682870 0.045833 0.204630
1 0.929688 0.573611 0.022917 0.099074
1 0.876823 0.558333 0.018229 0.101852
1 0.043750 0.604167 0.028125 0.137963
1 0.075781 0.611111 0.035937 0.135185
1 0.155208 0.596296 0.023958 0.112963
1 0.130729 0.601389 0.017708 0.106481
1 0.207031 0.566667 0.019271 0.100000
1 0.186458 0.592130 0.022917 0.123148
1 0.779167 0.520370 0.013542 0.050000
1 0.700000 0.526852 0.014583 0.064815
1 0.763021 0.516204 0.010417 0.052778
1 0.457292 0.485185 0.007292 0.031481
1 0.151302 0.549537 0.014063 0.086111
1 0.319531 0.505093 0.008854 0.043519
1 0.142969 0.585648 0.021354 0.119444
1 0.588021 0.488889 0.009375 0.040741
1 0.336198 0.511574 0.009896 0.058333
1 0.347396 0.516667 0.010417 0.057407
1 0.306510 0.509259 0.009896 0.057407
1 0.328125 0.503704 0.010417 0.055556
1 0.758854 0.512500 0.011458 0.056481
1 0.614323 0.501389 0.009896 0.043519
1 0.622917 0.506019 0.011458 0.045370
1 0.656771 0.504630 0.009375 0.044444
1 0.697135 0.507870 0.011979 0.049074
1 0.690365 0.514352 0.013021 0.050926
1 0.112240 0.593519 0.016146 0.094444
1 0.801302 0.512963 0.010937 0.057407
1 0.781510 0.514352 0.011979 0.052778
1 0.705729 0.502778 0.011458 0.048148
