1 0.733594 0.637037 0.053646 0.224074
1 0.238542 0.307870 0.039583 0.202778
1 0.073438 0.621296 0.046875 0.229630
1 0.916146 0.519907 0.039583 0.193519
1 0.530990 0.973148 0.035937 0.253704
1 0.353646 0.820833 0.052083 0.232407
7 0.377865 0.242593 0.040104 0.103704
7 0.367969 0.325463 0.029687 0.112037
1 0.429688 0.218519 0.031250 0.161111
1 0.790104 0.131481 0.027083 0.137037
1 0.658854 0.215278 0.020833 0.150926
1 0.632812 0.225000 0.034375 0.168519
1 0.295833 0.206944 0.030208 0.149074
1 0.473958 0.246296 0.042708 0.170370
1 0.069010 0.410648 0.024479 0.173148
1 0.080208 0.393056 0.031250 0.187963
1 0.406771 0.348148 0.036458 0.181481
1 0.433594 0.356944 0.035937 0.167593
1 0.575000 0.206481 0.027083 0.144444
1 0.492188 0.188426 0.030208 0.158333
1 0.380469 0.071296 0.027604 0.150000
1 0.296875 0.020370 0.021875 0.124074
7 0.327344 0.029167 0.031771 0.071296
1 0.137500 0.613426 0.031250 0.191667
7 0.651563 0.082407 0.031250 0.109259
1 0.330469 0.368056 0.029687 0.176852
1 0.289844 0.374537 0.031771 0.191667
1 0.251563 0.021759 0.026042 0.137963
1 0.220573 0.018056 0.023438 0.147222
1 0.293490 0.136574 0.024479 0.154630
1 0.225781 0.112963 0.032813 0.146296
1 0.198958 0.179167 0.027083 0.162037
1 0.288802 0.296759 0.029687 0.154630
1 0.164062 0.195370 0.027083 0.157407
1 0.188021 0.164352 0.022917 0.162037
1 0.124479 0.193519 0.028125 0.151852
1 0.146615 0.172685 0.027604 0.169444
1 0.154167 0.153704 0.029167 0.155556
1 0.152604 0.142593 0.028125 0.153704
1 0.117188 0.174074 0.020833 0.159259
1 0.488021 -0.040741 0.019792 0.116667
1 0.191146 0.026389 0.027083 0.147222
1 0.240104 0.709722 0.045833 0.234259
1 0.810937 0.029630 0.027083 0.125926
1 0.041146 0.685648 0.059375 0.219444
7 0.645833 0.076852 0.032292 0.092593
