1 0.643490 0.350926 0.031771 0.138889
1 0.462500 0.339815 0.030208 0.146296
1 0.072135 0.458796 0.150521 0.562037
1 0.210156 0.385185 0.075521 0.327778
1 0.507812 0.350000 0.029167 0.137037
1 0.565104 0.316204 0.015625 0.060185
1 0.617188 0.350926 0.026042 0.175926
1 0.334635 0.326389 0.021354 0.100926
1 0.619271 0.348611 0.027083 0.160185
1 0.520052 0.313426 0.014063 0.058333
1 0.305208 0.342130 0.021875 0.136111
1 0.537500 0.312963 0.009375 0.038889
1 0.527604 0.309722 0.008333 0.039815
7 0.475781 0.334259 0.025521 0.061111
7 0.492969 0.338426 0.020313 0.056481
1 0.392448 0.315741 0.015104 0.066667
1 0.372656 0.318056 0.015104 0.075000
1 0.366667 0.309722 0.012500 0.060185
1 0.381250 0.311574 0.011458 0.058333
