1 0.872917 0.575926 0.034375 0.124074
1 0.706250 0.570833 0.026042 0.121296
1 0.095573 0.571759 0.015104 0.071296
1 0.621094 0.559259 0.023438 0.098148
1 0.573438 0.535648 0.012500 0.067593
1 0.019792 0.572685 0.010417 0.071296
1 0.433594 0.504630 0.007812 0.042593
1 0.088021 0.570370 0.011458 0.075926
1 0.088281 0.579630 0.013021 0.070370
1 0.027604 0.574537 0.013542 0.078704
1 0.039323 0.567130 0.015104 0.080556
1 0.518490 0.520833 0.013021 0.058333
1 0.508854 0.521759 0.011458 0.060185
1 0.573438 0.537037 0.014583 0.064815
1 0.584896 0.533796 0.013542 0.073148
1 0.496875 0.519907 0.010417 0.050926
1 0.600781 0.531944 0.016146 0.076852
1 0.540625 0.518519 0.014583 0.064815
1 0.555729 0.516667 0.012500 0.064815
1 0.488802 0.524537 0.011979 0.063889
1 0.464323 0.520833 0.011979 0.054630
