0 0.826562 0.682407 0.042708 0.224074
0 0.251563 0.187963 0.037500 0.183333
0 0.243229 0.646759 0.053125 0.234259
0 0.915625 0.519907 0.040625 0.193519
0 0.511458 0.974074 0.037500 0.150926
0 0.351042 0.816667 0.036458 0.231481
2 0.377865 0.242593 0.040104 0.103704
2 0.367969 0.325463 0.029687 0.112037
0 0.429427 0.218519 0.030729 0.161111
0 0.554167 0.139815 0.026042 0.150000
0 0.523958 0.142130 0.031250 0.167593
0 0.281510 0.168981 0.020313 0.156481
0 0.499479 0.096296 0.031250 0.151852
0 0.069792 0.411111 0.026042 0.174074
0 0.053385 0.392130 0.039062 0.186111
0 0.459635 0.518519 0.044271 0.207407
0 0.486198 0.519907 0.034896 0.187963
0 0.411719 0.157407 0.020313 0.140741
0 0.386198 0.166667 0.027604 0.157407
0 0.382292 0.077315 0.026042 0.141667
0 0.134375 0.401852 0.030208 0.172222
2 0.651563 0.082407 0.031250 0.109259
0 0.278385 0.561111 0.033854 0.200000
0 0.231510 0.557870 0.044271 0.213889
0 0.294271 0.136111 0.025000 0.153704
0 0.182292 0.121759 0.027083 0.149074
0 0.203906 0.180093 0.028646 0.163889
0 0.522917 0.462037 0.033333 0.181481
0 0.162500 0.200000 0.027083 0.157407
0 0.196354 0.166667 0.026042 0.157407
0 0.123698 0.202778 0.027604 0.148148
0 0.129948 0.181481 0.023438 0.174074
0 0.148698 0.155093 0.028646 0.160185
0 0.151562 0.142593 0.028125 0.153704
0 0.117708 0.174074 0.020833 0.159259
0 0.234896 0.128241 0.030208 0.154630
0 0.242188 0.429167 0.041667 0.199074
0 0.970573 0.556481 0.034896 0.192593
0 0.914844 0.139352 0.028646 0.143519
0 0.230990 0.988426 0.049479 0.123148
0 0.258333 0.932870 0.056250 0.190741
2 0.646354 0.076389 0.032292 0.086111
0 0.651302 0.076389 0.034896 0.084259
