0 0.844792 0.654630 0.048958 0.214815
0 0.261198 0.609259 0.045312 0.222222
0 0.915885 0.518981 0.050521 0.193519
0 0.492188 0.978704 0.038542 0.140741
0 0.351042 0.816667 0.036458 0.231481
2 0.377865 0.242593 0.040104 0.103704
2 0.367969 0.325463 0.029687 0.112037
0 0.433594 0.213889 0.032813 0.157407
0 0.336198 0.125926 0.020313 0.129630
0 0.154688 0.303241 0.030208 0.169444
0 0.126823 0.298148 0.027604 0.187037
0 0.609635 0.998611 0.052604 0.103704
0 0.403385 0.148148 0.021354 0.140741
0 0.403385 0.122222 0.026562 0.157407
0 0.266406 0.129167 0.023438 0.143519
2 0.651563 0.082407 0.031250 0.109259
0 0.300260 0.185648 0.031771 0.160185
0 0.200260 0.183333 0.025521 0.159259
0 0.163021 0.193056 0.025000 0.156481
0 0.196875 0.163889 0.026042 0.159259
0 0.132031 0.198611 0.024479 0.147222
0 0.122656 0.181019 0.026562 0.167593
0 0.151302 0.166204 0.028646 0.162037
0 0.157031 0.143519 0.027604 0.151852
0 0.118229 0.174074 0.020833 0.159259
0 0.192188 0.394444 0.034375 0.190741
0 0.258854 0.079167 0.031250 0.154630
0 0.786198 0.975000 0.045312 0.137963
0 0.742188 0.989815 0.042708 0.116667
0 0.859115 0.253241 0.032813 0.167593
0 0.800000 0.244444 0.028125 0.162963
0 0.786458 0.071296 0.030208 0.131481
0 0.255990 0.175926 0.023438 0.161111
0 0.234635 0.181019 0.027604 0.141667
