1 0.826823 0.664815 0.041146 0.224074
1 0.252865 0.095833 0.038021 0.167593
1 0.447135 0.681944 0.039062 0.237963
1 0.918750 0.521296 0.035417 0.190741
1 0.555208 0.984259 0.046875 0.231481
1 0.351042 0.816667 0.036458 0.231481
7 0.377865 0.242593 0.040104 0.103704
7 0.367969 0.325463 0.029687 0.112037
1 0.426823 0.213889 0.030729 0.159259
1 0.534375 0.049537 0.027083 0.137963
1 0.499740 0.046296 0.028646 0.148148
1 0.299740 0.129167 0.020313 0.143519
1 0.469792 -0.038426 0.027083 0.117593
1 0.090625 0.394444 0.031250 0.179630
1 0.061198 0.376852 0.021354 0.201852
1 0.513802 0.748611 0.065104 0.234259
1 0.551302 0.753241 0.039062 0.217593
1 0.406510 0.157407 0.025521 0.122222
1 0.388281 0.162963 0.033854 0.153704
1 0.389062 -0.034722 0.025000 0.128704
1 0.297135 0.022222 0.021354 0.122222
7 0.327344 0.029167 0.031771 0.071296
1 0.178906 0.247222 0.025521 0.155556
7 0.651563 0.082407 0.031250 0.109259
1 0.173958 0.835185 0.038542 0.240741
1 0.134375 0.811111 0.047917 0.246296
1 0.279948 0.166204 0.030729 0.158333
1 0.176823 0.127315 0.026562 0.152778
1 0.200521 0.182870 0.027083 0.162037
1 0.883594 0.657407 0.032813 0.194444
1 0.163542 0.194444 0.027083 0.157407
1 0.202865 0.163889 0.025521 0.162963
1 0.129167 0.200000 0.032292 0.146296
1 0.134896 0.182870 0.029167 0.162037
1 0.161719 0.161574 0.029687 0.163889
1 0.150000 0.141667 0.026042 0.150000
1 0.117708 0.174074 0.020833 0.159259
1 0.470573 0.042593 0.024479 0.150000
1 0.225521 0.240741 0.031250 0.166667
1 0.260677 0.226389 0.032813 0.175000
1 0.926302 0.412037 0.039062 0.198148
1 0.860677 0.381019 0.030729 0.182407
1 0.793490 0.054167 0.029687 0.136111
1 0.920833 0.260185 0.035417 0.161111
1 0.890885 0.109259 0.026562 0.151852
1 0.858333 0.105556 0.029167 0.162963
1 0.972656 0.256481 0.042188 0.174074
1 0.220833 0.090741 0.022917 0.146296
1 0.194271 0.097685 0.029167 0.136111
1 0.266146 -0.033333 0.025000 0.127778
1 0.238281 -0.038426 0.023438 0.117593
1 0.707292 -0.039815 0.026042 0.118519
7 0.647135 0.072222 0.033854 0.087037
