1 0.733333 0.637037 0.053125 0.224074
1 0.238802 0.295833 0.039062 0.200926
1 0.072656 0.621296 0.049479 0.229630
1 0.915885 0.519907 0.040104 0.193519
1 0.519271 0.973148 0.035417 0.248148
1 0.353646 0.820833 0.052083 0.232407
7 0.377865 0.242593 0.040104 0.103704
7 0.367969 0.325463 0.029687 0.112037
1 0.429427 0.218519 0.030729 0.161111
1 0.790104 0.131481 0.027083 0.137037
1 0.642448 0.207870 0.028646 0.152778
1 0.615104 0.213889 0.030208 0.170370
1 0.286198 0.197222 0.029687 0.153704
1 0.482031 0.228704 0.035937 0.172222
1 0.069271 0.410648 0.025000 0.173148
1 0.078125 0.391667 0.029167 0.185185
1 0.409896 0.367130 0.034375 0.187963
1 0.437240 0.372685 0.035937 0.176852
1 0.549219 0.199537 0.026562 0.147222
1 0.467187 0.184259 0.029167 0.157407
1 0.380729 0.072222 0.027083 0.150000
1 0.296354 0.021296 0.021875 0.124074
7 0.327344 0.029167 0.031771 0.071296
1 0.134115 0.591667 0.029687 0.194444
7 0.651563 0.082407 0.031250 0.109259
1 0.329688 0.382407 0.030208 0.172222
1 0.284375 0.393519 0.039583 0.198148
1 0.254167 0.009722 0.026042 0.137963
1 0.221094 0.010648 0.023438 0.147222
1 0.293490 0.136574 0.024479 0.154630
1 0.216146 0.113426 0.031250 0.149074
1 0.198958 0.178241 0.027083 0.162037
1 0.300260 0.314352 0.027604 0.156481
1 0.164062 0.195370 0.027083 0.157407
1 0.186979 0.162963 0.022917 0.159259
1 0.124479 0.193519 0.028125 0.151852
1 0.147656 0.173611 0.025521 0.167593
1 0.160156 0.157407 0.028646 0.155556
1 0.152604 0.142593 0.028125 0.153704
1 0.117188 0.174074 0.020833 0.159259
1 0.479167 -0.039815 0.023958 0.118519
1 0.193229 0.039815 0.028125 0.148148
1 0.230990 0.671296 0.045312 0.229630
1 0.819010 0.039352 0.028646 0.128704
1 0.065885 0.715278 0.059896 0.230556
1 0.007292 0.666667 0.053125 0.216667
7 0.645833 0.076852 0.032292 0.092593
