1 0.618750 0.360185 0.033333 0.150000
1 0.458333 0.338889 0.029167 0.140741
1 0.390104 0.378241 0.055208 0.247222
1 0.955729 0.618056 0.117708 0.750926
1 0.211719 0.370370 0.067187 0.253704
1 0.495833 0.350000 0.029167 0.125926
1 0.527083 0.321759 0.012500 0.054630
1 0.569010 0.343981 0.025521 0.150926
1 0.296615 0.327315 0.021354 0.100926
1 0.574740 0.346296 0.021354 0.137037
1 0.651042 0.338426 0.019792 0.113889
1 0.033854 0.381944 0.061458 0.265741
1 0.332552 0.338426 0.020313 0.104630
1 0.319010 0.331019 0.023438 0.110185
1 0.311979 0.345833 0.022917 0.121296
7 0.469010 0.334722 0.018229 0.056481
1 0.347135 0.324074 0.010937 0.061111
1 0.356510 0.318981 0.013021 0.056481
