1 0.613542 0.326389 0.034375 0.150926
1 0.462500 0.311111 0.029167 0.140741
1 0.423177 0.332870 0.041146 0.212037
1 0.897656 0.550926 0.140104 0.748148
1 0.227865 0.337037 0.057813 0.224074
1 0.495573 0.316667 0.026562 0.124074
1 0.531250 0.284722 0.011458 0.052778
1 0.566667 0.307407 0.031250 0.137037
1 0.291667 0.313889 0.025000 0.105556
1 0.640625 0.298611 0.019792 0.110185
1 0.115104 0.346296 0.051042 0.225926
1 0.092969 0.360648 0.041146 0.195370
1 0.371354 0.309722 0.023958 0.106481
1 0.359635 0.313426 0.022396 0.110185
1 0.321354 0.320833 0.022917 0.121296
1 0.028125 0.307407 0.017708 0.092593
1 0.060937 0.330093 0.028125 0.134259
7 0.454427 0.308796 0.020313 0.049074
7 0.473438 0.309259 0.017708 0.053704
1 0.399219 0.291667 0.010937 0.059259
1 0.382812 0.292593 0.010417 0.064815
1 0.352083 0.288889 0.011458 0.053704
