1 0.142187 0.631481 0.018750 0.111111
1 0.603906 0.512963 0.013021 0.051852
1 0.127604 0.632870 0.018750 0.108333
1 0.132031 0.642593 0.017188 0.105556
1 0.124479 0.649537 0.016667 0.104630
1 0.044792 0.643981 0.023958 0.110185
1 0.714063 0.599537 0.027083 0.117593
1 0.758333 0.581944 0.025000 0.115741
1 0.707031 0.573148 0.015104 0.100000
1 0.854427 0.551852 0.018229 0.101852
1 0.729688 0.567130 0.022917 0.099074
1 0.035937 0.643519 0.026042 0.112963
1 0.692448 0.538889 0.016146 0.079630
1 0.709635 0.551389 0.015104 0.084259
1 0.756250 0.575463 0.023958 0.108333
1 0.743490 0.550926 0.015104 0.083333
1 0.655208 0.531481 0.017708 0.059259
1 0.646615 0.522222 0.011979 0.046296
1 0.678906 0.534722 0.013021 0.067593
1 0.670312 0.530093 0.012500 0.062037
