1 0.609896 0.373611 0.029167 0.134259
1 0.436979 0.373148 0.031250 0.151852
1 0.210417 0.459259 0.087500 0.450000
1 0.493229 0.375463 0.022917 0.137963
1 0.575521 0.344444 0.019792 0.074074
1 0.655990 0.391204 0.035937 0.247222
1 0.330208 0.365278 0.020833 0.095370
1 0.639062 0.391667 0.034375 0.216667
1 0.005729 0.382870 0.039583 0.145370
1 0.514323 0.344444 0.014063 0.061111
1 0.539323 0.342130 0.010937 0.037963
1 0.523698 0.341667 0.008854 0.044444
7 0.470573 0.366667 0.023438 0.070370
1 0.341406 0.346296 0.015104 0.066667
1 0.316146 0.348611 0.018750 0.076852
1 0.359375 0.347685 0.012500 0.060185
1 0.367188 0.350463 0.011458 0.058333
