1 0.734375 0.637037 0.053125 0.224074
1 0.239844 0.356019 0.039062 0.199074
1 0.073698 0.622685 0.043229 0.230556
1 0.916146 0.519907 0.039583 0.193519
1 0.588281 0.974537 0.042188 0.237963
1 0.353646 0.820833 0.052083 0.232407
7 0.377865 0.242593 0.040104 0.103704
7 0.367969 0.325463 0.029687 0.112037
1 0.429688 0.218519 0.031250 0.161111
1 0.789323 0.131944 0.027604 0.136111
1 0.725781 0.242130 0.026562 0.150926
1 0.709375 0.250463 0.028125 0.167593
1 0.351042 0.240741 0.026042 0.148148
1 0.487240 0.283333 0.036979 0.174074
1 0.069010 0.410648 0.024479 0.173148
1 0.078646 0.393056 0.028125 0.187963
1 0.422135 0.291667 0.032813 0.174074
1 0.443229 0.299537 0.026042 0.158333
1 0.643490 0.237963 0.022396 0.150000
1 0.583073 0.209722 0.027604 0.162037
1 0.380469 0.071296 0.027604 0.150000
1 0.296875 0.020370 0.021875 0.125926
7 0.327344 0.029167 0.031771 0.071296
1 0.073698 0.700000 0.030729 0.201852
7 0.651563 0.081944 0.031250 0.108333
1 0.308073 0.309259 0.028646 0.172222
1 0.291146 0.325926 0.035417 0.190741
1 0.245573 0.062037 0.025521 0.140741
1 0.208854 0.055556 0.022917 0.148148
1 0.293229 0.136574 0.025000 0.154630
1 0.263281 0.112037 0.029687 0.148148
1 0.199479 0.178704 0.028125 0.162963
1 0.263542 0.238889 0.030208 0.155556
1 0.164062 0.193519 0.027083 0.157407
1 0.189583 0.163889 0.022917 0.162963
1 0.127344 0.192593 0.024479 0.153704
1 0.147396 0.169444 0.027083 0.170370
1 0.159635 0.150926 0.028646 0.155556
1 0.153125 0.142593 0.028125 0.153704
1 0.117188 0.174074 0.020833 0.159259
1 0.488802 -0.045370 0.021354 0.107407
1 0.202604 -0.005093 0.019792 0.139815
1 0.232552 0.831944 0.047396 0.249074
1 0.789062 -0.011574 0.025000 0.126852
7 0.646875 0.075463 0.033333 0.097222
1 0.651042 0.075463 0.036458 0.087963
