1 0.615625 0.357407 0.035417 0.151852
1 0.527083 0.342593 0.031250 0.137037
1 0.513021 0.346296 0.034375 0.162963
1 0.816667 0.587963 0.123958 0.692593
1 0.960677 0.587963 0.143229 0.724074
1 0.372917 0.353704 0.048958 0.196296
1 0.539583 0.340741 0.022917 0.120370
1 0.564323 0.317130 0.010937 0.043519
1 0.035677 0.371759 0.040104 0.180556
1 0.592187 0.337963 0.028125 0.127778
1 0.306771 0.331481 0.025000 0.105556
1 0.654167 0.334722 0.017708 0.106481
1 0.280990 0.342593 0.031771 0.159259
1 0.263542 0.350000 0.021875 0.135185
1 0.485677 0.333796 0.021354 0.104630
1 0.148958 0.312963 0.015625 0.070370
1 0.155729 0.331944 0.021875 0.112037
1 0.167969 0.318981 0.017188 0.071296
1 0.442708 0.316204 0.011458 0.056481
1 0.426823 0.313889 0.008854 0.061111
1 0.400521 0.318519 0.011458 0.053704
1 0.404687 0.318519 0.011458 0.048148
