1 0.846094 0.654630 0.051562 0.214815
1 0.359375 0.649074 0.039583 0.231481
1 0.916146 0.517130 0.039583 0.195370
1 0.472396 0.985185 0.042708 0.227778
1 0.351042 0.816667 0.036458 0.231481
7 0.377865 0.242593 0.040104 0.103704
7 0.367969 0.325463 0.029687 0.112037
1 0.432812 0.208796 0.040625 0.160185
1 0.336979 0.125463 0.020833 0.128704
1 0.194271 0.236574 0.023958 0.156481
1 0.172396 0.239352 0.035417 0.176852
1 0.405729 0.139352 0.028125 0.147222
1 0.398698 0.116204 0.029687 0.156481
1 0.301042 0.018056 0.027083 0.121296
7 0.327344 0.029167 0.031771 0.071296
1 0.255990 -0.005093 0.022396 0.115741
7 0.651563 0.081481 0.031250 0.109259
1 0.305729 0.188426 0.030208 0.158333
1 0.174740 0.049074 0.023438 0.138889
1 0.200000 0.178704 0.025000 0.159259
1 0.163021 0.192593 0.026042 0.155556
1 0.190365 0.163889 0.024479 0.161111
1 0.137760 0.199537 0.025521 0.154630
1 0.125521 0.181019 0.025000 0.167593
1 0.151823 0.165741 0.026562 0.161111
1 0.175521 0.150000 0.026042 0.150000
1 0.118750 0.171296 0.020833 0.159259
1 0.467187 -0.025463 0.026042 0.147222
1 0.159375 0.660185 0.041667 0.220370
1 0.550000 0.589352 0.036458 0.219444
1 0.505208 0.606481 0.036458 0.220370
1 0.993750 0.767130 0.041667 0.223148
1 0.804427 0.094907 0.031771 0.149074
1 0.750781 0.101389 0.026562 0.143519
1 0.875260 0.095370 0.028646 0.146296
1 0.825260 0.067593 0.024479 0.133333
1 0.780469 0.125000 0.030729 0.138889
1 0.571615 0.027778 0.029687 0.144444
1 0.391667 0.003241 0.021875 0.125000
1 0.271354 0.032870 0.026042 0.123148
1 0.240625 0.344444 0.027083 0.183333
1 0.203906 0.347685 0.038021 0.167593
1 0.184115 0.131944 0.023438 0.160185
1 0.236198 -0.015741 0.022396 0.125926
1 0.145833 0.047685 0.027083 0.128704
1 0.262240 0.208796 0.030729 0.163889
1 0.231771 0.205093 0.029167 0.158333
1 0.262240 0.185648 0.030729 0.156481
1 0.411198 -0.003241 0.023438 0.128704
