1 0.637500 0.383333 0.030208 0.133333
1 0.436458 0.385648 0.032292 0.167593
1 0.473958 0.393981 0.030208 0.156481
1 0.753646 0.380093 0.039583 0.178704
1 0.584635 0.358796 0.016146 0.063889
1 0.010937 0.389352 0.025000 0.108333
1 0.036719 0.383333 0.022396 0.112963
1 0.621354 0.356019 0.014583 0.060185
1 0.602604 0.354630 0.012500 0.066667
7 0.524740 0.398611 0.031771 0.108333
7 0.550781 0.403704 0.031771 0.101852
1 0.353646 0.358796 0.013542 0.052778
1 0.364323 0.359259 0.010937 0.046296
1 0.377083 0.351389 0.011458 0.047222
1 0.411979 0.359259 0.015625 0.053704
1 0.390104 0.351389 0.010417 0.037963
1 0.397396 0.352778 0.011458 0.038889
