1 0.915104 0.670370 0.042708 0.196296
1 0.932552 0.573611 0.023438 0.099074
1 0.884375 0.557870 0.017708 0.100926
1 0.064062 0.603704 0.028125 0.135185
1 0.097135 0.612037 0.032813 0.131481
1 0.178906 0.592130 0.022396 0.112037
1 0.155729 0.597222 0.020833 0.103704
1 0.225000 0.566204 0.017708 0.099074
1 0.208594 0.591204 0.022396 0.119444
1 0.787760 0.518981 0.013021 0.049074
1 0.704167 0.526389 0.012500 0.063889
1 0.772917 0.516667 0.010417 0.053704
1 0.468750 0.485185 0.006250 0.029630
1 0.170573 0.550463 0.014063 0.086111
1 0.330990 0.505093 0.008854 0.043519
1 0.161719 0.578241 0.024479 0.117593
1 0.596354 0.490278 0.009375 0.039815
1 0.347656 0.512500 0.009896 0.056481
1 0.359375 0.517130 0.010417 0.056481
1 0.318490 0.511111 0.009896 0.057407
1 0.340365 0.504167 0.009896 0.054630
1 0.771094 0.512500 0.011979 0.056481
1 0.777865 0.508796 0.010937 0.054630
1 0.622917 0.500926 0.010417 0.044444
1 0.630729 0.501389 0.010417 0.045370
1 0.666667 0.506019 0.011458 0.047222
1 0.707292 0.507870 0.011458 0.049074
1 0.699740 0.515278 0.013021 0.050926
1 0.135677 0.587500 0.016146 0.091667
1 0.812760 0.512500 0.010937 0.056481
1 0.791927 0.514815 0.011979 0.051852
1 0.715885 0.504630 0.010937 0.048148
