1 0.853646 0.691204 0.047917 0.225000
1 0.258333 0.155556 0.035417 0.177778
1 0.363281 0.627315 0.050521 0.225000
1 0.915365 0.519907 0.041146 0.193519
1 0.532552 0.969907 0.046354 0.260185
1 0.351042 0.816667 0.036458 0.231481
7 0.377865 0.242593 0.040104 0.103704
7 0.367969 0.325463 0.029687 0.112037
1 0.429167 0.218519 0.030208 0.159259
1 0.764844 0.009722 0.026562 0.121296
1 0.539323 0.112963 0.027604 0.148148
1 0.509635 0.101852 0.032813 0.159259
1 0.270052 0.144444 0.025521 0.155556
1 0.493490 0.044444 0.029687 0.140741
1 0.070052 0.410648 0.026562 0.173148
1 0.054688 0.392130 0.036458 0.186111
1 0.466667 0.581481 0.047917 0.212963
1 0.499740 0.586574 0.040104 0.195370
1 0.406771 0.162500 0.032292 0.108333
1 0.384115 0.162500 0.030729 0.154630
1 0.384375 0.061574 0.026042 0.136111
1 0.297135 0.022685 0.021354 0.123148
7 0.327344 0.029167 0.031771 0.071296
1 0.120573 0.343981 0.027604 0.165741
7 0.651563 0.082407 0.031250 0.109259
1 0.242708 0.650000 0.036458 0.214815
1 0.188281 0.632407 0.046354 0.224074
1 0.298177 0.136111 0.029687 0.151852
1 0.182292 0.127315 0.031250 0.150926
1 0.200521 0.180556 0.027083 0.162963
1 0.615885 0.532407 0.036979 0.187037
1 0.161979 0.195833 0.027083 0.156481
1 0.192969 0.162500 0.026562 0.160185
1 0.129427 0.202315 0.030729 0.143519
1 0.134896 0.190278 0.035417 0.149074
1 0.150521 0.155556 0.029167 0.161111
1 0.147396 0.141667 0.025000 0.151852
1 0.117708 0.174074 0.020833 0.159259
1 0.445052 0.037037 0.029687 0.148148
1 0.236198 0.159259 0.027604 0.161111
1 0.254688 0.348611 0.040625 0.189815
1 0.936198 0.489352 0.035937 0.191667
1 0.816146 -0.001852 0.028125 0.135185
1 0.940625 0.180093 0.034375 0.150926
1 0.944792 0.137037 0.034375 0.153704
1 0.869271 0.114815 0.031250 0.153704
1 0.321615 1.025463 0.045312 0.149074
1 0.232813 0.030556 0.025000 0.127778
1 0.205208 0.031944 0.033333 0.128704
1 0.722135 -0.034722 0.032813 0.128704
7 0.646615 0.075000 0.032813 0.087037
1 0.651302 0.075926 0.033854 0.083333
