0 0.833854 0.683333 0.039583 0.224074
0 0.250000 0.134259 0.034375 0.174074
0 0.419271 0.641667 0.038542 0.231481
0 0.915365 0.519907 0.041146 0.193519
0 0.547396 0.974537 0.046875 0.147222
0 0.351042 0.816667 0.036458 0.231481
2 0.377865 0.242593 0.040104 0.103704
2 0.367969 0.325463 0.029687 0.112037
0 0.428646 0.218056 0.026042 0.158333
0 0.538542 0.085185 0.027083 0.140741
0 0.275521 0.128241 0.021875 0.156481
0 0.071354 0.410648 0.027083 0.173148
0 0.059635 0.389352 0.027604 0.186111
0 0.486458 0.642130 0.060417 0.219444
0 0.520312 0.654630 0.042708 0.203704
0 0.406250 0.150000 0.020833 0.138889
0 0.386458 0.162500 0.031250 0.156481
0 0.136198 0.303241 0.025521 0.165741
2 0.651563 0.082407 0.031250 0.109259
0 0.209896 0.725926 0.036458 0.225926
0 0.163542 0.710648 0.045833 0.241667
0 0.290885 0.143981 0.027604 0.156481
0 0.182552 0.128241 0.030729 0.150926
0 0.200521 0.182407 0.027083 0.162963
0 0.718229 0.582870 0.033333 0.189815
0 0.163021 0.194444 0.027083 0.157407
0 0.191927 0.163889 0.025521 0.161111
0 0.129688 0.200463 0.029167 0.143519
0 0.133594 0.177778 0.025521 0.164815
0 0.156771 0.156019 0.030208 0.160185
0 0.148438 0.140741 0.026042 0.151852
0 0.117708 0.174074 0.020833 0.159259
0 0.239063 0.185648 0.029167 0.160185
0 0.254167 0.299074 0.039583 0.183333
0 0.984115 0.464352 0.039062 0.176852
0 0.893229 0.439352 0.036458 0.186111
0 0.929427 0.217593 0.035937 0.159259
0 0.939063 0.140278 0.028125 0.152778
0 0.927083 0.142130 0.034375 0.160185
0 0.899740 0.168056 0.034896 0.160185
2 0.646875 0.074074 0.033333 0.087037
0 0.651563 0.076389 0.034375 0.084259
