1 0.846354 0.654630 0.052083 0.214815
1 0.358333 0.648148 0.041667 0.229630
1 0.916146 0.517130 0.039583 0.195370
1 0.479687 0.983796 0.044792 0.226852
1 0.351042 0.816667 0.036458 0.231481
7 0.377865 0.242593 0.040104 0.103704
7 0.367969 0.325463 0.029687 0.112037
1 0.434115 0.209259 0.040104 0.159259
1 0.336979 0.125463 0.020833 0.128704
1 0.194792 0.236111 0.025000 0.155556
1 0.173698 0.239352 0.036979 0.176852
1 0.405729 0.141667 0.028125 0.146296
1 0.398698 0.116667 0.028646 0.155556
1 0.301302 0.017130 0.027604 0.121296
7 0.327344 0.029167 0.031771 0.071296
1 0.271615 -0.018981 0.022396 0.115741
7 0.651563 0.081481 0.031250 0.109259
1 0.306250 0.188426 0.030208 0.158333
1 0.174740 0.049074 0.023438 0.138889
1 0.200000 0.177778 0.025000 0.159259
1 0.163021 0.193056 0.026042 0.154630
1 0.193490 0.161111 0.024479 0.161111
1 0.137500 0.199074 0.027083 0.155556
1 0.127865 0.180556 0.024479 0.168519
1 0.147396 0.165741 0.025000 0.161111
1 0.175000 0.150000 0.026042 0.150000
1 0.118750 0.170370 0.020833 0.159259
1 0.467187 -0.025463 0.026042 0.147222
1 0.164323 0.685185 0.043229 0.224074
1 0.538281 0.559722 0.046354 0.217593
1 0.493229 0.575000 0.035417 0.214815
1 0.747917 1.011574 0.044792 0.158333
1 0.961458 0.750000 0.051042 0.224074
1 0.999219 0.699074 0.043229 0.237037
1 0.799219 0.082407 0.033854 0.148148
1 0.749479 0.087500 0.025000 0.143519
1 0.889844 0.109722 0.026562 0.147222
1 0.832552 0.081481 0.024479 0.133333
1 0.782813 0.136574 0.030208 0.139815
1 0.577865 0.046759 0.028646 0.143519
1 0.432812 -0.040278 0.019792 0.117593
1 0.393229 0.003241 0.021875 0.125000
1 0.264583 0.048148 0.023958 0.122222
1 0.238281 0.365278 0.027604 0.184259
1 0.197656 0.367130 0.041146 0.167593
1 0.203125 0.135185 0.026042 0.159259
1 0.229167 -0.003704 0.023958 0.125926
1 0.212760 -0.023148 0.020313 0.111111
1 0.145833 0.047685 0.027083 0.128704
1 0.263021 0.226852 0.030208 0.168519
1 0.230729 0.221296 0.030208 0.161111
1 0.258854 0.204630 0.027083 0.155556
1 0.411458 -0.003241 0.022917 0.128704
