1 0.512500 0.428241 0.118750 0.586111
1 0.072917 0.522685 0.212500 1.054630
1 0.237240 0.401389 0.060937 0.302778
1 0.308073 0.398611 0.053646 0.297222
1 0.373177 0.370833 0.021354 0.117593
1 0.396615 0.358796 0.026562 0.121296
1 0.726562 0.356481 0.023958 0.125926
1 0.563021 0.411574 0.060417 0.371296
1 0.975521 0.356019 0.020833 0.104630
1 0.943229 0.360185 0.019792 0.098148
1 0.868750 0.349074 0.014583 0.072222
1 0.857292 0.352315 0.013542 0.073148
1 0.423177 0.360648 0.021354 0.110185
1 0.696094 0.355093 0.019271 0.100926
1 0.709115 0.360648 0.016146 0.086111
1 0.452865 0.359722 0.025521 0.110185
