1 0.852604 0.571296 0.026042 0.116667
1 0.728385 0.562037 0.025521 0.111111
1 0.154688 0.544907 0.015625 0.075000
1 0.620573 0.543519 0.019271 0.088889
1 0.266667 0.493519 0.006250 0.033333
1 0.104427 0.537963 0.010937 0.061111
1 0.458073 0.489815 0.009896 0.046296
1 0.148698 0.543056 0.009896 0.069444
1 0.096875 0.545833 0.012500 0.067593
1 0.117188 0.534259 0.014583 0.068519
1 0.491667 0.509722 0.011458 0.054630
1 0.550000 0.510185 0.011458 0.057407
1 0.539844 0.511574 0.010937 0.058333
1 0.614062 0.522685 0.013542 0.062037
1 0.636979 0.517593 0.015625 0.068519
1 0.583073 0.507407 0.015104 0.059259
1 0.593750 0.503704 0.015625 0.059259
1 0.503385 0.507870 0.014063 0.060185
