1 0.878646 0.614352 0.032292 0.160185
1 0.936979 0.559259 0.022917 0.092593
1 0.901823 0.537963 0.019271 0.092593
1 0.159896 0.572222 0.025000 0.120370
1 0.184896 0.578704 0.026042 0.120370
1 0.268490 0.555093 0.021354 0.095370
1 0.251823 0.558333 0.016146 0.092593
1 0.302865 0.537037 0.017188 0.088889
1 0.290885 0.550000 0.018229 0.101852
1 0.826823 0.503241 0.011979 0.045370
1 0.728385 0.506481 0.011979 0.057407
1 0.814323 0.504167 0.010937 0.049074
1 0.524219 0.469444 0.005729 0.029630
1 0.250000 0.524074 0.011458 0.077778
1 0.385156 0.487037 0.007812 0.038889
1 0.254688 0.542593 0.016667 0.098148
1 0.635677 0.475926 0.008854 0.037037
1 0.397396 0.493056 0.010417 0.050926
1 0.411719 0.500000 0.009896 0.051852
1 0.373177 0.492593 0.009896 0.053704
1 0.822135 0.499537 0.011979 0.054630
1 0.827344 0.497685 0.009896 0.050926
1 0.658333 0.489352 0.011458 0.043519
1 0.670052 0.492130 0.009896 0.045370
1 0.712500 0.493981 0.012500 0.045370
1 0.741927 0.499537 0.011979 0.045370
1 0.235417 0.551852 0.015625 0.075926
1 0.834375 0.501389 0.013542 0.047222
