0 0.845573 0.654630 0.050521 0.214815
0 0.251042 0.631481 0.044792 0.229630
0 0.915104 0.517593 0.045833 0.190741
0 0.459375 0.988889 0.042708 0.222222
0 0.351042 0.816667 0.036458 0.231481
2 0.377865 0.242593 0.040104 0.103704
2 0.367969 0.325463 0.029687 0.112037
0 0.420573 0.206944 0.027604 0.162037
0 0.336979 0.125463 0.020833 0.128704
0 0.186979 0.262500 0.028125 0.156481
0 0.148438 0.261574 0.030208 0.182407
0 0.403385 0.146296 0.024479 0.138889
0 0.404427 0.120833 0.027604 0.158333
0 0.299479 0.019444 0.025000 0.122222
2 0.327344 0.029167 0.031771 0.071296
0 0.253646 0.062500 0.021875 0.130556
2 0.651563 0.081481 0.031250 0.109259
0 0.302083 0.187500 0.029167 0.162037
0 0.175781 0.049074 0.023438 0.138889
0 0.200000 0.181481 0.025000 0.159259
0 0.163281 0.192593 0.025521 0.155556
0 0.194792 0.165278 0.025000 0.165741
0 0.136458 0.200463 0.025000 0.150926
0 0.121615 0.179630 0.025521 0.170370
0 0.147917 0.165278 0.029167 0.162037
0 0.162760 0.145370 0.027604 0.151852
0 0.118229 0.174074 0.020833 0.159259
0 0.467969 -0.024537 0.025521 0.149074
0 0.173177 0.504167 0.036979 0.208333
0 0.252604 -0.003704 0.031250 0.146296
0 0.652604 0.781019 0.044792 0.241667
0 0.612240 0.801852 0.042188 0.240741
0 0.847396 0.181481 0.030208 0.162963
0 0.776302 0.173611 0.025521 0.154630
0 0.782813 0.004630 0.023958 0.124074
0 0.790104 -0.030556 0.021875 0.118519
0 0.786979 0.075926 0.030208 0.131481
0 0.259896 0.245370 0.023958 0.168519
0 0.227344 0.247685 0.040104 0.150926
0 0.146615 0.046759 0.024479 0.130556
0 0.241146 0.126389 0.029167 0.154630
0 0.212760 0.122222 0.026562 0.155556
0 0.243490 0.104630 0.025521 0.142593
0 0.830990 -0.005556 0.018229 0.077778
0 0.488802 0.005093 0.026562 0.132407
