0 0.734115 0.637037 0.053646 0.224074
0 0.245312 0.275926 0.038542 0.198148
0 0.073177 0.627778 0.044271 0.229630
0 0.915885 0.519907 0.040104 0.193519
0 0.505729 0.964815 0.036458 0.264815
0 0.353125 0.820833 0.050000 0.232407
2 0.377865 0.242593 0.040104 0.103704
2 0.367969 0.325463 0.029687 0.112037
0 0.429427 0.218519 0.030729 0.161111
0 0.790104 0.131481 0.027083 0.137037
0 0.629687 0.191204 0.022917 0.152778
0 0.590625 0.201852 0.032292 0.168519
0 0.281771 0.193981 0.023958 0.163889
0 0.494010 0.206019 0.038021 0.165741
0 0.069271 0.410648 0.025000 0.173148
0 0.067708 0.391204 0.031250 0.184259
0 0.422135 0.391667 0.036979 0.188889
0 0.451302 0.394907 0.036979 0.176852
0 0.515885 0.185185 0.018229 0.142593
0 0.434896 0.175926 0.027083 0.155556
0 0.380729 0.072222 0.027083 0.150000
0 0.295833 0.022222 0.021875 0.124074
2 0.327344 0.029167 0.031771 0.071296
0 0.128385 0.553704 0.030729 0.188889
2 0.651563 0.082407 0.031250 0.109259
0 0.323958 0.412963 0.031250 0.181481
0 0.281771 0.415741 0.035417 0.200000
0 0.260937 -0.006019 0.026042 0.137963
0 0.221615 -0.006019 0.022396 0.143519
0 0.293750 0.136574 0.023958 0.154630
0 0.200260 0.116204 0.026562 0.150926
0 0.198958 0.179167 0.027083 0.162037
0 0.324219 0.343056 0.028646 0.162037
0 0.164583 0.194907 0.027083 0.156481
0 0.188021 0.164352 0.022917 0.156481
0 0.124479 0.193519 0.028125 0.151852
0 0.146354 0.172685 0.025000 0.165741
0 0.160417 0.157407 0.029167 0.155556
0 0.152604 0.142593 0.028125 0.153704
0 0.117188 0.174074 0.020833 0.159259
0 0.472396 -0.035185 0.018750 0.127778
0 0.196354 0.057407 0.028125 0.148148
0 0.225000 0.622685 0.048958 0.226852
0 0.835938 0.060648 0.030208 0.132407
0 0.105469 0.756944 0.057813 0.236111
0 0.073177 0.696296 0.046354 0.225926
2 0.645833 0.076852 0.032292 0.090741
