1 0.630208 0.379167 0.030208 0.125000
1 0.426042 0.389352 0.032292 0.165741
1 0.467448 0.391667 0.032813 0.150000
1 0.731771 0.386574 0.044792 0.176852
1 0.573958 0.353704 0.016667 0.062963
1 0.011979 0.382870 0.025000 0.108333
1 0.037760 0.377315 0.022396 0.110185
1 0.613281 0.357870 0.015104 0.056481
1 0.591406 0.355093 0.011979 0.063889
7 0.516927 0.395370 0.030729 0.101852
7 0.541667 0.403241 0.032292 0.097222
1 0.345052 0.356944 0.013021 0.052778
1 0.356510 0.356944 0.011979 0.047222
1 0.368490 0.349537 0.011979 0.045370
1 0.403906 0.358333 0.015104 0.053704
1 0.382812 0.350463 0.010417 0.037963
1 0.390104 0.350000 0.011458 0.038889
