1 0.844010 0.683333 0.048438 0.224074
1 0.253906 0.141204 0.034896 0.175000
1 0.408073 0.632870 0.042188 0.221296
1 0.915365 0.519907 0.041146 0.193519
1 0.536458 0.975463 0.045833 0.237963
1 0.351042 0.816667 0.036458 0.231481
7 0.377865 0.242593 0.040104 0.103704
7 0.367969 0.325463 0.029687 0.112037
1 0.428646 0.218056 0.027083 0.158333
1 0.773698 -0.017130 0.026562 0.121296
1 0.538802 0.095370 0.027604 0.148148
1 0.505469 0.082407 0.031771 0.155556
1 0.269531 0.130093 0.021354 0.152778
1 0.484896 0.016204 0.027083 0.139815
1 0.070833 0.410648 0.027083 0.173148
1 0.059375 0.390278 0.027083 0.184259
1 0.478125 0.627315 0.055208 0.219444
1 0.513021 0.630093 0.041667 0.197222
1 0.404167 0.150926 0.022917 0.137037
1 0.387240 0.162500 0.030729 0.156481
1 0.387760 0.038426 0.025521 0.136111
1 0.297135 0.022222 0.021354 0.122222
7 0.327344 0.029167 0.031771 0.071296
1 0.127865 0.312500 0.026562 0.160185
7 0.651563 0.082407 0.031250 0.109259
1 0.218750 0.705556 0.036458 0.222222
1 0.171354 0.685648 0.047917 0.236111
1 0.295573 0.141667 0.028646 0.151852
1 0.182552 0.130093 0.030729 0.150926
1 0.200521 0.182407 0.027083 0.162963
1 0.684115 0.571296 0.040104 0.188889
1 0.163021 0.194444 0.027083 0.157407
1 0.191146 0.162963 0.026042 0.161111
1 0.134635 0.200000 0.039062 0.142593
1 0.134635 0.179167 0.029687 0.163889
1 0.158073 0.156019 0.029687 0.160185
1 0.148177 0.140741 0.026562 0.151852
1 0.117708 0.174074 0.020833 0.159259
1 0.451302 0.048148 0.024479 0.151852
1 0.236979 0.177315 0.028125 0.160185
1 0.253385 0.308333 0.041146 0.185185
1 0.989323 0.477315 0.043229 0.178704
1 0.908594 0.450463 0.034896 0.187963
1 0.804427 0.014352 0.027604 0.136111
1 0.930990 0.203241 0.026562 0.150926
1 0.946615 0.141204 0.033854 0.152778
1 0.951823 0.143519 0.040104 0.159259
1 0.886979 0.152778 0.032292 0.159259
1 0.231771 0.051389 0.021875 0.136111
1 0.203646 0.054630 0.035417 0.127778
1 0.721354 -0.035185 0.030208 0.125926
7 0.646875 0.074074 0.033333 0.087037
1 0.651563 0.076389 0.034375 0.084259
