1 0.453385 0.447222 0.036979 0.153704
1 0.387500 0.419907 0.021875 0.115741
1 0.294792 0.410185 0.017708 0.090741
1 0.976823 0.586574 0.083854 0.476852
1 0.219010 0.421296 0.023438 0.124074
1 0.364583 0.421296 0.021875 0.107407
1 0.445312 0.418981 0.020833 0.113889
1 0.398438 0.415278 0.016667 0.102778
1 0.178385 0.411574 0.018229 0.084259
1 0.166146 0.420370 0.014583 0.070370
1 0.194792 0.424537 0.017708 0.087963
1 0.154948 0.409259 0.009896 0.053704
1 0.322917 0.402315 0.013542 0.063889
7 0.263802 0.412500 0.019271 0.045370
7 0.274479 0.414815 0.015625 0.044444
7 0.656250 0.432870 0.021875 0.113889
