1 0.607812 0.376852 0.032292 0.138889
1 0.435417 0.378704 0.031250 0.157407
1 0.173958 0.488426 0.134375 0.491667
1 0.489583 0.376852 0.029167 0.142593
1 0.588281 0.351852 0.020313 0.081481
1 0.675000 0.398148 0.041667 0.268519
1 0.342969 0.366204 0.020313 0.097222
1 0.662240 0.400926 0.040104 0.235185
1 0.525000 0.352315 0.014583 0.060185
1 0.547656 0.341204 0.010937 0.037963
1 0.533594 0.337963 0.010937 0.042593
7 0.476823 0.374074 0.023438 0.070370
7 0.496094 0.375463 0.023438 0.069444
1 0.333594 0.349074 0.015104 0.066667
1 0.367708 0.352315 0.012500 0.060185
1 0.379688 0.354167 0.011458 0.058333
