1 0.460417 0.359259 0.091667 0.435185
1 0.550781 0.343981 0.082812 0.480556
1 -0.011719 0.528704 0.305729 1.442593
1 0.264583 0.572685 0.270833 1.304630
1 0.359635 0.354167 0.084896 0.447222
1 0.400000 0.352315 0.056250 0.330556
1 0.638281 0.350000 0.051562 0.324074
1 0.739583 0.308796 0.018750 0.110185
1 0.716667 0.309722 0.013542 0.084259
1 0.696875 0.306944 0.016667 0.078704
1 0.853906 0.303241 0.017188 0.095370
1 0.941927 0.302778 0.019271 0.114815
1 0.950000 0.312037 0.017708 0.096296
1 0.765365 0.303241 0.013021 0.058333
