0 0.846354 0.654630 0.052083 0.214815
0 0.358333 0.648148 0.041667 0.229630
0 0.916146 0.517130 0.039583 0.195370
0 0.476823 0.984259 0.044271 0.129630
0 0.351042 0.816667 0.036458 0.231481
2 0.377865 0.242593 0.040104 0.103704
2 0.367969 0.325463 0.029687 0.112037
0 0.434635 0.208796 0.040104 0.160185
0 0.336979 0.125463 0.020833 0.128704
0 0.194792 0.236111 0.025000 0.155556
0 0.173437 0.239352 0.037500 0.176852
0 0.405729 0.141667 0.028125 0.146296
0 0.398698 0.116667 0.028646 0.155556
2 0.651563 0.081481 0.031250 0.109259
0 0.306250 0.188426 0.030208 0.158333
0 0.200000 0.177778 0.025000 0.159259
0 0.163021 0.193056 0.026042 0.154630
0 0.192969 0.161111 0.024479 0.161111
0 0.137500 0.199074 0.027083 0.155556
0 0.127604 0.180556 0.025000 0.168519
0 0.148958 0.165741 0.025000 0.161111
0 0.175000 0.150000 0.026042 0.150000
0 0.118750 0.170370 0.020833 0.159259
0 0.163021 0.679167 0.042708 0.223148
0 0.540104 0.563889 0.043750 0.216667
0 0.496094 0.578704 0.035937 0.214815
0 0.970313 0.755093 0.047917 0.228704
0 0.800260 0.085648 0.036979 0.149074
0 0.748958 0.088426 0.025000 0.143519
0 0.887760 0.105093 0.026562 0.145370
0 0.830990 0.078704 0.024479 0.133333
0 0.781771 0.134259 0.030208 0.138889
0 0.239063 0.361111 0.027083 0.183333
0 0.197396 0.360185 0.041667 0.164815
0 0.200000 0.133333 0.026042 0.159259
0 0.262500 0.224537 0.030208 0.167593
0 0.230990 0.215741 0.030729 0.159259
0 0.259375 0.199074 0.027083 0.155556
