1 0.846615 0.654630 0.052604 0.214815
1 0.358594 0.647685 0.042188 0.225000
1 0.916146 0.518056 0.039583 0.195370
1 0.493750 0.987500 0.041667 0.217593
1 0.351042 0.816667 0.036458 0.231481
7 0.377865 0.242593 0.040104 0.103704
7 0.367969 0.325463 0.029687 0.112037
1 0.432031 0.208333 0.038021 0.157407
1 0.337240 0.125463 0.020313 0.128704
1 0.195573 0.235648 0.026562 0.154630
1 0.174219 0.239815 0.034896 0.177778
1 0.404167 0.138889 0.030208 0.144444
1 0.400781 0.115278 0.024479 0.154630
1 0.302083 0.016667 0.028125 0.122222
7 0.327344 0.029167 0.031771 0.071296
7 0.651563 0.081481 0.031250 0.109259
1 0.303646 0.187963 0.029167 0.157407
1 0.174740 0.050000 0.023438 0.138889
1 0.208073 0.178241 0.027604 0.158333
1 0.163542 0.193981 0.026042 0.154630
1 0.198437 0.163426 0.023958 0.158333
1 0.138802 0.200000 0.027604 0.153704
1 0.127604 0.188426 0.038542 0.156481
1 0.152344 0.162963 0.027604 0.159259
1 0.185677 0.145370 0.025521 0.150000
1 0.119271 0.166667 0.020833 0.159259
1 0.467187 -0.025463 0.026042 0.147222
1 0.186198 0.795833 0.043229 0.241667
1 0.511979 0.457407 0.040625 0.201852
1 0.465104 0.472222 0.032292 0.198148
1 0.685677 0.881019 0.049479 0.249074
1 0.933854 0.742593 0.047917 0.229630
1 0.962760 0.693519 0.035937 0.235185
1 0.788542 0.045370 0.031250 0.137037
1 0.754427 0.053704 0.023438 0.137037
1 0.916406 0.186574 0.026562 0.160185
1 0.857812 0.149537 0.027083 0.149074
1 0.784375 0.184722 0.030208 0.141667
1 0.601823 0.120833 0.028646 0.152778
1 0.437500 -0.025463 0.023958 0.137963
1 0.413802 -0.025463 0.024479 0.137963
1 0.376823 0.034722 0.054688 0.087963
1 0.260937 0.093981 0.028125 0.137963
1 0.225000 0.437500 0.030208 0.191667
1 0.191927 0.440278 0.039062 0.176852
1 0.239063 0.143519 0.031250 0.162963
1 0.232552 0.042593 0.034896 0.135185
1 0.213021 0.018519 0.026042 0.125926
1 0.145833 0.047222 0.027083 0.127778
1 0.252604 0.286574 0.034375 0.176852
1 0.206771 0.284722 0.031250 0.169444
1 0.261979 0.266204 0.031250 0.163889
