1 0.930208 0.695370 0.048958 0.216667
1 0.926823 0.571759 0.026562 0.095370
1 0.869792 0.559722 0.018750 0.102778
1 0.019792 0.609722 0.028125 0.137963
1 0.049740 0.614815 0.031771 0.137037
1 0.128906 0.603241 0.024479 0.119444
1 0.103906 0.605556 0.022396 0.111111
1 0.187240 0.570370 0.020313 0.100000
1 0.161719 0.597685 0.023438 0.128704
1 0.766406 0.520833 0.011979 0.050926
1 0.690885 0.528704 0.014063 0.064815
1 0.752865 0.518981 0.009896 0.052778
1 0.443490 0.487037 0.005729 0.027778
1 0.130990 0.552315 0.015104 0.084259
1 0.304427 0.506019 0.008854 0.043519
1 0.117708 0.587037 0.019792 0.125926
1 0.578906 0.488426 0.009896 0.039815
1 0.789062 0.514352 0.016667 0.062037
1 0.324219 0.512037 0.009896 0.059259
1 0.334375 0.517593 0.010417 0.057407
1 0.292448 0.510185 0.009896 0.057407
1 0.314583 0.504630 0.010417 0.055556
1 0.746094 0.512037 0.011979 0.057407
1 0.605990 0.502778 0.009896 0.044444
1 0.614062 0.506019 0.010417 0.045370
1 0.686719 0.507870 0.011979 0.049074
1 0.680729 0.512037 0.011458 0.050000
1 0.086719 0.600000 0.016146 0.098148
1 0.771094 0.514815 0.010937 0.053704
1 0.694271 0.502778 0.011458 0.048148
