1 0.846354 0.656944 0.052083 0.219444
1 0.322135 0.619444 0.038021 0.222222
1 0.916146 0.519907 0.039583 0.195370
1 0.489844 0.985185 0.041146 0.222222
1 0.351042 0.816667 0.036458 0.231481
7 0.377865 0.242593 0.040104 0.103704
7 0.367969 0.325463 0.029687 0.112037
1 0.431510 0.208333 0.036979 0.157407
1 0.337240 0.125463 0.020313 0.128704
1 0.228385 0.231019 0.028646 0.150926
1 0.258073 0.243056 0.043229 0.178704
1 0.404687 0.144444 0.027083 0.148148
1 0.395833 0.110185 0.029167 0.151852
1 0.302083 0.015741 0.028125 0.124074
7 0.327344 0.029167 0.031771 0.071296
7 0.651563 0.081481 0.031250 0.109259
1 0.295573 0.188889 0.031771 0.155556
1 0.171875 0.052315 0.017708 0.137963
1 0.209375 0.179167 0.029167 0.160185
1 0.164062 0.195370 0.026042 0.155556
1 0.199740 0.160648 0.023438 0.162037
1 0.135677 0.206481 0.027604 0.148148
1 0.117188 0.181481 0.025000 0.168519
1 0.151823 0.162037 0.031771 0.157407
1 0.190625 0.146296 0.026042 0.150000
1 0.122656 0.168981 0.020313 0.154630
1 0.467187 -0.025463 0.026042 0.147222
1 0.213802 0.978241 0.051562 0.243519
1 0.502083 0.335185 0.034375 0.192593
1 0.455208 0.339352 0.035417 0.180556
1 0.618490 0.665278 0.045312 0.234259
1 0.911458 0.740741 0.048958 0.218519
1 0.919792 0.697685 0.045833 0.237963
1 0.753906 -0.006481 0.029687 0.133333
1 0.714844 -0.006481 0.023438 0.137037
1 0.973177 0.298611 0.030729 0.175000
1 0.900781 0.252315 0.028646 0.162037
1 0.786198 -0.026389 0.023438 0.128704
1 0.763281 -0.027315 0.024479 0.141667
1 0.781250 0.254167 0.032292 0.147222
1 0.664062 0.232407 0.030208 0.153704
1 0.459896 0.000463 0.030208 0.147222
1 0.422917 -0.008333 0.023958 0.142593
1 0.407552 0.011111 0.026562 0.135185
1 0.275000 0.171296 0.028125 0.144444
1 0.213281 0.551852 0.031771 0.207407
1 0.173698 0.559722 0.045312 0.187963
1 0.241406 0.143519 0.032813 0.159259
1 0.264323 0.119444 0.030729 0.151852
1 0.215625 0.074074 0.031250 0.142593
1 0.241406 0.076389 0.024479 0.139815
1 0.242448 0.027315 0.027604 0.134259
1 0.215104 0.373148 0.038542 0.181481
1 0.169531 0.373611 0.031771 0.187963
1 0.273958 0.362963 0.033333 0.174074
1 0.392969 0.002315 0.028646 0.123148
