0 0.845833 0.654630 0.051042 0.214815
0 0.315104 0.648148 0.034375 0.235185
0 0.916667 0.516667 0.037500 0.196296
0 0.477865 0.993056 0.045312 0.112963
0 0.351042 0.816667 0.036458 0.231481
2 0.377865 0.242593 0.040104 0.103704
2 0.367969 0.325463 0.029687 0.112037
0 0.422135 0.202315 0.028646 0.160185
0 0.336979 0.125463 0.020833 0.128704
0 0.186458 0.252778 0.027083 0.159259
0 0.159635 0.248148 0.028646 0.177778
0 0.403906 0.140278 0.026562 0.145370
0 0.402344 0.117593 0.031771 0.157407
2 0.651563 0.081481 0.031250 0.109259
0 0.300521 0.187500 0.031250 0.160185
0 0.200000 0.179630 0.025000 0.159259
0 0.163021 0.192593 0.026042 0.155556
0 0.191927 0.166667 0.024479 0.161111
0 0.134115 0.200463 0.025521 0.150926
0 0.121615 0.180556 0.025521 0.168519
0 0.147917 0.165278 0.029167 0.162037
0 0.170313 0.150926 0.031250 0.150000
0 0.118229 0.174074 0.020833 0.159259
0 0.171354 0.564352 0.039583 0.208333
0 0.598958 0.689815 0.039583 0.227778
0 0.563802 0.714815 0.039062 0.231481
0 0.833594 0.145833 0.030729 0.162037
0 0.765104 0.139815 0.023958 0.148148
0 0.789844 0.087037 0.029687 0.135185
0 0.246615 0.283333 0.026562 0.174074
0 0.220833 0.286574 0.036458 0.160185
0 0.261719 0.155093 0.030729 0.154630
0 0.233594 0.153241 0.028646 0.154630
0 0.260937 0.134722 0.025000 0.149074
