1 0.780469 0.558333 0.023438 0.111111
1 0.857031 0.541667 0.017188 0.081481
1 0.952865 0.651852 0.038021 0.157407
1 1.009896 0.655556 0.039583 0.148148
1 0.823698 0.522222 0.016146 0.077778
1 0.235937 0.566667 0.018750 0.101852
1 0.260156 0.567130 0.019271 0.104630
1 0.327344 0.544907 0.014063 0.073148
1 0.313021 0.544907 0.012500 0.069444
1 0.350260 0.525926 0.013021 0.064815
1 0.825260 0.494444 0.009896 0.042593
1 0.708333 0.493981 0.011458 0.045370
1 0.816927 0.495370 0.007812 0.050000
1 0.557292 0.479630 0.007292 0.025926
1 0.308594 0.528704 0.010937 0.070370
1 0.321094 0.528241 0.009896 0.075000
1 0.637240 0.478241 0.007812 0.034259
1 0.415885 0.498148 0.008854 0.044444
1 0.435156 0.502778 0.008854 0.046296
1 0.402344 0.499074 0.010937 0.046296
1 0.835417 0.494907 0.011458 0.045370
1 0.776042 0.487500 0.011458 0.047222
