1 0.057552 0.706944 0.023438 0.152778
1 0.670833 0.531944 0.010417 0.049074
1 0.038802 0.710185 0.019271 0.150000
1 0.037500 0.728704 0.017708 0.148148
1 0.022656 0.739352 0.023438 0.150926
1 0.722656 0.520833 0.010937 0.052778
1 0.819792 0.560185 0.018750 0.092593
1 0.796615 0.558333 0.019271 0.081481
1 0.786719 0.560648 0.016146 0.082407
1 0.713281 0.516204 0.009896 0.049074
1 0.702344 0.518056 0.016146 0.056481
1 0.774740 0.725463 0.033854 0.191667
1 0.846615 0.703241 0.045312 0.184259
1 0.713542 0.663426 0.029167 0.178704
1 0.810677 0.566204 0.017188 0.093519
1 0.734896 0.673611 0.048958 0.193519
1 0.748437 0.569444 0.018750 0.079630
1 0.769271 0.563889 0.019792 0.074074
1 0.862500 0.609259 0.025000 0.124074
1 0.844531 0.683333 0.045312 0.177778
1 0.889844 0.605093 0.021354 0.108333
1 0.875260 0.593519 0.020313 0.120370
1 0.724740 0.569444 0.024479 0.092593
