1 0.598437 0.343981 0.031250 0.136111
1 0.422656 0.337037 0.031771 0.161111
1 0.463542 0.345370 0.029167 0.144444
1 0.613802 0.325926 0.024479 0.101852
1 0.735156 0.391667 0.051562 0.362963
1 0.364323 0.337963 0.021354 0.101852
1 0.714323 0.383333 0.049479 0.309259
1 0.528385 0.317593 0.014063 0.064815
1 0.120313 0.399537 0.057292 0.275000
1 0.555469 0.312037 0.011979 0.050000
1 0.542188 0.315741 0.011458 0.051852
7 0.480208 0.341204 0.022917 0.078704
7 0.498958 0.347685 0.025000 0.076852
1 0.385937 0.326389 0.011458 0.058333
1 0.355208 0.309722 0.009375 0.034259
