1 0.754687 0.633333 0.051042 0.225926
1 0.254688 0.246296 0.038542 0.192593
1 0.100781 0.640278 0.044271 0.230556
1 0.915885 0.519907 0.040104 0.193519
1 0.510156 0.969907 0.041146 0.256481
1 0.351302 0.819444 0.045312 0.231481
7 0.377865 0.242593 0.040104 0.103704
7 0.367969 0.325463 0.029687 0.112037
1 0.429427 0.218519 0.030729 0.161111
1 0.784115 0.112963 0.026562 0.135185
1 0.605208 0.167593 0.026042 0.151852
1 0.566667 0.186574 0.028125 0.173148
1 0.281510 0.190278 0.029687 0.165741
1 0.505990 0.173611 0.034896 0.162037
1 0.069531 0.410648 0.025521 0.173148
1 0.050260 0.393056 0.045312 0.187963
1 0.438281 0.420833 0.042188 0.193519
1 0.472656 0.425463 0.041146 0.175000
1 0.471875 0.173148 0.025000 0.140741
1 0.406510 0.170370 0.024479 0.157407
1 0.380469 0.072685 0.026562 0.149074
1 0.296354 0.023148 0.021875 0.124074
7 0.327344 0.029167 0.031771 0.071296
1 0.134635 0.510648 0.030729 0.186111
7 0.651563 0.082407 0.031250 0.109259
1 0.314323 0.454630 0.032813 0.187037
1 0.271354 0.454167 0.035417 0.208333
1 0.273438 -0.028241 0.026042 0.137963
1 0.235937 -0.019907 0.032292 0.136111
1 0.293750 0.136574 0.023958 0.154630
1 0.184896 0.119907 0.027083 0.149074
1 0.198437 0.181481 0.026042 0.161111
1 0.371615 0.374074 0.026562 0.161111
1 0.164583 0.194907 0.027083 0.156481
1 0.188281 0.165278 0.023438 0.162037
1 0.124479 0.193519 0.028125 0.151852
1 0.141406 0.174074 0.022396 0.168519
1 0.160938 0.161574 0.029167 0.150926
1 0.152083 0.142593 0.028125 0.153704
1 0.117188 0.174074 0.020833 0.159259
1 0.465625 -0.027315 0.018750 0.134259
1 0.208594 0.079167 0.030729 0.147222
1 0.222135 0.559259 0.044271 0.218519
1 0.990625 0.662963 0.039583 0.214815
1 0.863542 0.084722 0.032292 0.136111
1 0.787240 -0.019907 0.022396 0.117593
1 0.147656 0.822222 0.046354 0.250000
1 0.140885 0.749074 0.044271 0.235185
1 0.710938 -0.033333 0.028125 0.131481
7 0.645833 0.076852 0.032292 0.088889
