0 0.807813 0.671759 0.044792 0.226852
0 0.253646 0.201389 0.037500 0.186111
0 0.198437 0.654167 0.059375 0.230556
0 0.915625 0.519907 0.040625 0.193519
0 0.503125 0.968519 0.037500 0.159259
0 0.351042 0.816667 0.036458 0.231481
2 0.377865 0.242593 0.040104 0.103704
2 0.367969 0.325463 0.029687 0.112037
0 0.429427 0.218519 0.030729 0.161111
0 0.772396 0.066667 0.028125 0.129630
0 0.560417 0.144444 0.027083 0.146296
0 0.533333 0.155093 0.031250 0.167593
0 0.278125 0.169907 0.019792 0.154630
0 0.500000 0.119907 0.031250 0.160185
0 0.069531 0.410648 0.025521 0.173148
0 0.052865 0.392130 0.040104 0.186111
0 0.449740 0.497685 0.038021 0.199074
0 0.482812 0.497685 0.035417 0.186111
0 0.428906 0.164352 0.023438 0.141667
0 0.391406 0.169444 0.024479 0.155556
0 0.380729 0.075000 0.026042 0.142593
0 0.138021 0.431019 0.029167 0.178704
2 0.651563 0.082407 0.031250 0.109259
0 0.287240 0.536574 0.033854 0.199074
0 0.244010 0.527778 0.036979 0.216667
0 0.294010 0.136111 0.023438 0.153704
0 0.177604 0.122685 0.027083 0.149074
0 0.201302 0.181481 0.029687 0.164815
0 0.484115 0.434722 0.032813 0.169444
0 0.159896 0.200926 0.027083 0.157407
0 0.193750 0.164815 0.027083 0.161111
0 0.124479 0.199537 0.028125 0.152778
0 0.130208 0.180556 0.023958 0.170370
0 0.155729 0.164815 0.029167 0.140741
0 0.151562 0.142593 0.028125 0.153704
0 0.117188 0.174074 0.020833 0.159259
0 0.232292 0.118519 0.028125 0.155556
0 0.229948 0.461111 0.042188 0.201852
0 0.974479 0.585648 0.035417 0.199074
0 0.905729 0.120833 0.029167 0.141667
0 0.208854 0.955093 0.051042 0.171296
0 0.224740 0.881019 0.045312 0.243519
2 0.645833 0.076852 0.032292 0.087037
0 0.651042 0.076852 0.035417 0.085185
