0 0.845573 0.654630 0.050521 0.214815
0 0.282292 0.639352 0.040625 0.232407
0 0.914844 0.517593 0.044271 0.190741
0 0.472135 0.991204 0.045312 0.117593
0 0.351042 0.816667 0.036458 0.231481
2 0.377865 0.242593 0.040104 0.103704
2 0.367969 0.325463 0.029687 0.112037
0 0.423177 0.206019 0.031771 0.158333
0 0.336979 0.125463 0.020833 0.128704
0 0.186198 0.260185 0.027604 0.159259
0 0.153385 0.256944 0.029687 0.182407
0 0.403385 0.146296 0.024479 0.138889
0 0.404427 0.119907 0.027604 0.158333
2 0.651563 0.081481 0.031250 0.109259
0 0.299740 0.187963 0.032813 0.161111
0 0.200000 0.180556 0.025000 0.159259
0 0.163281 0.192593 0.025521 0.155556
0 0.194792 0.169444 0.025000 0.161111
0 0.135417 0.200463 0.025000 0.150926
0 0.121615 0.180093 0.025521 0.169444
0 0.147917 0.165278 0.029167 0.162037
0 0.166927 0.151852 0.027604 0.151852
0 0.118229 0.174074 0.020833 0.159259
0 0.177865 0.530093 0.039062 0.204630
0 0.625000 0.738889 0.046875 0.240741
0 0.589583 0.759722 0.039583 0.234259
0 0.840104 0.164352 0.033333 0.162037
0 0.775260 0.156944 0.024479 0.150926
0 0.792969 0.081481 0.029687 0.135185
0 0.252083 0.260648 0.027083 0.171296
0 0.225260 0.264815 0.032813 0.155556
0 0.251042 0.139352 0.028125 0.154630
0 0.222135 0.138426 0.027604 0.154630
0 0.250781 0.117593 0.025521 0.142593
