1 0.846354 0.656019 0.052083 0.217593
1 0.344010 0.624537 0.049479 0.225000
1 0.916146 0.518981 0.039583 0.195370
1 0.492708 0.985648 0.041667 0.228704
1 0.351042 0.816667 0.036458 0.231481
7 0.377865 0.242593 0.040104 0.103704
7 0.367969 0.325463 0.029687 0.112037
1 0.431510 0.208333 0.036979 0.157407
1 0.337240 0.125463 0.020313 0.128704
1 0.197396 0.234259 0.028125 0.153704
1 0.217448 0.243519 0.032813 0.177778
1 0.405208 0.142130 0.027083 0.147222
1 0.395833 0.108333 0.030208 0.151852
1 0.302083 0.016204 0.028125 0.123148
7 0.327344 0.029167 0.031771 0.071296
7 0.651563 0.081481 0.031250 0.109259
1 0.297135 0.187963 0.028646 0.153704
1 0.174479 0.050926 0.022917 0.138889
1 0.210156 0.178704 0.029687 0.159259
1 0.164062 0.194444 0.026042 0.155556
1 0.198958 0.157870 0.023958 0.158333
1 0.133594 0.202778 0.027604 0.155556
1 0.119271 0.181944 0.026042 0.169444
1 0.151823 0.161574 0.031771 0.156481
1 0.190625 0.145370 0.026042 0.150000
1 0.119271 0.162963 0.020833 0.159259
1 0.467187 -0.025463 0.026042 0.147222
1 0.196094 0.911574 0.048438 0.245370
1 0.497656 0.373148 0.035937 0.192593
1 0.454427 0.375926 0.033854 0.183333
1 0.639583 0.730093 0.045833 0.241667
1 0.929948 0.741667 0.047396 0.227778
1 0.960677 0.700000 0.038021 0.224074
1 0.765104 0.011111 0.029167 0.133333
1 0.728906 0.011111 0.023438 0.137037
1 0.955469 0.258796 0.035937 0.169444
1 0.885938 0.218981 0.028125 0.156481
1 0.782031 0.233796 0.032813 0.147222
1 0.636979 0.196759 0.030208 0.154630
1 0.454948 -0.002778 0.025521 0.148148
1 0.414844 -0.008333 0.023438 0.142593
1 0.402344 0.011111 0.026562 0.135185
1 0.276302 0.145370 0.025521 0.140741
1 0.218229 0.515741 0.034375 0.207407
1 0.178385 0.520370 0.042188 0.188889
1 0.245052 0.142593 0.028646 0.161111
1 0.247396 0.089352 0.032292 0.143519
1 0.212240 0.058796 0.028646 0.141667
1 0.235417 0.060648 0.025000 0.139815
1 0.226042 0.344907 0.035417 0.180556
1 0.180469 0.344907 0.031771 0.178704
1 0.277344 0.327778 0.033854 0.168519
1 0.383854 -0.006019 0.020833 0.123148
