1 0.845573 0.683333 0.049479 0.224074
1 0.254427 0.142130 0.034896 0.175000
1 0.404687 0.631019 0.040625 0.219444
1 0.915365 0.519907 0.041146 0.193519
1 0.535156 0.975926 0.046354 0.237037
1 0.351042 0.816667 0.036458 0.231481
7 0.377865 0.242593 0.040104 0.103704
7 0.367969 0.325463 0.029687 0.112037
1 0.428906 0.218056 0.027604 0.158333
1 0.773177 -0.016204 0.026562 0.121296
1 0.538802 0.097222 0.027604 0.148148
1 0.505990 0.083333 0.030729 0.155556
1 0.267969 0.130556 0.021354 0.151852
1 0.485417 0.017130 0.027083 0.139815
1 0.070573 0.410648 0.026562 0.173148
1 0.059375 0.390278 0.027083 0.184259
1 0.477344 0.623611 0.054688 0.217593
1 0.511719 0.628241 0.041146 0.197222
1 0.404427 0.151852 0.024479 0.135185
1 0.387240 0.162500 0.030729 0.156481
1 0.387240 0.041204 0.025521 0.136111
1 0.297135 0.022685 0.021354 0.123148
7 0.327344 0.029167 0.031771 0.071296
1 0.126823 0.314815 0.027604 0.161111
7 0.651563 0.082407 0.031250 0.109259
1 0.220052 0.699537 0.036979 0.221296
1 0.171875 0.683333 0.047917 0.237037
1 0.296615 0.142130 0.028646 0.150926
1 0.182552 0.130093 0.030729 0.150926
1 0.200521 0.182407 0.027083 0.162963
1 0.678906 0.569444 0.043229 0.188889
1 0.163021 0.194444 0.027083 0.157407
1 0.191406 0.162963 0.026562 0.161111
1 0.134115 0.200463 0.039062 0.141667
1 0.134635 0.179630 0.030729 0.162963
1 0.158073 0.156019 0.029687 0.160185
1 0.148177 0.140741 0.026562 0.151852
1 0.117708 0.174074 0.020833 0.159259
1 0.450521 0.047222 0.023958 0.151852
1 0.236458 0.177315 0.028125 0.160185
1 0.253906 0.312037 0.042188 0.185185
1 0.991146 0.480556 0.041667 0.177778
1 0.910417 0.453704 0.034375 0.188889
1 0.805208 0.013889 0.028125 0.137037
1 0.931771 0.200926 0.027083 0.150000
1 0.947135 0.141204 0.033854 0.152778
1 0.955990 0.143519 0.034896 0.161111
1 0.886458 0.150000 0.033333 0.159259
1 0.232292 0.050463 0.021875 0.136111
1 0.203646 0.051852 0.035417 0.127778
1 0.721354 -0.035185 0.030208 0.125926
7 0.646875 0.074074 0.033333 0.087037
1 0.651563 0.076389 0.034375 0.084259
