1 0.414323 0.372222 0.091146 0.442593
1 0.490104 0.362963 0.094792 0.483333
1 0.230469 0.379167 0.158854 0.613889
1 0.301823 0.381481 0.078646 0.429630
1 0.610156 0.377778 0.065104 0.364815
1 0.698438 0.331019 0.018750 0.110185
1 0.342708 0.328704 0.034375 0.179630
1 0.563281 0.331944 0.022396 0.115741
1 0.675260 0.330556 0.015104 0.096296
1 0.659115 0.323148 0.013021 0.081481
1 0.809115 0.331019 0.017188 0.095370
1 0.931250 0.332870 0.022917 0.113889
1 0.898438 0.334722 0.017708 0.086111
1 0.911719 0.328704 0.019271 0.092593
1 0.722135 0.324537 0.013021 0.058333
1 0.967448 0.338426 0.018229 0.106481
