0 0.846354 0.657407 0.052083 0.220370
0 0.319010 0.617130 0.038021 0.226852
0 0.916146 0.519907 0.039583 0.195370
0 0.484115 0.985648 0.041146 0.128704
0 0.351042 0.816667 0.036458 0.231481
2 0.377865 0.242593 0.040104 0.103704
2 0.367969 0.325463 0.029687 0.112037
0 0.431510 0.208333 0.036979 0.157407
0 0.337240 0.125463 0.020313 0.128704
0 0.243490 0.234259 0.030729 0.153704
0 0.269792 0.243519 0.031250 0.177778
0 0.404687 0.144444 0.027083 0.148148
0 0.395833 0.109259 0.029167 0.151852
2 0.651563 0.081481 0.031250 0.109259
0 0.296094 0.188426 0.030729 0.154630
0 0.208333 0.178241 0.029167 0.160185
0 0.164062 0.195370 0.026042 0.155556
0 0.199740 0.160648 0.023438 0.162037
0 0.135937 0.205556 0.028125 0.148148
0 0.120052 0.181481 0.030729 0.168519
0 0.151823 0.162037 0.031771 0.157407
0 0.190625 0.147222 0.026042 0.150000
0 0.124740 0.168056 0.020313 0.154630
0 0.220573 0.987963 0.051562 0.125000
0 0.504948 0.320833 0.033854 0.186111
0 0.458073 0.330556 0.031771 0.179630
0 0.613281 0.651389 0.045312 0.234259
0 0.898177 0.740278 0.042188 0.217593
0 0.899740 0.701852 0.057813 0.237037
0 0.978646 0.311111 0.031250 0.175926
0 0.902344 0.268056 0.032813 0.165741
0 0.783333 0.267593 0.034375 0.148148
0 0.674219 0.248148 0.033854 0.153704
0 0.266927 0.179167 0.024479 0.143519
0 0.212240 0.571296 0.033854 0.211111
0 0.172135 0.576852 0.045312 0.190741
0 0.241667 0.144444 0.032292 0.159259
0 0.266927 0.127778 0.030729 0.151852
0 0.217448 0.082870 0.031771 0.149074
0 0.244531 0.083333 0.026562 0.138889
0 0.209635 0.383333 0.038021 0.181481
0 0.170573 0.384259 0.033854 0.187037
0 0.271615 0.375463 0.036979 0.178704
