1 0.735417 0.637500 0.053125 0.223148
1 0.234375 0.413889 0.042708 0.212963
1 0.074740 0.623148 0.043229 0.229630
1 0.916406 0.519907 0.039062 0.193519
1 0.638021 0.996296 0.043750 0.203704
1 0.354167 0.820833 0.052083 0.232407
7 0.377865 0.242593 0.040104 0.103704
7 0.367969 0.325463 0.029687 0.112037
1 0.429688 0.218519 0.031250 0.161111
1 1.004427 0.373611 0.036979 0.176852
1 0.788802 0.132407 0.027604 0.135185
1 0.798438 0.270370 0.026042 0.161111
1 0.766667 0.275926 0.040625 0.177778
1 0.426302 0.260648 0.036979 0.160185
1 0.532292 0.257870 0.034375 0.163889
1 0.085417 0.418056 0.028125 0.178704
1 0.088542 0.396759 0.036458 0.187963
1 0.453906 0.238889 0.027604 0.168519
1 0.475521 0.250463 0.029167 0.156481
1 0.552083 -0.035185 0.023958 0.112963
1 0.707292 0.263426 0.020833 0.150926
1 0.672135 0.233333 0.030729 0.150000
1 0.380469 0.070833 0.027604 0.150926
1 0.296094 0.022685 0.020313 0.119444
7 0.327344 0.029167 0.031771 0.071296
1 0.023177 0.790741 0.034896 0.212963
7 0.651563 0.080556 0.031250 0.107407
1 0.280208 0.258796 0.028125 0.163889
1 0.274219 0.271759 0.039062 0.178704
1 0.239844 0.095370 0.026562 0.146296
1 0.212240 0.101852 0.027604 0.150000
1 0.292708 0.136574 0.023958 0.154630
1 0.267188 0.112963 0.028125 0.148148
1 0.199479 0.178704 0.028125 0.162963
1 0.259896 0.178704 0.030208 0.142593
1 0.164062 0.192593 0.027083 0.157407
1 0.187760 0.160185 0.023438 0.162963
1 0.122656 0.196296 0.025521 0.151852
1 0.146354 0.169907 0.025000 0.171296
1 0.151823 0.150926 0.029687 0.155556
1 0.152604 0.142593 0.028125 0.153704
1 0.117708 0.174074 0.020833 0.159259
1 0.487500 -0.045833 0.020833 0.106481
1 0.181510 -0.027778 0.019271 0.122222
1 0.228385 0.960648 0.050521 0.250926
7 0.648438 0.072685 0.034375 0.100926
