1 0.479687 0.501389 0.012500 0.060185
1 0.616667 0.562500 0.023958 0.119444
1 0.597135 0.565278 0.023438 0.117593
1 0.567708 0.570833 0.014583 0.112037
1 0.580990 0.570370 0.020313 0.118519
1 0.454688 0.983796 0.067708 0.365741
1 0.408594 0.926852 0.067187 0.361111
1 0.454688 0.499074 0.013542 0.062963
1 0.299740 0.768981 0.068229 0.275000
1 0.889844 0.631944 0.033854 0.182407
1 0.313542 0.795833 0.080208 0.299074
1 0.498177 0.565278 0.021354 0.113889
1 0.531771 0.568056 0.027083 0.121296
1 0.782813 0.672685 0.041667 0.187963
1 0.441146 0.861574 0.036458 0.304630
1 0.808854 0.646759 0.038542 0.165741
1 0.776823 0.629630 0.032813 0.157407
1 0.506250 0.555093 0.025000 0.108333
