1 0.827604 0.664815 0.039583 0.224074
1 0.253125 0.093519 0.038542 0.166667
1 0.447135 0.681944 0.039062 0.237963
1 0.917708 0.520370 0.037500 0.190741
1 0.557292 0.982407 0.045833 0.233333
1 0.351042 0.816667 0.036458 0.231481
7 0.377865 0.242593 0.040104 0.103704
7 0.367969 0.325463 0.029687 0.112037
1 0.426302 0.213426 0.030729 0.158333
1 0.533854 0.046759 0.027083 0.137963
1 0.499740 0.042593 0.028646 0.148148
1 0.301302 0.130093 0.020313 0.143519
1 0.469792 -0.040278 0.027083 0.115741
1 0.092448 0.392593 0.031771 0.177778
1 0.063281 0.373611 0.022396 0.199074
1 0.515104 0.752778 0.064583 0.235185
1 0.552083 0.757870 0.039583 0.217593
1 0.406510 0.155556 0.025521 0.122222
1 0.390365 0.162500 0.033854 0.154630
1 0.384375 -0.037500 0.025000 0.123148
1 0.297135 0.022222 0.021354 0.122222
7 0.327344 0.029167 0.031771 0.071296
1 0.180990 0.243519 0.025521 0.155556
7 0.651563 0.082407 0.031250 0.109259
1 0.172396 0.841667 0.038542 0.240741
1 0.132292 0.818519 0.046875 0.248148
1 0.280729 0.166204 0.030208 0.158333
1 0.175521 0.126389 0.025000 0.152778
1 0.200521 0.182870 0.027083 0.162037
1 0.889323 0.662500 0.036979 0.195370
1 0.163542 0.194444 0.027083 0.157407
1 0.202604 0.163426 0.025000 0.163889
1 0.129167 0.200000 0.032292 0.146296
1 0.134375 0.182407 0.029167 0.161111
1 0.161719 0.161574 0.029687 0.163889
1 0.149740 0.141667 0.026562 0.150000
1 0.117708 0.174074 0.020833 0.159259
1 0.471094 0.041667 0.024479 0.150000
1 0.225000 0.244444 0.031250 0.166667
1 0.259635 0.222222 0.034896 0.174074
1 0.923177 0.409259 0.042188 0.198148
1 0.859115 0.377778 0.031771 0.181481
1 0.793490 0.054167 0.029687 0.136111
1 0.922135 0.262037 0.033854 0.161111
1 0.889323 0.106019 0.026562 0.152778
1 0.857292 0.102315 0.029167 0.162037
1 0.975521 0.260648 0.041667 0.175000
1 0.220312 0.092593 0.022917 0.146296
1 0.194010 0.099074 0.029687 0.135185
1 0.265104 -0.029167 0.021875 0.126852
1 0.237500 -0.037500 0.023958 0.121296
1 0.706250 -0.040278 0.026042 0.117593
7 0.647135 0.072222 0.033854 0.087037
