1 0.673177 0.531481 0.009896 0.057407
1 0.722135 0.532407 0.010937 0.057407
1 0.830729 0.576389 0.018750 0.100926
1 0.804167 0.571296 0.016667 0.088889
1 0.785677 0.576852 0.013021 0.087037
1 0.797917 0.578241 0.020833 0.093519
1 0.712500 0.531019 0.010417 0.054630
1 0.780208 0.788426 0.044792 0.234259
1 0.834896 0.748148 0.052083 0.212963
1 0.694531 0.688889 0.028646 0.183333
1 0.820573 0.578241 0.017188 0.093519
1 0.722917 0.711111 0.040625 0.209259
1 0.746354 0.587037 0.017708 0.087037
1 0.770052 0.580093 0.021354 0.086111
1 0.903125 0.630093 0.026042 0.141667
1 0.840885 0.732870 0.047396 0.210185
1 0.928906 0.624074 0.027604 0.127778
1 0.903646 0.614815 0.025000 0.127778
1 0.726823 0.581481 0.025521 0.098148
