0 0.845833 0.654630 0.051042 0.214815
0 0.313802 0.648611 0.033854 0.236111
0 0.916927 0.517130 0.036979 0.197222
0 0.478385 0.993981 0.045312 0.112037
0 0.351042 0.816667 0.036458 0.231481
2 0.377865 0.242593 0.040104 0.103704
2 0.367969 0.325463 0.029687 0.112037
0 0.422396 0.202778 0.029167 0.159259
0 0.336979 0.125463 0.020833 0.128704
0 0.186458 0.252778 0.027083 0.159259
0 0.159635 0.248148 0.028646 0.177778
0 0.403906 0.140741 0.026562 0.146296
0 0.402865 0.118519 0.031771 0.157407
2 0.651563 0.081481 0.031250 0.109259
0 0.300521 0.187500 0.031250 0.160185
0 0.200000 0.180556 0.025000 0.159259
0 0.163021 0.192593 0.026042 0.155556
0 0.192448 0.167593 0.024479 0.161111
0 0.134115 0.200463 0.025521 0.150926
0 0.121615 0.180556 0.025521 0.168519
0 0.147917 0.165278 0.029167 0.162037
0 0.170052 0.151389 0.031771 0.150926
0 0.118229 0.174074 0.020833 0.159259
0 0.171615 0.563426 0.039062 0.208333
0 0.600000 0.692593 0.040625 0.227778
0 0.564844 0.716204 0.039062 0.230556
0 0.833854 0.146759 0.031250 0.162037
0 0.765365 0.139815 0.024479 0.148148
0 0.789844 0.086111 0.029687 0.135185
0 0.246615 0.282407 0.026562 0.174074
0 0.220833 0.285648 0.036458 0.160185
0 0.261198 0.153704 0.030729 0.153704
0 0.233073 0.152315 0.028646 0.154630
0 0.260937 0.133333 0.025000 0.148148
