1 0.604688 0.376389 0.031250 0.136111
1 0.432292 0.375926 0.031250 0.151852
1 0.203125 0.461111 0.114583 0.464815
1 0.491667 0.377315 0.029167 0.141667
1 0.573958 0.352778 0.020833 0.077778
1 0.653385 0.394907 0.038021 0.250926
1 0.329948 0.368519 0.020313 0.096296
1 0.640625 0.395833 0.034375 0.219444
1 0.513021 0.346759 0.014583 0.060185
1 0.536719 0.343981 0.010937 0.037963
1 0.521094 0.342130 0.013021 0.045370
7 0.469531 0.371296 0.023438 0.070370
1 0.335156 0.350000 0.015104 0.066667
1 0.310937 0.348148 0.018750 0.075926
1 0.356771 0.349537 0.012500 0.060185
1 0.366667 0.351389 0.011458 0.058333
