0 0.540625 0.402778 0.036458 0.159259
0 0.481250 0.382407 0.026042 0.122222
0 0.437500 0.373611 0.020833 0.115741
0 0.990625 0.565741 0.100000 0.553704
0 0.060677 0.432870 0.057813 0.230556
0 0.329948 0.394907 0.038021 0.141667
0 0.475521 0.381481 0.021875 0.109259
0 0.015365 0.443981 0.044271 0.180556
0 0.494531 0.373611 0.015104 0.095370
0 0.195052 0.397685 0.025521 0.121296
0 0.595573 0.388426 0.029687 0.160185
0 0.533594 0.375926 0.017188 0.107407
0 0.290625 0.382407 0.017708 0.096296
0 0.280469 0.381944 0.014063 0.078704
0 0.295573 0.369907 0.016146 0.054630
0 0.446094 0.361574 0.013021 0.063889
0 0.111198 0.372685 0.010937 0.062037
0 0.133594 0.393519 0.017188 0.094444
2 0.397917 0.368519 0.016667 0.044444
2 0.406771 0.375000 0.015625 0.044444
0 0.138802 0.375926 0.011979 0.059259
2 0.825260 0.393981 0.030729 0.137963
0 0.307031 0.371296 0.013021 0.048148
