1 0.964063 0.738426 0.061458 0.260185
1 0.908854 0.570833 0.032292 0.102778
1 0.843490 0.560185 0.024479 0.105556
1 0.034896 0.636111 0.028125 0.135185
1 0.005469 0.637963 0.027604 0.122222
1 0.115365 0.590278 0.022396 0.117593
1 0.068490 0.630093 0.027604 0.149074
1 0.722396 0.520833 0.013542 0.049074
1 0.669010 0.529630 0.015104 0.072222
1 0.720833 0.515278 0.010417 0.052778
1 0.396875 0.488426 0.008333 0.030556
1 0.055729 0.582870 0.021875 0.115741
1 0.253906 0.517130 0.007812 0.054630
1 0.021615 0.616667 0.024479 0.148148
1 0.545312 0.490278 0.008333 0.037963
1 0.748177 0.512500 0.009896 0.065741
1 0.282552 0.520370 0.009896 0.059259
1 0.289062 0.525000 0.011458 0.061111
1 0.242448 0.518056 0.009896 0.060185
1 0.265625 0.514815 0.010417 0.055556
1 0.699479 0.509259 0.011458 0.057407
1 0.573438 0.503241 0.010417 0.045370
1 0.582292 0.506481 0.011458 0.050000
1 0.651302 0.508333 0.010937 0.050000
1 0.641667 0.509259 0.011458 0.053704
1 0.750781 0.514352 0.010937 0.062037
1 0.708854 0.508796 0.012500 0.058333
1 0.735156 0.514815 0.009896 0.055556
1 0.604167 0.506481 0.009375 0.042593
1 0.659635 0.506019 0.013021 0.047222
