1 0.499740 0.433796 0.102604 0.593519
1 -0.020313 0.520370 0.186458 1.120370
1 0.203385 0.416204 0.070312 0.332407
1 0.284375 0.407407 0.058333 0.329630
1 0.361198 0.372685 0.021354 0.117593
1 0.382552 0.358796 0.026562 0.121296
1 0.723437 0.365741 0.023958 0.125926
1 0.550781 0.415741 0.059896 0.390741
1 0.968750 0.374537 0.020833 0.104630
1 0.940104 0.374074 0.019792 0.098148
1 0.863021 0.355556 0.013542 0.075926
1 0.848177 0.371296 0.019271 0.090741
1 0.415365 0.363426 0.023438 0.110185
1 0.680208 0.369444 0.019792 0.101852
1 0.694531 0.374537 0.016146 0.089815
1 0.443750 0.366667 0.026042 0.111111
