1 0.844792 0.654167 0.048958 0.215741
1 0.263542 0.024074 0.031250 0.170370
1 0.336979 0.620370 0.045833 0.229630
1 0.913802 0.518981 0.047396 0.193519
1 0.533333 0.987037 0.039583 0.225926
1 0.351042 0.816667 0.036458 0.231481
7 0.377865 0.242593 0.040104 0.103704
7 0.367969 0.325463 0.029687 0.112037
1 0.433594 0.213426 0.033854 0.156481
1 0.516406 -0.006944 0.025521 0.130556
1 0.489323 -0.011111 0.027604 0.137037
1 0.333594 0.126852 0.020313 0.131481
1 0.140625 0.326852 0.031250 0.170370
1 0.103906 0.317130 0.029687 0.186111
1 0.597656 0.939352 0.064062 0.241667
1 0.635417 0.941667 0.048958 0.225926
1 0.403385 0.145370 0.021354 0.140741
1 0.423438 0.125926 0.028125 0.153704
1 0.297396 0.021296 0.021875 0.122222
7 0.327344 0.029167 0.031771 0.071296
1 0.267448 0.160185 0.023438 0.144444
7 0.651563 0.082407 0.031250 0.109259
1 0.154167 1.016204 0.043750 0.167593
1 0.190885 0.983796 0.052604 0.228704
1 0.304427 0.185185 0.025521 0.161111
1 0.163542 0.080556 0.028125 0.146296
1 0.200521 0.183333 0.026042 0.159259
1 0.163021 0.193056 0.025000 0.156481
1 0.197135 0.165278 0.025521 0.160185
1 0.128646 0.199074 0.027083 0.148148
1 0.117969 0.179167 0.026562 0.167593
1 0.157812 0.166667 0.029167 0.157407
1 0.158333 0.142593 0.027083 0.151852
1 0.466927 0.008796 0.025521 0.149074
1 0.205729 0.346759 0.034375 0.180556
1 0.265365 0.118519 0.031771 0.161111
1 0.873177 0.294907 0.034896 0.176852
1 0.822656 0.278704 0.026562 0.166667
1 0.786458 0.070370 0.030208 0.131481
1 1.000260 0.353241 0.035937 0.163889
1 0.854427 0.029630 0.027604 0.140741
1 0.809115 0.016204 0.026562 0.150926
1 0.239323 0.147222 0.024479 0.157407
1 0.217969 0.156481 0.025521 0.140741
1 0.196354 0.015741 0.025000 0.127778
1 0.234635 0.030556 0.030729 0.144444
1 0.200781 0.025463 0.026562 0.141667
7 0.647396 0.069444 0.033333 0.087037
