1 0.551823 0.509722 0.013021 0.058333
1 0.577604 0.506944 0.011458 0.052778
1 0.693750 0.566667 0.021875 0.114815
1 0.670052 0.567593 0.023438 0.111111
1 0.646875 0.570370 0.011458 0.109259
1 0.657552 0.573148 0.023438 0.112963
1 0.567448 0.515278 0.015104 0.067593
1 0.586198 0.930556 0.068229 0.331481
1 0.556771 0.875000 0.062500 0.314815
1 0.442708 0.755093 0.042708 0.267593
1 0.682292 0.571296 0.018750 0.105556
1 0.970052 0.631944 0.033854 0.176852
1 0.446615 0.773148 0.056771 0.285185
1 0.578906 0.573611 0.023438 0.110185
1 0.613802 0.574537 0.026562 0.112037
1 0.850781 0.660185 0.045312 0.168519
1 0.578125 0.838426 0.032292 0.312037
1 0.876302 0.644444 0.034896 0.157407
1 0.840104 0.625926 0.032292 0.155556
1 0.582031 0.559722 0.025521 0.100926
