1 0.643229 0.356944 0.030208 0.139815
1 0.464583 0.349537 0.030208 0.147222
1 0.200781 0.407407 0.093229 0.355556
1 0.508594 0.354167 0.027604 0.136111
1 0.574219 0.330093 0.014063 0.065741
1 0.636458 0.362037 0.041667 0.190741
1 0.338542 0.335185 0.020833 0.094444
1 0.146354 0.352778 0.032292 0.142593
1 0.525781 0.328241 0.014063 0.058333
1 0.296615 0.360648 0.023438 0.147222
1 0.542708 0.320370 0.009375 0.038889
1 0.531510 0.320833 0.008854 0.043519
7 0.482552 0.344444 0.024479 0.062963
7 0.501302 0.349537 0.021354 0.063889
1 0.388802 0.326852 0.015104 0.066667
1 0.367969 0.318981 0.015104 0.075000
1 0.372396 0.329167 0.012500 0.060185
1 0.385417 0.322685 0.011458 0.058333
