1 0.824740 0.677778 0.038021 0.227778
1 0.250521 0.122222 0.035417 0.172222
1 0.441146 0.653241 0.043750 0.228704
1 0.912500 0.519444 0.046875 0.192593
1 0.555729 0.973611 0.046875 0.243519
1 0.351042 0.816667 0.036458 0.231481
7 0.377865 0.242593 0.040104 0.103704
7 0.367969 0.325463 0.029687 0.112037
1 0.429948 0.217593 0.023438 0.157407
1 0.777865 -0.039815 0.026562 0.114815
1 0.538281 0.075000 0.026562 0.144444
1 0.502083 0.063426 0.030208 0.149074
1 0.282552 0.124074 0.021354 0.150000
1 0.472917 -0.010648 0.027083 0.139815
1 0.073698 0.410648 0.027604 0.173148
1 0.059896 0.387963 0.028125 0.187037
1 0.493750 0.675463 0.058333 0.226852
1 0.532031 0.681019 0.047396 0.204630
1 0.405729 0.152315 0.027083 0.130556
1 0.384375 0.160185 0.023958 0.155556
1 0.395833 0.005093 0.025000 0.134259
1 0.297135 0.022222 0.021354 0.122222
7 0.327344 0.029167 0.031771 0.071296
1 0.152865 0.279167 0.026562 0.160185
7 0.651563 0.082407 0.031250 0.109259
1 0.195312 0.762037 0.037500 0.229630
1 0.153125 0.740278 0.051042 0.239815
1 0.286198 0.150463 0.027604 0.156481
1 0.184375 0.127778 0.029167 0.150000
1 0.200521 0.182407 0.027083 0.162963
1 0.772135 0.606944 0.045312 0.191667
1 0.163021 0.194444 0.027083 0.157407
1 0.196094 0.165741 0.025521 0.161111
1 0.129427 0.200463 0.031771 0.147222
1 0.136719 0.179167 0.031771 0.160185
1 0.151042 0.160648 0.030208 0.160185
1 0.150260 0.143056 0.027604 0.150926
1 0.117708 0.174074 0.020833 0.159259
1 0.467448 0.047685 0.027604 0.150926
1 0.238281 0.201852 0.029687 0.159259
1 0.250260 0.270370 0.033854 0.175926
1 0.971875 0.450463 0.039583 0.195370
1 0.879167 0.421759 0.031250 0.184259
1 0.798958 0.031944 0.029167 0.136111
1 0.919792 0.230093 0.029167 0.154630
1 0.922656 0.135648 0.028646 0.154630
1 0.895312 0.134259 0.036458 0.161111
1 0.917708 0.191667 0.037500 0.157407
1 0.228906 0.068056 0.021354 0.143519
1 0.202083 0.069444 0.032292 0.125926
1 0.720833 -0.035648 0.028125 0.123148
7 0.646875 0.073148 0.033333 0.087037
1 0.651563 0.076389 0.034375 0.084259
