1 0.444271 0.442593 0.036458 0.159259
1 0.380208 0.412963 0.025000 0.118519
1 0.293750 0.409722 0.018750 0.093519
1 0.943750 0.608333 0.128125 0.494444
1 0.198958 0.419907 0.023958 0.126852
1 0.359896 0.422222 0.021875 0.107407
1 0.361719 0.408796 0.019271 0.093519
1 0.445312 0.414352 0.022917 0.119444
1 0.395052 0.413426 0.016146 0.102778
1 0.168229 0.410185 0.017708 0.087037
1 0.157552 0.418056 0.014063 0.069444
1 0.191146 0.418056 0.017708 0.087963
1 0.147656 0.404630 0.015104 0.055556
1 0.315104 0.398611 0.013542 0.063889
7 0.258594 0.404167 0.019271 0.045370
7 0.273438 0.409259 0.015625 0.044444
7 0.655469 0.426852 0.022396 0.114815
