1 0.845313 0.654630 0.050000 0.214815
1 0.230729 0.621759 0.052083 0.228704
1 0.915885 0.518056 0.047396 0.191667
1 0.465104 0.983796 0.042708 0.232407
1 0.351042 0.816667 0.036458 0.231481
7 0.377865 0.242593 0.040104 0.103704
7 0.367969 0.325463 0.029687 0.112037
1 0.422135 0.208796 0.025521 0.158333
1 0.336979 0.125463 0.020833 0.128704
1 0.179427 0.268056 0.035937 0.160185
1 0.149479 0.269444 0.029167 0.185185
1 0.403385 0.145833 0.024479 0.139815
1 0.404427 0.122685 0.027604 0.158333
1 0.299219 0.019444 0.024479 0.122222
7 0.327344 0.029167 0.031771 0.071296
1 0.254688 0.078241 0.021875 0.130556
7 0.651563 0.081481 0.031250 0.109259
1 0.302083 0.186574 0.029167 0.162037
1 0.182031 0.049537 0.026562 0.139815
1 0.200000 0.181481 0.025000 0.159259
1 0.163021 0.193519 0.025000 0.155556
1 0.194531 0.166667 0.025521 0.161111
1 0.135677 0.200463 0.025521 0.150926
1 0.121875 0.179167 0.026042 0.171296
1 0.147917 0.165278 0.029167 0.162037
1 0.159115 0.141667 0.027604 0.151852
1 0.118229 0.174074 0.020833 0.159259
1 0.470833 -0.018056 0.026042 0.149074
1 0.174740 0.476389 0.038021 0.197222
1 0.258073 0.012963 0.030729 0.148148
1 0.676042 0.825926 0.051042 0.253704
1 0.634375 0.838889 0.042708 0.242593
1 0.847917 0.194444 0.032292 0.164815
1 0.781771 0.187500 0.025000 0.158333
1 0.757552 -0.004167 0.022396 0.123148
1 0.786458 -0.037500 0.021875 0.117593
1 0.785417 0.072222 0.030208 0.131481
1 0.261198 0.231944 0.024479 0.165741
1 0.232031 0.236574 0.033854 0.150926
1 0.147135 0.046759 0.024479 0.130556
1 0.232813 0.107870 0.031250 0.147222
1 0.203646 0.104630 0.027083 0.140741
1 0.235677 0.092593 0.025521 0.142593
1 0.834896 -0.002315 0.020833 0.078704
1 0.515885 0.010648 0.032813 0.128704
