0 0.844792 0.654630 0.048958 0.214815
0 0.288802 0.609259 0.060937 0.220370
0 0.914844 0.518981 0.049479 0.193519
0 0.510677 0.979167 0.039062 0.140741
0 0.351042 0.816667 0.036458 0.231481
2 0.377865 0.242593 0.040104 0.103704
2 0.367969 0.325463 0.029687 0.112037
0 0.433594 0.213426 0.033854 0.156481
0 0.333854 0.126852 0.019792 0.131481
0 0.147917 0.314352 0.030208 0.169444
0 0.119531 0.305093 0.032813 0.187963
0 0.606510 0.979167 0.052604 0.138889
0 0.640885 0.986111 0.045312 0.124074
0 0.402865 0.145370 0.022396 0.140741
0 0.410156 0.123148 0.026562 0.159259
0 0.271094 0.142130 0.023438 0.143519
2 0.651563 0.082407 0.031250 0.109259
0 0.299479 0.184259 0.032292 0.162963
0 0.200260 0.183333 0.025521 0.159259
0 0.163021 0.193056 0.025000 0.156481
0 0.199479 0.165278 0.025000 0.160185
0 0.134375 0.198611 0.022917 0.147222
0 0.121094 0.181019 0.026562 0.167593
0 0.149479 0.166204 0.029167 0.162037
0 0.157292 0.144444 0.027083 0.151852
0 0.194792 0.373148 0.034375 0.190741
0 0.263542 0.096296 0.031250 0.159259
0 0.811198 1.000000 0.046354 0.095370
0 0.864844 0.271296 0.035937 0.174074
0 0.805990 0.256481 0.032813 0.164815
0 0.786458 0.071296 0.030208 0.131481
0 0.249740 0.162963 0.023438 0.161111
0 0.229948 0.170370 0.025521 0.142593
