0 0.844792 0.654630 0.048958 0.214815
0 0.292448 0.609722 0.059896 0.221296
0 0.914583 0.518981 0.048958 0.193519
0 0.513281 0.980093 0.039062 0.138889
0 0.351042 0.816667 0.036458 0.231481
2 0.377865 0.242593 0.040104 0.103704
2 0.367969 0.325463 0.029687 0.112037
0 0.433594 0.213426 0.033854 0.156481
0 0.333854 0.126852 0.019792 0.131481
0 0.147396 0.315278 0.030208 0.169444
0 0.118229 0.306481 0.034375 0.187037
0 0.605990 0.976389 0.052604 0.142593
0 0.641406 0.983333 0.046354 0.127778
0 0.402865 0.145370 0.022396 0.140741
0 0.411198 0.124074 0.026562 0.159259
0 0.271094 0.144444 0.023438 0.144444
2 0.651563 0.082407 0.031250 0.109259
0 0.300260 0.183796 0.031771 0.163889
0 0.200260 0.183333 0.025521 0.159259
0 0.163021 0.193056 0.025000 0.156481
0 0.199219 0.165741 0.024479 0.159259
0 0.133854 0.198611 0.022917 0.147222
0 0.120573 0.181019 0.026562 0.167593
0 0.149479 0.166204 0.029167 0.162037
0 0.157552 0.143519 0.027604 0.151852
0 0.195573 0.371296 0.033854 0.190741
0 0.264583 0.097685 0.031250 0.160185
0 0.865885 0.272685 0.036979 0.175000
0 0.807552 0.258333 0.033854 0.164815
0 0.786458 0.071296 0.030208 0.131481
0 0.249219 0.162037 0.023438 0.161111
0 0.229427 0.168981 0.024479 0.141667
