0 0.610417 0.371759 0.029167 0.132407
0 0.434896 0.369444 0.030208 0.150000
0 0.226823 0.437037 0.110937 0.407407
0 0.489063 0.372685 0.027083 0.139815
0 0.563021 0.342593 0.017708 0.066667
0 0.637240 0.381944 0.029687 0.225000
0 0.320833 0.357407 0.020833 0.094444
0 0.628646 0.386111 0.031250 0.196296
0 0.062240 0.384259 0.036979 0.140741
0 0.510417 0.342130 0.014583 0.058333
0 0.527865 0.338426 0.010937 0.037963
2 0.462500 0.362963 0.023958 0.064815
2 0.483594 0.368056 0.021354 0.063889
0 0.350260 0.348148 0.015104 0.066667
0 0.318750 0.345833 0.018750 0.076852
0 0.356250 0.345833 0.012500 0.060185
0 0.361979 0.347685 0.011458 0.058333
