1 0.822656 0.680093 0.043229 0.225000
1 0.252083 0.191204 0.037500 0.184259
1 0.234115 0.649537 0.049479 0.232407
1 0.915625 0.519907 0.040625 0.193519
1 0.508333 0.973148 0.037500 0.251852
1 0.351042 0.816667 0.036458 0.231481
7 0.377865 0.242593 0.040104 0.103704
7 0.367969 0.325463 0.029687 0.112037
1 0.429427 0.218519 0.030729 0.161111
1 0.767969 0.055093 0.027604 0.126852
1 0.554688 0.142593 0.026042 0.150000
1 0.526042 0.143981 0.031250 0.167593
1 0.281510 0.169444 0.020313 0.155556
1 0.499740 0.100926 0.031771 0.153704
1 0.069792 0.411111 0.026042 0.174074
1 0.053385 0.392130 0.039062 0.186111
1 0.458854 0.512037 0.043750 0.201852
1 0.486198 0.514352 0.035937 0.186111
1 0.413802 0.158796 0.021354 0.141667
1 0.388021 0.167130 0.027083 0.156481
1 0.382812 0.077315 0.026042 0.141667
1 0.297135 0.022685 0.021354 0.123148
7 0.327344 0.029167 0.031771 0.071296
1 0.135937 0.408796 0.029167 0.173148
7 0.651563 0.082407 0.031250 0.109259
1 0.280208 0.558333 0.034375 0.201852
1 0.233594 0.550463 0.044271 0.213889
1 0.294010 0.136111 0.024479 0.153704
1 0.180208 0.121759 0.027083 0.149074
1 0.203646 0.181019 0.029167 0.163889
1 0.515365 0.457870 0.034896 0.178704
1 0.161979 0.200000 0.027083 0.157407
1 0.196615 0.166667 0.027604 0.157407
1 0.123698 0.202315 0.027604 0.149074
1 0.129948 0.181944 0.023438 0.175000
1 0.150260 0.156944 0.028646 0.156481
1 0.151562 0.142593 0.028125 0.153704
1 0.117708 0.174074 0.020833 0.159259
1 0.454167 0.011111 0.022917 0.142593
1 0.234115 0.125926 0.028646 0.155556
1 0.238021 0.436574 0.042708 0.199074
1 0.970573 0.559259 0.034896 0.192593
1 0.855208 -0.031944 0.026042 0.128704
1 0.913802 0.136574 0.030729 0.143519
1 0.842448 0.046759 0.027604 0.141667
1 0.226302 0.984259 0.049479 0.231481
1 0.250000 0.921759 0.050000 0.247222
1 0.228906 0.002315 0.022396 0.125000
1 0.204948 0.003704 0.022396 0.125926
1 0.720052 -0.034259 0.028646 0.129630
7 0.646354 0.076389 0.032292 0.086111
1 0.651302 0.076389 0.034896 0.084259
