0 0.422396 0.543056 0.114583 0.623148
0 0.030729 0.643056 0.286458 1.213889
0 0.345313 0.460648 0.031250 0.145370
0 0.789062 0.419444 0.023958 0.125926
0 0.577604 0.503704 0.096875 0.425926
0 0.928646 0.423148 0.018750 0.098148
0 0.917188 0.425463 0.017708 0.087963
0 0.228906 0.498148 0.051562 0.307407
0 0.494792 0.468519 0.048958 0.303704
0 0.511198 0.456481 0.044271 0.211111
0 0.650260 0.434722 0.023438 0.110185
0 0.659375 0.433796 0.017708 0.102778
0 0.712760 0.734722 0.013021 0.047222
0 0.370573 0.447222 0.019271 0.100000
