1 0.734375 0.637037 0.053125 0.224074
1 0.239583 0.350463 0.038542 0.202778
1 0.073698 0.622222 0.043229 0.231481
1 0.916146 0.519907 0.039583 0.193519
1 0.578906 0.975000 0.042188 0.244444
1 0.353646 0.820833 0.052083 0.232407
7 0.377865 0.242593 0.040104 0.103704
7 0.367969 0.325463 0.029687 0.112037
1 0.429688 0.218519 0.031250 0.161111
1 0.789323 0.131944 0.027604 0.136111
1 0.714063 0.236574 0.026042 0.147222
1 0.700781 0.246296 0.026562 0.166667
1 0.339583 0.239352 0.032292 0.145370
1 0.480990 0.285185 0.043229 0.181481
1 0.069010 0.410648 0.024479 0.173148
1 0.078906 0.393056 0.028646 0.187963
1 0.418229 0.299537 0.031250 0.171296
1 0.438802 0.305556 0.027604 0.159259
1 0.635938 0.232870 0.026042 0.149074
1 0.570052 0.207407 0.036979 0.159259
1 0.380469 0.071296 0.027604 0.150000
1 0.299219 0.020833 0.024479 0.125000
7 0.327344 0.029167 0.031771 0.071296
1 0.091146 0.690278 0.039583 0.200926
7 0.651563 0.081944 0.031250 0.108333
1 0.313542 0.314815 0.028125 0.175926
1 0.291406 0.331481 0.030729 0.190741
1 0.247135 0.055556 0.024479 0.140741
1 0.209896 0.053241 0.022917 0.147222
1 0.293229 0.136574 0.025000 0.154630
1 0.261458 0.109722 0.028125 0.147222
1 0.199219 0.179167 0.027604 0.162037
1 0.264323 0.244907 0.030729 0.156481
1 0.164062 0.193519 0.027083 0.157407
1 0.190104 0.163889 0.022917 0.162963
1 0.127344 0.192130 0.024479 0.152778
1 0.148177 0.169907 0.026562 0.171296
1 0.161979 0.151852 0.029167 0.155556
1 0.153125 0.142593 0.028125 0.153704
1 0.117188 0.174074 0.020833 0.159259
1 0.489063 -0.045370 0.021875 0.107407
1 0.202083 0.000000 0.021875 0.142593
1 0.228125 0.817130 0.052083 0.249074
1 0.792448 -0.004167 0.024479 0.126852
7 0.646615 0.075926 0.032813 0.096296
