1 0.845833 0.654630 0.051042 0.214815
1 0.304427 0.643981 0.047396 0.228704
1 0.917448 0.516667 0.039062 0.194444
1 0.477604 0.992593 0.045833 0.214815
1 0.351042 0.816667 0.036458 0.231481
7 0.377865 0.242593 0.040104 0.103704
7 0.367969 0.325463 0.029687 0.112037
1 0.422917 0.203704 0.032292 0.159259
1 0.336979 0.125463 0.020833 0.128704
1 0.185417 0.255093 0.028125 0.158333
1 0.158073 0.248148 0.028646 0.177778
1 0.403646 0.141667 0.026042 0.144444
1 0.403385 0.118519 0.030729 0.157407
1 0.299740 0.018981 0.025521 0.121296
7 0.327344 0.029167 0.031771 0.071296
1 0.250521 0.035648 0.021875 0.128704
7 0.651563 0.081481 0.031250 0.109259
1 0.300000 0.187500 0.031250 0.160185
1 0.174740 0.049074 0.023438 0.138889
1 0.200000 0.180556 0.025000 0.159259
1 0.163021 0.192593 0.026042 0.155556
1 0.193490 0.169444 0.024479 0.161111
1 0.134375 0.200463 0.025000 0.150926
1 0.121615 0.180093 0.025521 0.169444
1 0.147917 0.165278 0.029167 0.162037
1 0.168750 0.151389 0.029167 0.150926
1 0.118229 0.174074 0.020833 0.159259
1 0.467187 -0.025463 0.026042 0.147222
1 0.172656 0.551852 0.039062 0.209259
1 0.216927 -0.037037 0.030729 0.124074
1 0.607292 0.710648 0.044792 0.234259
1 0.571094 0.725463 0.040104 0.230556
1 0.834375 0.150463 0.031250 0.160185
1 0.766927 0.147222 0.028646 0.148148
1 0.827083 0.029167 0.027083 0.126852
1 0.800781 0.009722 0.022396 0.134259
1 0.791406 0.086111 0.029687 0.135185
1 0.562500 -0.036574 0.021875 0.119444
1 0.384115 -0.032870 0.022396 0.123148
1 0.279948 -0.018519 0.019271 0.122222
1 0.248958 0.278241 0.027083 0.171296
1 0.222396 0.279630 0.036458 0.159259
1 0.146094 0.046759 0.025521 0.130556
1 0.259115 0.147222 0.030729 0.153704
1 0.229948 0.149537 0.028646 0.154630
1 0.259635 0.124074 0.025521 0.142593
1 0.441146 -0.004167 0.027083 0.132407
