0 0.087760 0.693056 0.022396 0.147222
0 0.665625 0.515278 0.009375 0.050926
0 0.069792 0.695833 0.019792 0.137963
0 0.071094 0.708796 0.017188 0.137963
0 0.057031 0.717130 0.019271 0.137963
0 0.719531 0.506019 0.011979 0.050926
0 0.807813 0.543056 0.016667 0.093519
0 0.785156 0.541667 0.018229 0.079630
0 0.706771 0.507870 0.015625 0.052778
0 0.698958 0.506944 0.015625 0.056481
0 0.770833 0.686574 0.036458 0.176852
0 0.845573 0.662037 0.046354 0.170370
0 0.718490 0.641204 0.035937 0.162037
0 0.799740 0.545833 0.018229 0.080556
0 1.004687 0.575463 0.023958 0.126852
0 0.748437 0.645370 0.044792 0.175926
0 0.746615 0.547222 0.018229 0.072222
0 0.769010 0.545370 0.020313 0.074074
0 0.839844 0.572222 0.024479 0.085185
0 0.838802 0.646759 0.028646 0.162037
0 0.864583 0.573148 0.021875 0.090741
0 0.719531 0.548611 0.023438 0.084259
0 0.737760 0.546759 0.014063 0.069444
