1 0.606771 0.376852 0.032292 0.138889
1 0.434375 0.379167 0.031250 0.156481
1 0.171354 0.482407 0.136458 0.501852
1 0.489583 0.377778 0.029167 0.142593
1 0.587240 0.351389 0.019271 0.080556
1 0.672917 0.398611 0.040625 0.267593
1 0.341406 0.367130 0.020313 0.097222
1 0.660417 0.400926 0.039583 0.233333
1 0.523958 0.352315 0.014583 0.060185
1 0.547135 0.343056 0.010937 0.037963
1 0.533073 0.338889 0.010937 0.042593
7 0.475781 0.374074 0.023438 0.070370
7 0.495312 0.375000 0.022917 0.068519
1 0.333594 0.348148 0.015104 0.066667
1 0.366667 0.353241 0.012500 0.060185
1 0.378125 0.354167 0.011458 0.058333
