0 0.846094 0.654630 0.051562 0.214815
0 0.361458 0.649074 0.042708 0.233333
0 0.916146 0.516667 0.038542 0.196296
0 0.470313 0.984722 0.040625 0.129630
0 0.351042 0.816667 0.036458 0.231481
2 0.377865 0.242593 0.040104 0.103704
2 0.367969 0.325463 0.029687 0.112037
0 0.430469 0.208796 0.038021 0.160185
0 0.336979 0.125463 0.020833 0.128704
0 0.193490 0.238426 0.024479 0.156481
0 0.170573 0.239352 0.033854 0.176852
0 0.405990 0.139352 0.028646 0.147222
0 0.398698 0.116204 0.029687 0.156481
2 0.651563 0.081481 0.031250 0.109259
0 0.305729 0.188426 0.030208 0.158333
0 0.200000 0.178704 0.025000 0.159259
0 0.163021 0.192593 0.026042 0.155556
0 0.189323 0.165741 0.024479 0.161111
0 0.137500 0.200000 0.025000 0.153704
0 0.124740 0.181481 0.025521 0.166667
0 0.151302 0.166204 0.027604 0.162037
0 0.175521 0.150000 0.026042 0.150000
0 0.118750 0.171296 0.020833 0.159259
0 0.160938 0.648148 0.041667 0.220370
0 0.557031 0.595370 0.041146 0.216667
0 0.510938 0.616204 0.036458 0.219444
0 0.810156 0.103241 0.027604 0.150926
0 0.752344 0.104630 0.026562 0.142593
0 0.870573 0.085185 0.029687 0.146296
0 0.781771 0.119444 0.030208 0.138889
0 0.240625 0.337037 0.027083 0.181481
0 0.206510 0.338426 0.044271 0.163889
0 0.173177 0.132870 0.023438 0.160185
0 0.263021 0.202778 0.030208 0.164815
0 0.233333 0.197222 0.028125 0.159259
0 0.262760 0.179630 0.027604 0.157407
