1 0.841406 0.578241 0.027604 0.136111
1 0.911458 0.550000 0.023958 0.088889
1 0.882552 0.534259 0.020313 0.087037
1 0.201302 0.568981 0.022396 0.108333
1 0.229427 0.572222 0.023438 0.114815
1 0.304948 0.546759 0.017188 0.084259
1 0.290885 0.550000 0.016146 0.077778
1 0.334115 0.533796 0.016146 0.082407
1 0.319271 0.539815 0.014583 0.085185
1 0.728385 0.497222 0.011979 0.053704
1 0.825781 0.501852 0.010937 0.051852
1 0.546354 0.471759 0.007292 0.028704
1 0.283333 0.529630 0.011458 0.077778
1 0.293750 0.534259 0.015625 0.088889
1 0.644792 0.474537 0.009375 0.036111
1 0.874740 0.490741 0.008854 0.048148
1 0.412760 0.494907 0.008854 0.047222
1 0.430729 0.499537 0.009375 0.049074
1 0.396094 0.492130 0.010937 0.045370
1 0.665885 0.481481 0.010937 0.046296
1 0.677083 0.486574 0.009375 0.043519
1 0.726823 0.492130 0.011979 0.045370
1 0.278385 0.543519 0.015104 0.068519
1 0.779948 0.488889 0.009896 0.048148
