1 0.735156 0.637500 0.053646 0.223148
1 0.236198 0.407870 0.042188 0.212037
1 0.074740 0.623148 0.043229 0.229630
1 0.916406 0.519907 0.039062 0.193519
1 0.635938 0.993981 0.043750 0.208333
1 0.354167 0.820833 0.052083 0.232407
7 0.377865 0.242593 0.040104 0.103704
7 0.367969 0.325463 0.029687 0.112037
1 0.429688 0.218519 0.031250 0.161111
1 1.007552 0.379167 0.036979 0.176852
1 0.788802 0.131944 0.027604 0.136111
1 0.791667 0.270370 0.026042 0.161111
1 0.761458 0.274537 0.036458 0.175000
1 0.417448 0.256481 0.029687 0.162963
1 0.528385 0.260185 0.035937 0.168519
1 0.080208 0.415741 0.023958 0.177778
1 0.085156 0.393981 0.033854 0.187963
1 0.451562 0.246759 0.027083 0.171296
1 0.473177 0.254167 0.027604 0.154630
1 0.551562 -0.041667 0.023958 0.111111
1 0.702604 0.263426 0.020833 0.150926
1 0.663542 0.230556 0.038542 0.150000
1 0.380469 0.070833 0.027604 0.150926
1 0.296094 0.022685 0.020313 0.119444
7 0.327344 0.029167 0.031771 0.071296
1 0.023438 0.781481 0.034375 0.214815
7 0.651563 0.080556 0.031250 0.107407
1 0.283333 0.263426 0.028125 0.163889
1 0.275521 0.276852 0.040625 0.181481
1 0.239844 0.093519 0.026562 0.148148
1 0.212240 0.100000 0.027604 0.150000
1 0.292708 0.136574 0.023958 0.154630
1 0.266927 0.112963 0.028646 0.148148
1 0.199479 0.178704 0.028125 0.162963
1 0.262500 0.184259 0.030208 0.142593
1 0.165104 0.192593 0.027083 0.157407
1 0.187500 0.160185 0.023958 0.162963
1 0.122656 0.196296 0.025521 0.151852
1 0.146615 0.169907 0.025521 0.171296
1 0.151823 0.150926 0.029687 0.155556
1 0.152604 0.142593 0.028125 0.153704
1 0.117708 0.174074 0.020833 0.159259
1 0.487500 -0.045370 0.020833 0.107407
1 0.186979 -0.023148 0.023958 0.120370
1 0.227344 0.945833 0.049479 0.247222
7 0.648438 0.073148 0.034375 0.101852
