1 0.804167 0.669907 0.044792 0.226852
1 0.254167 0.204167 0.037500 0.186111
1 0.191667 0.654630 0.054167 0.233333
1 0.915625 0.519907 0.040625 0.193519
1 0.502865 0.967593 0.038021 0.255556
1 0.351042 0.816667 0.036458 0.231481
7 0.377865 0.242593 0.040104 0.103704
7 0.367969 0.325463 0.029687 0.112037
1 0.429427 0.218519 0.030729 0.161111
1 0.772656 0.070833 0.028646 0.130556
1 0.562240 0.147222 0.027604 0.146296
1 0.535417 0.156019 0.031250 0.167593
1 0.277865 0.170833 0.020313 0.156481
1 0.501302 0.122222 0.030729 0.157407
1 0.069531 0.410648 0.025521 0.173148
1 0.052865 0.392130 0.040104 0.186111
1 0.451042 0.491667 0.039583 0.198148
1 0.481771 0.492130 0.035417 0.182407
1 0.432812 0.166204 0.025000 0.141667
1 0.392708 0.169444 0.022917 0.155556
1 0.380729 0.074074 0.026042 0.144444
1 0.297135 0.022685 0.021354 0.123148
7 0.327344 0.029167 0.031771 0.071296
1 0.138021 0.433796 0.029167 0.176852
7 0.651563 0.082407 0.031250 0.109259
1 0.289844 0.531019 0.033854 0.197222
1 0.246615 0.521296 0.035937 0.214815
1 0.294010 0.136111 0.023438 0.153704
1 0.177604 0.122685 0.027083 0.149074
1 0.201042 0.181481 0.029167 0.164815
1 0.477865 0.431944 0.032813 0.169444
1 0.159375 0.200926 0.027083 0.157407
1 0.193750 0.164815 0.027083 0.161111
1 0.125260 0.199074 0.028646 0.151852
1 0.131771 0.180556 0.023958 0.170370
1 0.156250 0.164815 0.029167 0.140741
1 0.151562 0.142593 0.028125 0.153704
1 0.117188 0.174074 0.020833 0.159259
1 0.459635 0.004167 0.019271 0.137963
1 0.232292 0.114352 0.030208 0.154630
1 0.229167 0.468056 0.042708 0.204630
1 0.976562 0.587963 0.035417 0.198148
1 0.902083 0.120833 0.029167 0.141667
1 0.830990 0.028704 0.028646 0.131481
1 0.203906 0.946296 0.050521 0.255556
1 0.222135 0.872685 0.048438 0.250926
1 0.227865 -0.009259 0.021354 0.124074
1 0.203125 -0.007407 0.022917 0.124074
1 0.718229 -0.033796 0.028125 0.130556
7 0.645833 0.076852 0.032292 0.087037
1 0.651042 0.076852 0.035417 0.085185
