1 0.844792 0.654630 0.048958 0.214815
1 0.265104 0.009259 0.031250 0.174074
1 0.297396 0.609722 0.054167 0.221296
1 0.914583 0.518981 0.048958 0.193519
1 0.515625 0.981481 0.039583 0.235185
1 0.351042 0.816667 0.036458 0.231481
7 0.377865 0.242593 0.040104 0.103704
7 0.367969 0.325463 0.029687 0.112037
1 0.433594 0.213426 0.033854 0.156481
1 0.512240 -0.018056 0.025521 0.130556
1 0.485417 -0.023611 0.027083 0.136111
1 0.333854 0.126852 0.019792 0.131481
1 0.146354 0.315741 0.030208 0.170370
1 0.116406 0.307870 0.035937 0.186111
1 0.605990 0.974074 0.052604 0.238889
1 0.641406 0.979630 0.047396 0.222222
1 0.402865 0.145370 0.022396 0.140741
1 0.412240 0.124074 0.026562 0.159259
1 0.297656 0.021296 0.022396 0.122222
7 0.327344 0.029167 0.031771 0.071296
1 0.271094 0.146296 0.023438 0.144444
7 0.651563 0.082407 0.031250 0.109259
1 0.151042 1.036574 0.043750 0.126852
1 0.194792 1.009259 0.052083 0.181481
1 0.300781 0.183796 0.030729 0.163889
1 0.156250 0.071759 0.030208 0.145370
1 0.200260 0.183333 0.025521 0.159259
1 0.163021 0.193056 0.025000 0.156481
1 0.199219 0.165741 0.024479 0.159259
1 0.133333 0.198611 0.023958 0.147222
1 0.120052 0.181019 0.026562 0.167593
1 0.150521 0.166204 0.029167 0.162037
1 0.157552 0.143519 0.027604 0.151852
1 0.468750 0.004167 0.026042 0.149074
1 0.196615 0.369907 0.033854 0.189815
1 0.265365 0.099074 0.031771 0.161111
1 0.816667 1.004167 0.046875 0.180556
1 0.773438 1.016204 0.040625 0.158333
1 0.865625 0.274537 0.038542 0.175000
1 0.809375 0.259722 0.032292 0.165741
1 0.786458 0.071296 0.030208 0.131481
1 0.838281 0.015741 0.027604 0.140741
1 0.798177 0.006944 0.026562 0.145370
1 0.247917 0.159722 0.023958 0.160185
1 0.228906 0.168056 0.023438 0.139815
1 0.191667 0.029167 0.025000 0.128704
1 0.233854 0.045370 0.030208 0.144444
1 0.197135 0.039815 0.027604 0.142593
7 0.647396 0.053241 0.034375 0.119444
