0 0.845313 0.654630 0.050000 0.214815
0 0.215625 0.611574 0.044792 0.232407
0 0.916406 0.518519 0.050521 0.192593
0 0.451823 0.978704 0.043229 0.242593
0 0.351042 0.816667 0.036458 0.231481
2 0.377865 0.242593 0.040104 0.103704
2 0.367969 0.325463 0.029687 0.112037
0 0.431510 0.211111 0.025521 0.161111
0 0.337500 0.125926 0.020833 0.129630
0 0.171354 0.280093 0.029167 0.165741
0 0.145052 0.275463 0.029687 0.182407
0 0.402865 0.145370 0.024479 0.140741
0 0.404167 0.124537 0.028125 0.158333
0 0.298698 0.019907 0.023438 0.121296
2 0.327344 0.029167 0.031771 0.071296
0 0.261979 0.095833 0.022917 0.132407
2 0.651563 0.081481 0.031250 0.109259
0 0.306250 0.183333 0.026042 0.162963
0 0.177865 0.050463 0.026562 0.139815
0 0.200000 0.182407 0.025000 0.159259
0 0.163021 0.193519 0.025000 0.155556
0 0.194531 0.167130 0.025521 0.158333
0 0.130208 0.199074 0.027083 0.150000
0 0.121875 0.180093 0.026042 0.169444
0 0.149219 0.168056 0.028646 0.162037
0 0.157031 0.141667 0.027604 0.151852
0 0.118229 0.174074 0.020833 0.159259
0 0.472656 -0.013426 0.025521 0.149074
0 0.177083 0.443981 0.034375 0.193519
0 0.258073 0.043056 0.030729 0.147222
0 0.716146 0.887037 0.054167 0.250000
0 0.672656 0.893981 0.045312 0.232407
0 0.855990 0.218056 0.034896 0.167593
0 0.786719 0.208333 0.027604 0.157407
0 0.728906 -0.022685 0.020313 0.115741
0 0.786458 0.072222 0.030208 0.131481
0 0.808594 -0.030093 0.026562 0.130556
0 0.760417 -0.033796 0.025000 0.130556
0 0.265885 0.206019 0.023438 0.163889
0 0.235417 0.211111 0.030208 0.148148
0 0.150781 0.044444 0.026562 0.131481
0 0.226562 0.093519 0.028125 0.148148
0 0.195312 0.085648 0.026042 0.141667
0 0.228385 0.073148 0.023438 0.140741
0 0.840365 -0.005093 0.022396 0.080556
0 0.558854 0.021759 0.032292 0.130556
