1 0.852604 0.565741 0.025000 0.114815
1 0.755729 0.559722 0.020833 0.110185
1 0.187500 0.538889 0.013542 0.066667
1 0.636979 0.517130 0.013542 0.058333
1 0.626302 0.537037 0.018229 0.085185
1 0.643750 0.519444 0.011458 0.057407
1 0.140885 0.537037 0.009896 0.057407
1 0.475260 0.490278 0.009896 0.043519
1 0.182292 0.537037 0.009375 0.064815
1 0.185156 0.545370 0.011979 0.061111
1 0.133854 0.538426 0.012500 0.067593
1 0.155208 0.533796 0.012500 0.062037
1 0.507031 0.508333 0.010937 0.053704
1 0.571354 0.506481 0.015625 0.051852
1 0.560417 0.510185 0.011458 0.057407
1 0.658073 0.514815 0.014063 0.068519
1 0.606771 0.504167 0.009375 0.062037
1 0.623958 0.504630 0.014583 0.059259
1 0.524219 0.507870 0.011979 0.047222
