1 0.828646 0.664815 0.038542 0.224074
1 0.253125 0.092593 0.038542 0.166667
1 0.447656 0.682407 0.039062 0.237037
1 0.917188 0.520370 0.038542 0.190741
1 0.558594 0.981481 0.045312 0.235185
1 0.351042 0.816667 0.036458 0.231481
7 0.377865 0.242593 0.040104 0.103704
7 0.367969 0.325463 0.029687 0.112037
1 0.426042 0.213426 0.030208 0.158333
1 0.533854 0.045833 0.027083 0.137963
1 0.499740 0.040741 0.028646 0.148148
1 0.302344 0.131019 0.020313 0.143519
1 0.469792 -0.041204 0.027083 0.113889
1 0.094010 0.392130 0.031771 0.176852
1 0.064844 0.372685 0.023438 0.197222
1 0.516406 0.756019 0.064062 0.236111
1 0.552604 0.761111 0.039583 0.216667
1 0.406510 0.154630 0.025521 0.122222
1 0.392188 0.162500 0.033333 0.154630
1 0.381771 -0.038889 0.025000 0.120370
1 0.297135 0.022222 0.021354 0.122222
7 0.327344 0.029167 0.031771 0.071296
1 0.182552 0.241667 0.025521 0.155556
7 0.651563 0.082407 0.031250 0.109259
1 0.171354 0.847222 0.038542 0.240741
1 0.131250 0.823611 0.046875 0.249074
1 0.281250 0.166204 0.030208 0.158333
1 0.174740 0.125926 0.024479 0.151852
1 0.200521 0.182870 0.027083 0.162037
1 0.893490 0.666204 0.040104 0.197222
1 0.163542 0.194444 0.027083 0.157407
1 0.202604 0.163426 0.025000 0.163889
1 0.129167 0.200000 0.032292 0.146296
1 0.134115 0.182407 0.028646 0.161111
1 0.161979 0.161574 0.029167 0.163889
1 0.149479 0.141667 0.026042 0.150000
1 0.117708 0.174074 0.020833 0.159259
1 0.471615 0.040741 0.024479 0.150000
1 0.224740 0.247685 0.031771 0.167593
1 0.258854 0.218981 0.036458 0.173148
1 0.921094 0.407407 0.043229 0.198148
1 0.858333 0.375463 0.032292 0.180556
1 0.793490 0.055093 0.029687 0.136111
1 0.923177 0.263426 0.032813 0.160185
1 0.888281 0.103704 0.026562 0.153704
1 0.856771 0.100463 0.029167 0.162037
1 0.977344 0.263426 0.041146 0.175000
1 0.220052 0.093519 0.023438 0.146296
1 0.194010 0.100000 0.029687 0.135185
1 0.264323 -0.025926 0.024479 0.125926
1 0.236719 -0.037037 0.024479 0.122222
1 0.705729 -0.040741 0.026042 0.116667
7 0.647135 0.072222 0.033854 0.087037
