1 0.466667 0.360185 0.030208 0.150000
1 0.223177 0.423611 0.091146 0.369444
1 0.514844 0.360185 0.024479 0.137037
1 0.580208 0.330556 0.015625 0.066667
1 0.647917 0.372685 0.029167 0.202778
1 0.347917 0.350000 0.020833 0.094444
1 0.636198 0.366204 0.025521 0.186111
1 0.145833 0.370833 0.036458 0.134259
1 0.107813 0.377778 0.050000 0.150000
1 0.526823 0.329167 0.014063 0.058333
1 0.284896 0.371296 0.025000 0.157407
1 0.548438 0.329630 0.009375 0.038889
1 0.536458 0.324537 0.009375 0.041667
7 0.488021 0.353704 0.023958 0.064815
7 0.504427 0.356019 0.021354 0.063889
1 0.385156 0.339815 0.015104 0.066667
1 0.365885 0.334259 0.015104 0.077778
1 0.373437 0.332870 0.012500 0.060185
1 0.388542 0.332870 0.011458 0.058333
