0 0.828646 0.684722 0.044792 0.223148
0 0.250781 0.184259 0.036979 0.183333
0 0.256771 0.645833 0.051042 0.230556
0 0.915625 0.519907 0.040625 0.193519
0 0.514323 0.975463 0.039062 0.148148
0 0.351042 0.816667 0.036458 0.231481
2 0.377865 0.242593 0.040104 0.103704
2 0.367969 0.325463 0.029687 0.112037
0 0.429427 0.218519 0.030729 0.161111
0 0.553385 0.136574 0.026562 0.149074
0 0.521615 0.137037 0.030729 0.166667
0 0.280208 0.167593 0.019792 0.157407
0 0.498437 0.092593 0.031250 0.151852
0 0.069792 0.411111 0.026042 0.174074
0 0.053385 0.392130 0.039062 0.186111
0 0.460156 0.521759 0.044271 0.206481
0 0.486458 0.526389 0.036458 0.189815
0 0.410417 0.156481 0.019792 0.140741
0 0.385417 0.166204 0.029167 0.156481
0 0.381771 0.077315 0.026042 0.141667
0 0.133073 0.398148 0.029687 0.170370
2 0.651563 0.082407 0.031250 0.109259
0 0.275260 0.568519 0.033854 0.200000
0 0.229427 0.561111 0.044271 0.214815
0 0.294271 0.136111 0.025000 0.153704
0 0.183854 0.121759 0.027083 0.149074
0 0.203906 0.179630 0.027604 0.162963
0 0.530990 0.466667 0.031771 0.181481
0 0.163021 0.200000 0.027083 0.157407
0 0.196875 0.167130 0.025000 0.156481
0 0.122917 0.202778 0.028125 0.146296
0 0.129948 0.181481 0.023438 0.174074
0 0.148177 0.155556 0.028646 0.161111
0 0.151562 0.142593 0.028125 0.153704
0 0.117708 0.174074 0.020833 0.159259
0 0.236198 0.132870 0.029687 0.156481
0 0.244010 0.421296 0.039062 0.196296
0 0.970052 0.548611 0.034896 0.193519
0 0.918490 0.142130 0.028646 0.143519
0 0.993490 0.133333 0.021354 0.146296
0 0.238281 0.993981 0.051562 0.112037
0 0.261979 0.941667 0.051042 0.181481
2 0.646354 0.076389 0.032292 0.086111
0 0.651302 0.076389 0.034896 0.084259
