1 0.845313 0.654630 0.050000 0.214815
1 0.236198 0.623611 0.047396 0.225000
1 0.915625 0.518056 0.046875 0.191667
1 0.460677 0.987037 0.043229 0.225926
1 0.351042 0.816667 0.036458 0.231481
7 0.377865 0.242593 0.040104 0.103704
7 0.367969 0.325463 0.029687 0.112037
1 0.421615 0.208333 0.025521 0.162963
1 0.336979 0.125463 0.020833 0.128704
1 0.182552 0.266204 0.029687 0.163889
1 0.149479 0.265741 0.029167 0.185185
1 0.403385 0.145833 0.024479 0.139815
1 0.404427 0.121759 0.027604 0.158333
1 0.299219 0.019444 0.024479 0.122222
7 0.327344 0.029167 0.031771 0.071296
1 0.252604 0.069907 0.021875 0.130556
7 0.651563 0.081481 0.031250 0.109259
1 0.302083 0.186574 0.029167 0.162037
1 0.178646 0.049074 0.023958 0.138889
1 0.200000 0.181481 0.025000 0.159259
1 0.163281 0.192593 0.025521 0.155556
1 0.194531 0.164352 0.025521 0.165741
1 0.136719 0.200463 0.025521 0.150926
1 0.121615 0.179167 0.025521 0.171296
1 0.147917 0.165278 0.029167 0.162037
1 0.160156 0.141667 0.027604 0.151852
1 0.118229 0.174074 0.020833 0.159259
1 0.469271 -0.021759 0.026042 0.149074
1 0.174479 0.493519 0.037500 0.201852
1 0.252604 0.007870 0.031250 0.147222
1 0.664323 0.800000 0.049479 0.244444
1 0.623698 0.820833 0.042188 0.241667
1 0.846615 0.183333 0.029687 0.164815
1 0.779167 0.178704 0.028125 0.155556
1 0.767708 -0.006019 0.023958 0.126852
1 0.787760 -0.033333 0.022396 0.120370
1 0.785417 0.072222 0.030208 0.131481
1 0.260937 0.241667 0.023958 0.168519
1 0.230990 0.243519 0.034896 0.150000
1 0.147135 0.046759 0.024479 0.130556
1 0.237760 0.114352 0.029687 0.147222
1 0.207031 0.114815 0.026562 0.150000
1 0.238281 0.100000 0.025521 0.142593
1 0.833073 -0.003241 0.020313 0.078704
1 0.503646 0.010648 0.036458 0.128704
