1 0.030208 0.737037 0.025000 0.166667
1 0.671094 0.539815 0.009896 0.050000
1 0.008333 0.743519 0.018750 0.157407
1 0.005208 0.758333 0.017708 0.155556
1 0.724219 0.531944 0.010937 0.056481
1 0.828385 0.574074 0.019271 0.090741
1 0.802344 0.574074 0.018229 0.085185
1 0.792969 0.577315 0.016146 0.087963
1 0.714844 0.532407 0.010937 0.053704
1 0.707292 0.528241 0.015625 0.056481
1 0.780469 0.770370 0.043229 0.207407
1 0.839583 0.733796 0.044792 0.199074
1 0.710938 0.691667 0.036458 0.187037
1 0.818490 0.582870 0.017188 0.093519
1 0.727604 0.700463 0.032292 0.202778
1 0.748698 0.583796 0.018229 0.084259
1 0.769531 0.583333 0.022396 0.083333
1 0.883594 0.632870 0.026562 0.128704
1 0.846354 0.714815 0.032292 0.198148
1 0.909635 0.627315 0.025521 0.123148
1 0.890365 0.612037 0.024479 0.116667
1 0.728125 0.581481 0.025000 0.096296
