0 0.845052 0.654630 0.049479 0.214815
0 0.224219 0.605093 0.052604 0.228704
0 0.916927 0.518519 0.051562 0.192593
0 0.460677 0.976852 0.039062 0.142593
0 0.351042 0.816667 0.036458 0.231481
2 0.377865 0.242593 0.040104 0.103704
2 0.367969 0.325463 0.029687 0.112037
0 0.433333 0.213889 0.032292 0.157407
0 0.338542 0.125926 0.020833 0.129630
0 0.163021 0.288889 0.029167 0.164815
0 0.136979 0.285648 0.031250 0.180556
0 0.402865 0.145370 0.024479 0.140741
0 0.403646 0.123611 0.027083 0.158333
0 0.263021 0.106019 0.022917 0.134259
2 0.651563 0.082407 0.031250 0.109259
0 0.305729 0.183333 0.025000 0.162963
0 0.200000 0.183333 0.025000 0.159259
0 0.163021 0.193519 0.025000 0.155556
0 0.194531 0.168981 0.026562 0.156481
0 0.129688 0.199074 0.028125 0.148148
0 0.122135 0.181019 0.026562 0.167593
0 0.150521 0.168056 0.029167 0.162037
0 0.156771 0.141667 0.027083 0.151852
0 0.118229 0.174074 0.020833 0.159259
0 0.181510 0.424074 0.035937 0.196296
0 0.745833 0.913889 0.051042 0.202778
0 0.699219 0.934259 0.043229 0.179630
0 0.863802 0.229167 0.038021 0.169444
0 0.790365 0.229167 0.027604 0.158333
0 0.786458 0.071296 0.030208 0.131481
0 0.263021 0.195833 0.022917 0.163889
0 0.234896 0.200463 0.036458 0.150926
0 0.225000 0.080556 0.028125 0.148148
0 0.197135 0.076389 0.025521 0.141667
