1 0.829427 0.680556 0.038021 0.225926
1 0.250260 0.129167 0.034896 0.173148
1 0.431771 0.644444 0.042708 0.227778
1 0.915365 0.519907 0.041146 0.193519
1 0.552604 0.974537 0.046875 0.243519
1 0.351042 0.816667 0.036458 0.231481
7 0.377865 0.242593 0.040104 0.103704
7 0.367969 0.325463 0.029687 0.112037
1 0.428385 0.218056 0.025521 0.158333
1 0.777865 -0.031019 0.026562 0.121296
1 0.538281 0.082870 0.026562 0.143519
1 0.502604 0.068056 0.030208 0.149074
1 0.279427 0.123611 0.021354 0.154630
1 0.477604 -0.004167 0.027083 0.139815
1 0.072396 0.409722 0.028125 0.171296
1 0.059896 0.388426 0.028125 0.186111
1 0.491406 0.660185 0.061979 0.222222
1 0.525521 0.665741 0.041667 0.201852
1 0.405990 0.150926 0.024479 0.135185
1 0.384635 0.160185 0.027604 0.155556
1 0.393750 0.016204 0.025000 0.134259
1 0.297135 0.022222 0.021354 0.122222
7 0.327344 0.029167 0.031771 0.071296
1 0.143750 0.292130 0.025000 0.165741
7 0.651563 0.082407 0.031250 0.109259
1 0.201302 0.741204 0.036979 0.228704
1 0.155990 0.718056 0.047396 0.232407
1 0.286979 0.147222 0.027083 0.159259
1 0.183073 0.127778 0.029687 0.150000
1 0.200521 0.182407 0.027083 0.162963
1 0.741406 0.598148 0.050521 0.188889
1 0.163021 0.194444 0.027083 0.157407
1 0.193490 0.163889 0.025521 0.161111
1 0.128906 0.200926 0.028646 0.144444
1 0.135677 0.177778 0.029687 0.162963
1 0.153646 0.159722 0.030208 0.160185
1 0.149219 0.143519 0.026562 0.151852
1 0.117708 0.174074 0.020833 0.159259
1 0.461979 0.050926 0.026042 0.151852
1 0.238281 0.191667 0.029687 0.159259
1 0.250521 0.284722 0.039583 0.184259
1 0.979167 0.455093 0.044792 0.189815
1 0.885938 0.428704 0.032292 0.185185
1 0.799479 0.024074 0.027083 0.137037
1 0.924479 0.220370 0.031250 0.155556
1 0.931250 0.138889 0.032292 0.155556
1 0.913021 0.138426 0.033333 0.156481
1 0.908073 0.181944 0.034896 0.163889
1 0.230469 0.062500 0.021354 0.136111
1 0.202604 0.064815 0.033333 0.125926
1 0.721094 -0.035185 0.028646 0.124074
7 0.646875 0.073611 0.033333 0.086111
1 0.651563 0.076389 0.034375 0.084259
