1 0.609896 0.381481 0.032292 0.148148
1 0.447917 0.364815 0.029167 0.140741
1 0.317969 0.418056 0.068229 0.323148
1 0.994010 0.630556 0.159896 0.731481
1 0.204948 0.396296 0.076563 0.288889
1 0.481771 0.367593 0.030208 0.127778
1 0.519271 0.343981 0.013542 0.056481
1 0.561198 0.373611 0.026562 0.156481
1 0.569271 0.375000 0.025000 0.144444
1 0.655208 0.364815 0.022917 0.116667
1 0.276562 0.365741 0.019792 0.120370
1 0.259896 0.362963 0.022917 0.120370
1 0.288281 0.368519 0.022396 0.129630
1 -0.011458 0.365278 0.027083 0.145370
1 0.502865 0.337963 0.009896 0.035185
7 0.459896 0.362037 0.018750 0.057407
1 0.375260 0.344444 0.010937 0.059259
1 0.356771 0.339815 0.012500 0.070370
