1 0.845052 0.654630 0.049479 0.214815
1 0.252604 -0.014352 0.031250 0.167593
1 0.234375 0.604630 0.042708 0.229630
1 0.916667 0.518981 0.052083 0.193519
1 0.467969 0.979167 0.039062 0.239815
1 0.351042 0.816667 0.036458 0.231481
7 0.377865 0.242593 0.040104 0.103704
7 0.367969 0.325463 0.029687 0.112037
1 0.433333 0.213889 0.032292 0.157407
1 0.501042 -0.036574 0.025000 0.125000
1 0.339062 0.125926 0.020833 0.129630
1 0.159375 0.290741 0.029167 0.162963
1 0.134115 0.287963 0.030729 0.179630
1 0.592448 1.020833 0.052604 0.160185
1 0.636458 1.024074 0.048958 0.151852
1 0.402865 0.145833 0.024479 0.141667
1 0.403385 0.121296 0.026562 0.159259
1 0.298177 0.020370 0.023438 0.122222
7 0.327344 0.029167 0.031771 0.071296
1 0.262500 0.110648 0.022917 0.134259
7 0.651563 0.082407 0.031250 0.109259
1 0.305208 0.183796 0.025000 0.163889
1 0.165885 0.056019 0.026562 0.139815
1 0.200000 0.183333 0.025000 0.159259
1 0.163021 0.193519 0.025000 0.155556
1 0.195052 0.167593 0.026562 0.157407
1 0.129948 0.199074 0.027604 0.148148
1 0.122135 0.181019 0.026562 0.167593
1 0.151042 0.168056 0.029167 0.162037
1 0.156771 0.141667 0.027083 0.151852
1 0.118229 0.174074 0.020833 0.159259
1 0.472917 -0.007870 0.026042 0.149074
1 0.182552 0.417130 0.035937 0.195370
1 0.256510 0.061111 0.027604 0.148148
1 0.756771 0.931481 0.054167 0.233333
1 0.710938 0.946296 0.042708 0.227778
1 0.864323 0.231019 0.039062 0.165741
1 0.791927 0.230556 0.027604 0.157407
1 0.786458 0.071296 0.030208 0.131481
1 0.811979 -0.013889 0.027083 0.137037
1 0.775260 -0.025926 0.025521 0.138889
1 0.261458 0.188426 0.022917 0.163889
1 0.234896 0.189815 0.036458 0.146296
1 0.161719 0.038426 0.028646 0.128704
1 0.226562 0.075463 0.028125 0.147222
1 0.197396 0.072685 0.026042 0.141667
1 0.229687 0.061111 0.022917 0.138889
1 0.843490 -0.006481 0.019271 0.077778
1 0.599740 0.029167 0.030729 0.132407
