0 0.846615 0.654630 0.052604 0.214815
0 0.356250 0.649074 0.041667 0.225926
0 0.916146 0.518056 0.039583 0.195370
0 0.492969 0.987963 0.042188 0.222222
0 0.351042 0.816667 0.036458 0.231481
2 0.377865 0.242593 0.040104 0.103704
2 0.367969 0.325463 0.029687 0.112037
0 0.432292 0.208333 0.038542 0.157407
0 0.337240 0.125463 0.020313 0.128704
0 0.195312 0.235648 0.026042 0.154630
0 0.174479 0.239352 0.034375 0.176852
0 0.406250 0.142130 0.026042 0.147222
0 0.400521 0.116204 0.025000 0.154630
0 0.301823 0.017130 0.028646 0.121296
2 0.327344 0.029167 0.031771 0.071296
2 0.651563 0.081481 0.031250 0.109259
0 0.304948 0.187963 0.029687 0.157407
0 0.174740 0.050000 0.023438 0.138889
0 0.208073 0.177315 0.027604 0.158333
0 0.163542 0.193981 0.026042 0.154630
0 0.196615 0.163889 0.024479 0.161111
0 0.139844 0.200000 0.029687 0.151852
0 0.123698 0.181019 0.025521 0.171296
0 0.140365 0.165741 0.027604 0.159259
0 0.187240 0.149074 0.025521 0.150000
0 0.119271 0.167593 0.020833 0.159259
0 0.467187 -0.025463 0.026042 0.147222
0 0.182031 0.752315 0.048438 0.234259
0 0.521875 0.488889 0.032292 0.209259
0 0.471615 0.505556 0.032813 0.205556
0 0.708333 0.938889 0.050000 0.240741
0 0.933333 0.739815 0.048958 0.222222
0 0.963542 0.702315 0.037500 0.234259
0 0.796615 0.060185 0.029687 0.137037
0 0.758073 0.064815 0.023438 0.137037
0 0.906510 0.158333 0.027604 0.161111
0 0.845313 0.126852 0.027083 0.146296
0 0.787240 0.166204 0.029687 0.141667
0 0.593229 0.097685 0.030208 0.147222
0 0.435417 -0.029167 0.022917 0.130556
0 0.410156 -0.028241 0.024479 0.132407
0 0.388021 0.009722 0.031250 0.125000
0 0.256510 0.076852 0.024479 0.135185
0 0.231510 0.410648 0.029687 0.189815
0 0.191927 0.410185 0.044271 0.170370
0 0.232552 0.141204 0.026562 0.162037
0 0.231250 0.026852 0.035417 0.131481
0 0.212760 0.005093 0.021354 0.121296
0 0.145833 0.047222 0.027083 0.127778
0 0.263802 0.265278 0.033854 0.173148
0 0.215104 0.261111 0.028125 0.170370
0 0.260417 0.239352 0.034375 0.160185
0 0.394010 -0.013426 0.023438 0.128704
