1 0.845313 0.654630 0.050000 0.214815
1 0.227083 0.619444 0.044792 0.225926
1 0.915625 0.518056 0.047917 0.191667
1 0.464583 0.982870 0.042708 0.234259
1 0.351042 0.816667 0.036458 0.231481
7 0.377865 0.242593 0.040104 0.103704
7 0.367969 0.325463 0.029687 0.112037
1 0.425000 0.209259 0.023958 0.159259
1 0.336979 0.125463 0.020833 0.128704
1 0.177344 0.268981 0.032813 0.160185
1 0.149479 0.269907 0.029167 0.184259
1 0.403385 0.145833 0.024479 0.139815
1 0.404167 0.122685 0.028125 0.158333
1 0.299219 0.019444 0.024479 0.122222
7 0.327344 0.029167 0.031771 0.071296
1 0.255469 0.080556 0.022396 0.129630
7 0.651563 0.081481 0.031250 0.109259
1 0.302865 0.185648 0.028646 0.162037
1 0.182031 0.049537 0.026562 0.139815
1 0.200000 0.181481 0.025000 0.159259
1 0.163021 0.193519 0.025000 0.155556
1 0.194531 0.166204 0.025521 0.162037
1 0.134635 0.198611 0.025521 0.150926
1 0.121875 0.179167 0.026042 0.171296
1 0.147917 0.165278 0.029167 0.162037
1 0.158594 0.141667 0.027604 0.151852
1 0.118229 0.174074 0.020833 0.159259
1 0.470833 -0.018056 0.026042 0.149074
1 0.173698 0.473611 0.038021 0.199074
1 0.258594 0.013889 0.030729 0.148148
1 0.682813 0.837500 0.048958 0.254630
1 0.638802 0.849537 0.044271 0.247222
1 0.849219 0.196759 0.032813 0.165741
1 0.781250 0.189815 0.025000 0.159259
1 0.753125 -0.006944 0.021875 0.121296
1 0.785156 -0.038889 0.022396 0.116667
1 0.785417 0.072222 0.030208 0.131481
1 0.806771 -0.040741 0.026042 0.116667
1 0.262240 0.228704 0.024479 0.164815
1 0.232031 0.232870 0.035937 0.150926
1 0.147135 0.046759 0.024479 0.130556
1 0.231510 0.106019 0.031771 0.147222
1 0.203125 0.102778 0.027083 0.140741
1 0.235677 0.089815 0.025521 0.142593
1 0.835938 -0.003241 0.020833 0.078704
1 0.521354 0.011574 0.034375 0.128704
