1 0.142187 0.631481 0.018750 0.111111
1 0.601823 0.508796 0.013021 0.050926
1 0.127083 0.631481 0.018750 0.107407
1 0.131510 0.640278 0.017188 0.104630
1 0.125000 0.650463 0.016667 0.104630
1 0.045312 0.645370 0.023958 0.109259
1 0.711719 0.597685 0.026562 0.117593
1 0.754948 0.579630 0.024479 0.114815
1 0.705469 0.568519 0.014063 0.098148
1 0.850260 0.546296 0.018229 0.101852
1 0.728646 0.562963 0.022917 0.096296
1 0.036719 0.647685 0.026562 0.112037
1 0.690885 0.536574 0.016146 0.080556
1 0.706250 0.549074 0.015625 0.081481
1 0.753906 0.574074 0.024479 0.109259
1 0.740104 0.545370 0.014583 0.079630
1 0.652865 0.528704 0.018229 0.061111
1 0.644010 0.521296 0.011979 0.046296
1 0.676562 0.534722 0.012500 0.067593
1 0.667708 0.529167 0.012500 0.062037
