1 0.853906 0.700000 0.040104 0.224074
1 0.251563 0.158333 0.035417 0.179630
1 0.339323 0.633333 0.048438 0.225926
1 0.915365 0.519907 0.041146 0.193519
1 0.530208 0.966667 0.046875 0.261111
1 0.351042 0.816667 0.036458 0.231481
7 0.377865 0.242593 0.040104 0.103704
7 0.367969 0.325463 0.029687 0.112037
1 0.429427 0.218519 0.030729 0.161111
1 0.761198 0.018981 0.026562 0.121296
1 0.542969 0.120370 0.027604 0.148148
1 0.511458 0.109722 0.030208 0.162037
1 0.276042 0.150926 0.026042 0.155556
1 0.494792 0.053241 0.029167 0.136111
1 0.070052 0.410648 0.026562 0.173148
1 0.054427 0.392130 0.036979 0.186111
1 0.466146 0.565278 0.045833 0.212037
1 0.493750 0.569907 0.034375 0.193519
1 0.406250 0.157870 0.027083 0.119444
1 0.382552 0.163426 0.028646 0.154630
1 0.380208 0.067593 0.026042 0.142593
1 0.297135 0.022685 0.021354 0.123148
7 0.327344 0.029167 0.031771 0.071296
1 0.122135 0.360648 0.027604 0.169444
7 0.651563 0.082407 0.031250 0.109259
1 0.251823 0.628704 0.035937 0.212963
1 0.196094 0.613426 0.045312 0.225000
1 0.295052 0.135185 0.027604 0.151852
1 0.181510 0.127315 0.032813 0.150926
1 0.200521 0.180556 0.027083 0.162963
1 0.592969 0.512963 0.032813 0.185185
1 0.160938 0.195833 0.027083 0.156481
1 0.195052 0.163889 0.025521 0.162963
1 0.128906 0.201852 0.028646 0.144444
1 0.133073 0.185648 0.031771 0.160185
1 0.147917 0.155556 0.029167 0.161111
1 0.148438 0.142130 0.025000 0.152778
1 0.117708 0.174074 0.020833 0.159259
1 0.444531 0.030556 0.027604 0.146296
1 0.236979 0.150000 0.029167 0.159259
1 0.252865 0.371759 0.039062 0.195370
1 0.948698 0.505556 0.033854 0.192593
1 0.822656 -0.009259 0.025521 0.135185
1 0.939323 0.172685 0.030729 0.147222
1 0.950521 0.137037 0.035417 0.151852
1 0.870052 0.098611 0.035937 0.152778
1 0.310937 1.005556 0.047917 0.188889
1 0.234375 0.018519 0.023958 0.127778
1 0.209375 0.028241 0.029167 0.128704
1 0.722396 -0.034722 0.033333 0.128704
7 0.646615 0.075463 0.032813 0.086111
1 0.651042 0.075926 0.034375 0.083333
