1 0.733854 0.637037 0.053125 0.224074
1 0.238542 0.322222 0.039583 0.203704
1 0.074219 0.621296 0.042188 0.229630
1 0.916146 0.519907 0.039583 0.193519
1 0.548177 0.967593 0.035937 0.259259
1 0.353646 0.820833 0.052083 0.232407
7 0.377865 0.242593 0.040104 0.103704
7 0.367969 0.325463 0.029687 0.112037
1 0.429688 0.218519 0.031250 0.161111
1 0.789583 0.131481 0.027083 0.137037
1 0.677344 0.227778 0.027604 0.146296
1 0.656510 0.236111 0.031771 0.166667
1 0.307031 0.224074 0.034896 0.159259
1 0.465104 0.265278 0.039583 0.171296
1 0.069010 0.410648 0.024479 0.173148
1 0.079687 0.393056 0.030208 0.187963
1 0.406771 0.331019 0.034375 0.180556
1 0.431771 0.340278 0.030208 0.167593
1 0.598958 0.217130 0.022917 0.147222
1 0.523698 0.194907 0.029687 0.158333
1 0.380469 0.071296 0.027604 0.150000
1 0.297396 0.020370 0.021875 0.124074
7 0.327344 0.029167 0.031771 0.071296
1 0.131510 0.647222 0.034896 0.198148
7 0.651563 0.082407 0.031250 0.109259
1 0.328385 0.343981 0.029687 0.173148
1 0.290885 0.356944 0.033854 0.193519
1 0.249479 0.034722 0.026042 0.137963
1 0.218229 0.032870 0.022917 0.147222
1 0.293229 0.136574 0.025000 0.154630
1 0.239323 0.113426 0.029687 0.149074
1 0.199219 0.179167 0.027604 0.162037
1 0.276042 0.278704 0.029167 0.155556
1 0.164062 0.195370 0.027083 0.157407
1 0.189323 0.163889 0.023438 0.161111
1 0.124479 0.193519 0.028125 0.151852
1 0.146094 0.172685 0.028646 0.169444
1 0.151302 0.152778 0.028646 0.155556
1 0.153125 0.142593 0.028125 0.153704
1 0.117188 0.174074 0.020833 0.159259
1 0.489844 -0.045370 0.022396 0.107407
1 0.195052 0.019907 0.022396 0.145370
1 0.233073 0.748148 0.051562 0.242593
1 0.804167 0.021759 0.025000 0.126852
1 -0.008073 0.667593 0.047396 0.225926
7 0.645833 0.076852 0.032292 0.092593
