1 0.736198 0.637500 0.053646 0.223148
1 0.215625 0.484259 0.042708 0.220370
1 0.074740 0.624074 0.043229 0.231481
1 0.920573 0.520833 0.039062 0.195370
1 0.600521 1.001852 0.040625 0.196296
1 0.354687 0.820833 0.052083 0.232407
7 0.377865 0.242593 0.040104 0.103704
7 0.367969 0.325463 0.029687 0.112037
1 0.429688 0.218519 0.031250 0.161111
1 0.951823 0.279167 0.033854 0.167593
1 0.788281 0.132407 0.027604 0.135185
1 0.865365 0.326852 0.032813 0.168519
1 0.822917 0.320370 0.031250 0.177778
1 0.579427 0.276852 0.041146 0.166667
1 0.556510 0.209259 0.039062 0.166667
1 0.131250 0.456944 0.033333 0.184259
1 0.148438 0.432870 0.030208 0.200926
1 0.471354 0.198611 0.031250 0.165741
1 0.488542 0.199074 0.026042 0.148148
1 0.553125 0.018056 0.023958 0.113889
1 0.532031 0.015278 0.024479 0.112037
1 0.765625 0.306481 0.027083 0.157407
1 0.747917 0.259722 0.023958 0.158333
1 0.380469 0.070833 0.027604 0.150926
1 0.404167 -0.007407 0.020833 0.101852
1 0.296875 0.020833 0.019792 0.121296
7 0.327344 0.029167 0.031771 0.071296
1 0.003646 0.919907 0.037500 0.230556
7 0.642969 0.087500 0.039062 0.104630
1 0.276823 0.207870 0.028646 0.160185
1 0.290104 0.223148 0.050000 0.172222
1 0.254427 0.152778 0.026562 0.159259
1 0.231250 0.161574 0.028125 0.156481
1 0.292187 0.136574 0.021875 0.154630
1 0.268229 0.112963 0.026042 0.148148
1 0.198958 0.179630 0.027083 0.164815
1 0.205469 0.142593 0.024479 0.142593
1 0.162760 0.192593 0.027604 0.157407
1 0.187760 0.160185 0.025521 0.161111
1 0.126562 0.194907 0.023958 0.152778
1 0.151042 0.169444 0.030208 0.166667
1 0.141146 0.156944 0.030208 0.156481
1 0.151562 0.142593 0.028125 0.153704
1 0.119531 0.171296 0.021354 0.164815
1 0.485938 -0.045833 0.019792 0.106481
1 0.649740 0.055093 0.035937 0.136111
