0 0.529948 0.400926 0.035937 0.155556
0 0.466406 0.378241 0.025521 0.123148
0 0.428385 0.381019 0.021354 0.119444
0 0.937760 0.573611 0.119271 0.571296
0 0.026823 0.435648 0.059896 0.236111
0 0.328646 0.389815 0.038542 0.146296
0 0.484896 0.368981 0.017708 0.097222
0 0.178906 0.398611 0.025521 0.121296
0 0.593490 0.383796 0.031771 0.167593
0 0.491927 0.370833 0.017188 0.089815
0 0.525781 0.374074 0.016146 0.107407
0 0.277083 0.379630 0.019792 0.101852
0 0.264062 0.381944 0.014583 0.084259
0 0.308594 0.384722 0.017188 0.100926
0 0.288021 0.368519 0.015625 0.055556
0 0.437500 0.360185 0.013542 0.062963
0 0.095573 0.372685 0.010937 0.062037
0 0.115885 0.387963 0.019271 0.096296
2 0.391406 0.371296 0.017188 0.048148
2 0.397917 0.371296 0.015625 0.044444
0 0.125781 0.375926 0.011979 0.059259
2 0.827344 0.392130 0.030729 0.139815
0 0.291667 0.369444 0.012500 0.048148
