1 0.844792 0.654630 0.048958 0.214815
1 0.260417 -0.003704 0.031250 0.174074
1 0.270052 0.608333 0.045312 0.222222
1 0.915625 0.518981 0.050000 0.193519
1 0.496354 0.978241 0.038542 0.239815
1 0.351042 0.816667 0.036458 0.231481
7 0.377865 0.242593 0.040104 0.103704
7 0.367969 0.325463 0.029687 0.112037
1 0.433333 0.213426 0.033333 0.156481
1 0.507812 -0.027778 0.025000 0.129630
1 0.480990 -0.027778 0.027604 0.131481
1 0.334896 0.126389 0.019792 0.130556
1 0.153646 0.305093 0.030208 0.169444
1 0.125260 0.299074 0.028646 0.187037
1 0.610156 0.995370 0.052604 0.211111
1 0.636719 1.000463 0.041146 0.199074
1 0.402865 0.146759 0.022396 0.141667
1 0.404427 0.122222 0.026562 0.157407
1 0.297917 0.020370 0.022917 0.122222
7 0.327344 0.029167 0.031771 0.071296
1 0.266406 0.131019 0.023438 0.143519
7 0.651563 0.082407 0.031250 0.109259
1 0.193229 1.032870 0.052083 0.134259
1 0.299740 0.185648 0.031771 0.160185
1 0.159115 0.066204 0.026562 0.139815
1 0.200260 0.183333 0.025521 0.159259
1 0.163021 0.193056 0.025000 0.156481
1 0.198177 0.163889 0.025521 0.159259
1 0.132812 0.198611 0.023958 0.147222
1 0.122135 0.181019 0.026562 0.167593
1 0.151302 0.166204 0.028646 0.162037
1 0.157031 0.144444 0.027604 0.151852
1 0.118229 0.174074 0.020833 0.159259
1 0.471094 0.001389 0.025521 0.149074
1 0.193229 0.390741 0.034375 0.190741
1 0.258854 0.083796 0.031250 0.154630
1 0.794010 0.985648 0.045312 0.219444
1 0.749479 0.996296 0.039583 0.209259
1 0.860156 0.259259 0.032813 0.170370
1 0.800521 0.248148 0.028125 0.162963
1 0.786458 0.071296 0.030208 0.131481
1 0.826042 0.002778 0.027083 0.140741
1 0.785937 -0.006019 0.026042 0.143519
1 0.254948 0.173148 0.023438 0.161111
1 0.233594 0.178704 0.027604 0.140741
1 0.184115 0.034722 0.024479 0.130556
1 0.230469 0.066204 0.029687 0.143519
1 0.198437 0.056019 0.026042 0.141667
1 0.235156 0.047222 0.023438 0.133333
1 0.846875 -0.012963 0.015625 0.075926
1 0.637760 0.047222 0.026562 0.135185
