0 0.847135 0.696759 0.041146 0.223148
0 0.249219 0.164352 0.035937 0.180556
0 0.314583 0.642130 0.054167 0.223148
0 0.915365 0.519907 0.041146 0.193519
0 0.524479 0.969907 0.043750 0.154630
0 0.351042 0.816667 0.036458 0.231481
2 0.377865 0.242593 0.040104 0.103704
2 0.367969 0.325463 0.029687 0.112037
0 0.429427 0.218519 0.030729 0.161111
0 0.543490 0.125000 0.027604 0.148148
0 0.511719 0.118519 0.031771 0.162963
0 0.277344 0.157407 0.025521 0.157407
0 0.069792 0.411111 0.026042 0.174074
0 0.054167 0.392130 0.037500 0.186111
0 0.462500 0.553241 0.042708 0.210185
0 0.495052 0.556944 0.038021 0.191667
0 0.405729 0.154167 0.021875 0.130556
0 0.382552 0.163889 0.028646 0.155556
0 0.379948 0.075000 0.025521 0.144444
0 0.123698 0.367130 0.027604 0.169444
2 0.651563 0.082407 0.031250 0.109259
0 0.257812 0.610185 0.033333 0.214815
0 0.205729 0.599537 0.045833 0.226852
0 0.294531 0.135648 0.026562 0.152778
0 0.182812 0.127778 0.030208 0.151852
0 0.201563 0.179630 0.027083 0.162963
0 0.575000 0.500463 0.031250 0.186111
0 0.161458 0.197222 0.027083 0.157407
0 0.194531 0.165278 0.022396 0.160185
0 0.125521 0.202315 0.030208 0.145370
0 0.132031 0.182870 0.029687 0.165741
0 0.147656 0.155556 0.028646 0.161111
0 0.149740 0.142130 0.026562 0.152778
0 0.117708 0.174074 0.020833 0.159259
0 0.236719 0.147222 0.029687 0.159259
0 0.249740 0.383796 0.035937 0.195370
0 0.956510 0.514815 0.032813 0.192593
0 0.932292 0.162500 0.028125 0.145370
0 0.962500 0.139352 0.033333 0.147222
0 0.863802 0.085185 0.028646 0.150000
0 0.300260 0.993519 0.057813 0.113889
2 0.646354 0.075463 0.032292 0.086111
0 0.651042 0.075926 0.034375 0.083333
