1 0.734896 0.637500 0.053125 0.223148
1 0.241406 0.390741 0.041146 0.211111
1 0.074740 0.623148 0.043229 0.229630
1 0.916406 0.519907 0.039062 0.193519
1 0.624479 0.982870 0.043750 0.208333
1 0.353646 0.820833 0.052083 0.232407
7 0.377865 0.242593 0.040104 0.103704
7 0.367969 0.325463 0.029687 0.112037
1 0.429688 0.218519 0.031250 0.161111
1 0.789062 0.131944 0.027083 0.136111
1 0.770312 0.256019 0.030208 0.160185
1 0.744792 0.267593 0.029167 0.177778
1 0.388542 0.253241 0.030208 0.162037
1 0.517969 0.269907 0.036979 0.169444
1 0.071354 0.412037 0.025000 0.175926
1 0.078125 0.392130 0.027083 0.186111
1 0.441927 0.261111 0.030729 0.172222
1 0.462760 0.271296 0.027604 0.153704
1 0.679427 0.259259 0.022396 0.150000
1 0.636198 0.222685 0.039062 0.158333
1 0.380469 0.070833 0.027604 0.150926
1 0.296094 0.022685 0.020313 0.119444
7 0.327344 0.029167 0.031771 0.071296
1 0.031510 0.746296 0.033854 0.207407
7 0.651563 0.081019 0.031250 0.108333
1 0.290365 0.279630 0.026562 0.170370
1 0.280208 0.295370 0.036458 0.183333
1 0.240885 0.079167 0.025521 0.145370
1 0.208594 0.084722 0.025521 0.149074
1 0.292969 0.136574 0.024479 0.154630
1 0.266667 0.112963 0.029167 0.148148
1 0.199479 0.178704 0.028125 0.162963
1 0.265104 0.205556 0.027083 0.146296
1 0.166667 0.193981 0.027083 0.156481
1 0.188542 0.160185 0.022917 0.159259
1 0.121615 0.196296 0.025521 0.151852
1 0.150260 0.169907 0.032813 0.169444
1 0.151823 0.150926 0.029687 0.155556
1 0.152604 0.142593 0.028125 0.153704
1 0.117188 0.174074 0.020833 0.159259
1 0.488021 -0.045370 0.020833 0.107407
1 0.198958 -0.018519 0.016667 0.125926
1 0.232552 0.900926 0.051562 0.246296
1 0.760417 -0.032407 0.023958 0.122222
7 0.647917 0.074074 0.034375 0.100000
