1 0.845313 0.654630 0.050000 0.214815
1 0.232552 0.622222 0.050521 0.227778
1 0.915625 0.518056 0.046875 0.191667
1 0.463542 0.984722 0.042708 0.230556
1 0.351042 0.816667 0.036458 0.231481
7 0.377865 0.242593 0.040104 0.103704
7 0.367969 0.325463 0.029687 0.112037
1 0.421615 0.208333 0.025521 0.159259
1 0.336979 0.125463 0.020833 0.128704
1 0.180469 0.267130 0.033854 0.162037
1 0.149479 0.267593 0.029167 0.185185
1 0.403385 0.145833 0.024479 0.139815
1 0.404427 0.122222 0.027604 0.157407
1 0.299219 0.019444 0.024479 0.122222
7 0.327344 0.029167 0.031771 0.071296
1 0.253646 0.075463 0.021875 0.130556
7 0.651563 0.081481 0.031250 0.109259
1 0.302083 0.186574 0.029167 0.162037
1 0.180729 0.049074 0.026042 0.138889
1 0.200000 0.181481 0.025000 0.159259
1 0.163021 0.193519 0.025000 0.155556
1 0.194531 0.165741 0.025521 0.162963
1 0.135677 0.200463 0.025521 0.150926
1 0.121615 0.179167 0.025521 0.171296
1 0.147917 0.165278 0.029167 0.162037
1 0.159635 0.141667 0.027604 0.151852
1 0.118229 0.174074 0.020833 0.159259
1 0.470313 -0.019907 0.026042 0.149074
1 0.174479 0.481944 0.037500 0.199074
1 0.255729 0.012037 0.031250 0.148148
1 0.671094 0.817593 0.052604 0.253704
1 0.630729 0.831019 0.041667 0.237963
1 0.847396 0.190741 0.031250 0.164815
1 0.780729 0.184259 0.026042 0.157407
1 0.760938 -0.004630 0.022917 0.124074
1 0.786719 -0.036111 0.022396 0.118519
1 0.785417 0.072222 0.030208 0.131481
1 0.261198 0.235185 0.024479 0.166667
1 0.232031 0.239815 0.032813 0.150000
1 0.147135 0.046759 0.024479 0.130556
1 0.234375 0.109722 0.031250 0.147222
1 0.204687 0.106481 0.027083 0.140741
1 0.235677 0.095370 0.025521 0.142593
1 0.834115 -0.002315 0.021354 0.078704
1 0.511719 0.010648 0.033854 0.128704
