1 0.733854 0.637037 0.053125 0.224074
1 0.238542 0.319444 0.039583 0.203704
1 0.074219 0.621296 0.043229 0.229630
1 0.916146 0.519907 0.039583 0.193519
1 0.545573 0.969444 0.035937 0.261111
1 0.353646 0.820833 0.052083 0.232407
7 0.377865 0.242593 0.040104 0.103704
7 0.367969 0.325463 0.029687 0.112037
1 0.429688 0.218519 0.031250 0.161111
1 0.789583 0.131481 0.027083 0.137037
1 0.673958 0.227778 0.029167 0.146296
1 0.651823 0.236111 0.032813 0.166667
1 0.304167 0.223611 0.034375 0.160185
1 0.466667 0.264815 0.040625 0.170370
1 0.069010 0.410648 0.024479 0.173148
1 0.079948 0.393519 0.030729 0.188889
1 0.406510 0.333796 0.033854 0.180556
1 0.431771 0.343056 0.030208 0.167593
1 0.596354 0.216204 0.021875 0.147222
1 0.515885 0.193056 0.023438 0.158333
1 0.380469 0.071296 0.027604 0.150000
1 0.297396 0.020370 0.021875 0.124074
7 0.327344 0.029167 0.031771 0.071296
1 0.134896 0.643981 0.036458 0.199074
7 0.651563 0.082407 0.031250 0.109259
1 0.329427 0.347685 0.029687 0.171296
1 0.290625 0.361574 0.033333 0.195370
1 0.250000 0.032870 0.026042 0.137963
1 0.219792 0.031019 0.022917 0.147222
1 0.293229 0.136574 0.025000 0.154630
1 0.238542 0.113426 0.028125 0.149074
1 0.199219 0.179167 0.027604 0.162037
1 0.277604 0.281481 0.029167 0.155556
1 0.164062 0.196296 0.027083 0.157407
1 0.189323 0.164352 0.023438 0.162037
1 0.124479 0.193519 0.028125 0.151852
1 0.146354 0.172685 0.028125 0.169444
1 0.150000 0.153704 0.029167 0.155556
1 0.153125 0.142593 0.028125 0.153704
1 0.117188 0.174074 0.020833 0.159259
1 0.490104 -0.045370 0.022917 0.107407
1 0.194531 0.024074 0.022396 0.146296
1 0.233594 0.740278 0.050521 0.239815
1 0.804688 0.025463 0.025000 0.126852
1 0.002083 0.670370 0.051042 0.224074
7 0.645833 0.076852 0.032292 0.092593
