1 0.887240 0.577315 0.040104 0.125000
1 0.709115 0.573611 0.025521 0.123148
1 0.088802 0.569907 0.015104 0.073148
1 0.626042 0.564352 0.026042 0.108333
1 0.569010 0.536111 0.013021 0.068519
1 0.007812 0.576389 0.010417 0.071296
1 0.433333 0.504167 0.007292 0.043519
1 0.081510 0.573148 0.011979 0.077778
1 0.080990 0.581481 0.013021 0.072222
1 0.019010 0.577778 0.015104 0.081481
1 0.029167 0.570370 0.014583 0.081481
1 0.517448 0.521759 0.013021 0.058333
1 0.507292 0.524074 0.011458 0.061111
1 0.567448 0.540278 0.015104 0.067593
1 0.582031 0.536574 0.015104 0.080556
1 0.536458 0.521296 0.014583 0.064815
1 0.553385 0.519444 0.013021 0.062963
1 0.487760 0.525000 0.011979 0.066667
1 0.463281 0.521759 0.011979 0.056481
