1 0.847917 0.650000 0.035417 0.216667
1 0.250000 0.058333 0.033333 0.164815
1 0.419010 0.668519 0.050521 0.233333
1 0.914323 0.518981 0.044271 0.195370
1 0.554948 0.982407 0.043229 0.235185
1 0.351042 0.816667 0.036458 0.231481
7 0.377865 0.242593 0.040104 0.103704
7 0.367969 0.325463 0.029687 0.112037
1 0.426042 0.215278 0.034375 0.158333
1 0.526823 0.021296 0.026562 0.133333
1 0.496875 0.015741 0.028125 0.144444
1 0.327604 0.126852 0.019792 0.133333
1 0.115104 0.367593 0.033333 0.177778
1 0.085938 0.349537 0.027083 0.193519
1 0.553125 0.835185 0.061458 0.235185
1 0.586458 0.842593 0.047917 0.225926
1 0.404167 0.145370 0.023958 0.138889
1 0.428385 0.150463 0.031771 0.154630
1 0.297135 0.022222 0.021354 0.122222
7 0.327344 0.029167 0.031771 0.071296
1 0.228125 0.207870 0.025000 0.147222
7 0.651563 0.082407 0.031250 0.109259
1 0.148698 0.932870 0.042188 0.239815
1 0.141406 0.891667 0.046354 0.257407
1 0.293490 0.183796 0.030729 0.160185
1 0.168229 0.112037 0.025000 0.150000
1 0.200521 0.183333 0.027083 0.161111
1 0.986458 0.750463 0.041667 0.210185
1 0.163542 0.193519 0.026042 0.157407
1 0.196615 0.167130 0.024479 0.156481
1 0.128385 0.200000 0.030729 0.146296
1 0.126302 0.183333 0.027604 0.159259
1 0.162760 0.164352 0.028646 0.158333
1 0.153646 0.146759 0.026042 0.145370
1 0.117708 0.174074 0.020833 0.159259
1 0.469010 0.028241 0.025521 0.149074
1 0.214062 0.292130 0.031250 0.176852
1 0.253125 0.174074 0.034375 0.168519
1 0.886719 0.356481 0.046354 0.187037
1 0.831510 0.332870 0.028646 0.171296
1 0.791667 0.068056 0.029167 0.132407
1 0.952344 0.302315 0.035937 0.162037
1 0.877344 0.069444 0.026562 0.148148
1 0.842448 0.064352 0.027604 0.158333
1 1.011458 0.328241 0.037500 0.178704
1 0.226562 0.123611 0.023958 0.158333
1 0.202865 0.126389 0.025521 0.139815
1 0.201042 -0.018981 0.023958 0.121296
1 0.215104 -0.006019 0.026042 0.141667
1 0.259635 -0.017593 0.023438 0.133333
7 0.647396 0.071296 0.033333 0.085185
