0 0.601302 0.380093 0.030729 0.134259
0 0.429688 0.380556 0.031250 0.151852
0 0.193750 0.469907 0.125000 0.458333
0 0.489323 0.379167 0.026562 0.139815
0 0.576042 0.355556 0.020833 0.077778
0 0.660417 0.397222 0.056250 0.257407
0 0.329948 0.371759 0.020313 0.097222
0 0.646094 0.397685 0.035937 0.223148
0 0.515104 0.348148 0.014583 0.059259
0 0.539323 0.346759 0.010937 0.037963
0 0.519531 0.346296 0.009896 0.050000
2 0.468490 0.375926 0.023438 0.070370
0 0.332552 0.353704 0.015104 0.066667
0 0.303906 0.349074 0.018229 0.075926
0 0.356771 0.353241 0.012500 0.060185
0 0.366146 0.356019 0.011458 0.058333
