1 0.614062 0.377778 0.030208 0.133333
1 0.407292 0.376852 0.032292 0.164815
1 0.448437 0.391667 0.029167 0.148148
1 0.696875 0.383796 0.036458 0.149074
1 0.944271 0.508796 0.115625 0.625000
1 0.554688 0.359722 0.016667 0.063889
1 0.018750 0.373148 0.022917 0.101852
1 0.047135 0.368056 0.028646 0.104630
1 0.591406 0.360648 0.013021 0.054630
1 0.572917 0.356481 0.012500 0.057407
7 0.496615 0.393519 0.030729 0.101852
7 0.521094 0.398148 0.030729 0.094444
1 0.328385 0.360648 0.013021 0.052778
1 0.340365 0.356944 0.011979 0.045370
1 0.345573 0.349074 0.011979 0.042593
1 0.354948 0.352778 0.011979 0.046296
1 0.388281 0.358796 0.015104 0.052778
1 0.365104 0.352315 0.010417 0.037963
1 0.373958 0.353704 0.011458 0.038889
