1 0.882812 0.577315 0.023958 0.112037
1 0.796875 0.564815 0.026042 0.107407
1 0.018229 0.612037 0.023958 0.129630
1 0.233073 0.525926 0.011979 0.062963
1 0.671875 0.518519 0.013542 0.055556
1 0.644271 0.534259 0.016667 0.074074
1 0.680729 0.518981 0.010417 0.052778
1 0.194792 0.521759 0.010417 0.054630
1 0.505990 0.490278 0.009896 0.043519
1 0.695833 0.515741 0.012500 0.062963
1 0.228906 0.526389 0.009896 0.060185
1 0.232292 0.533333 0.011458 0.062963
1 0.183073 0.525926 0.013021 0.062963
1 0.206771 0.518981 0.012500 0.063889
1 0.535677 0.505556 0.008854 0.053704
1 0.546354 0.509722 0.011458 0.050926
1 0.606771 0.504167 0.011458 0.054630
1 0.596354 0.508796 0.011458 0.056481
1 0.705729 0.516204 0.016667 0.065741
1 0.648438 0.506944 0.009375 0.056481
1 0.660156 0.506481 0.014063 0.059259
1 0.558594 0.505556 0.009896 0.046296
1 0.612760 0.507870 0.010937 0.049074
