1 0.843229 0.683333 0.046875 0.224074
1 0.253385 0.140278 0.034896 0.175000
1 0.410156 0.633333 0.043229 0.222222
1 0.915365 0.519907 0.041146 0.193519
1 0.536979 0.975000 0.045833 0.237037
1 0.351042 0.816667 0.036458 0.231481
7 0.377865 0.242593 0.040104 0.103704
7 0.367969 0.325463 0.029687 0.112037
1 0.428646 0.218056 0.027083 0.158333
1 0.774219 -0.018056 0.026562 0.121296
1 0.538802 0.095370 0.027604 0.148148
1 0.505469 0.081481 0.031771 0.155556
1 0.270052 0.130093 0.021354 0.152778
1 0.484896 0.015278 0.027083 0.139815
1 0.070833 0.410648 0.027083 0.173148
1 0.059375 0.390278 0.027083 0.184259
1 0.478646 0.629630 0.055208 0.220370
1 0.513542 0.631019 0.041667 0.195370
1 0.404167 0.150926 0.022917 0.137037
1 0.386979 0.162500 0.031250 0.156481
1 0.388281 0.037500 0.025521 0.136111
1 0.297135 0.022222 0.021354 0.122222
7 0.327344 0.029167 0.031771 0.071296
1 0.128385 0.311111 0.026562 0.159259
7 0.651563 0.082407 0.031250 0.109259
1 0.217969 0.707870 0.036979 0.223148
1 0.171094 0.687037 0.047396 0.237037
1 0.295052 0.141204 0.028646 0.150926
1 0.182552 0.130093 0.030729 0.150926
1 0.200521 0.182407 0.027083 0.162963
1 0.686719 0.571759 0.038021 0.189815
1 0.163021 0.194444 0.027083 0.157407
1 0.191146 0.162963 0.026042 0.161111
1 0.134635 0.199537 0.039062 0.141667
1 0.134375 0.178241 0.029167 0.163889
1 0.157812 0.156019 0.030208 0.160185
1 0.148177 0.140741 0.026562 0.151852
1 0.117708 0.174074 0.020833 0.159259
1 0.451562 0.048148 0.023958 0.151852
1 0.237500 0.177315 0.028125 0.160185
1 0.253125 0.306481 0.040625 0.185185
1 0.988542 0.475926 0.043750 0.177778
1 0.907552 0.448611 0.034896 0.187963
1 0.804167 0.015278 0.027083 0.136111
1 0.930469 0.204167 0.026562 0.150926
1 0.949479 0.143519 0.042708 0.159259
1 0.887760 0.153704 0.032813 0.159259
1 0.231771 0.052315 0.021875 0.136111
1 0.203646 0.054630 0.034375 0.127778
1 0.721354 -0.035185 0.030208 0.125926
7 0.646875 0.074074 0.033333 0.087037
1 0.651563 0.076389 0.034375 0.084259
