1 0.615104 0.348611 0.032292 0.137963
1 0.438021 0.345370 0.031250 0.161111
1 0.004427 0.579167 0.193229 0.693519
1 0.473438 0.352778 0.029167 0.144444
1 0.620833 0.335185 0.023958 0.098148
1 0.736458 0.394907 0.050000 0.341667
1 0.373958 0.336574 0.020833 0.100926
1 0.716146 0.391204 0.046875 0.295370
1 0.541667 0.323611 0.014583 0.062037
1 0.161979 0.405556 0.058333 0.266667
1 0.133073 0.319907 0.015104 0.076852
1 0.566667 0.316667 0.010417 0.046296
1 0.553385 0.319907 0.011979 0.058333
7 0.490885 0.345833 0.023438 0.076852
7 0.510417 0.351389 0.022917 0.075000
1 0.317969 0.322685 0.017188 0.065741
1 0.386979 0.323611 0.012500 0.060185
1 0.398438 0.326389 0.011458 0.058333
