0 0.845833 0.654630 0.051042 0.214815
0 0.337760 0.652315 0.038021 0.225000
0 0.916667 0.516667 0.037500 0.196296
0 0.475521 0.985648 0.045833 0.126852
0 0.351042 0.816667 0.036458 0.231481
2 0.377865 0.242593 0.040104 0.103704
2 0.367969 0.325463 0.029687 0.112037
0 0.421094 0.202778 0.025521 0.162963
0 0.336979 0.125463 0.020833 0.128704
0 0.191667 0.250926 0.025000 0.161111
0 0.159896 0.246759 0.029167 0.182407
0 0.404948 0.139815 0.028646 0.146296
0 0.399740 0.115278 0.029687 0.156481
2 0.651563 0.081481 0.031250 0.109259
0 0.301042 0.187500 0.031250 0.160185
0 0.200000 0.179630 0.025000 0.159259
0 0.163021 0.192593 0.026042 0.155556
0 0.191406 0.165741 0.024479 0.161111
0 0.134115 0.200463 0.025521 0.150926
0 0.121615 0.181019 0.025521 0.167593
0 0.147656 0.166204 0.028646 0.162037
0 0.178646 0.150000 0.026042 0.150000
0 0.118229 0.174074 0.020833 0.159259
0 0.169010 0.590278 0.040104 0.217593
0 0.585677 0.668056 0.047396 0.234259
0 0.548177 0.683333 0.040104 0.222222
0 0.826823 0.133796 0.030729 0.160185
0 0.763021 0.128241 0.023958 0.147222
0 0.786719 0.095833 0.030729 0.136111
0 0.244531 0.300926 0.027604 0.175926
0 0.220312 0.303241 0.033333 0.163889
0 0.265365 0.166667 0.032813 0.159259
0 0.234375 0.165278 0.028125 0.156481
0 0.261979 0.146296 0.027083 0.150000
