1 0.143490 0.645833 0.019271 0.123148
1 0.629167 0.516204 0.012500 0.052778
1 0.128385 0.647685 0.020313 0.115741
1 0.132812 0.658333 0.017708 0.114815
1 0.124219 0.665741 0.016146 0.111111
1 0.037500 0.661111 0.025000 0.112963
1 0.682031 0.506019 0.010937 0.047222
1 0.668750 0.509259 0.011458 0.053704
1 0.654687 0.503704 0.013542 0.050000
1 0.740104 0.621759 0.028125 0.125000
1 0.799219 0.603241 0.028646 0.126852
1 0.719531 0.604167 0.039062 0.132407
1 0.742708 0.536111 0.014583 0.070370
1 0.902344 0.552315 0.018229 0.095370
1 0.749479 0.598611 0.029167 0.136111
1 0.029427 0.660648 0.025521 0.123148
1 0.719010 0.544907 0.017188 0.082407
1 0.736979 0.539815 0.014583 0.072222
1 0.751823 0.561111 0.016146 0.092593
1 0.787240 0.595370 0.018229 0.118519
1 0.779687 0.561111 0.014583 0.094444
1 0.681510 0.534259 0.018229 0.059259
1 0.707031 0.540741 0.014063 0.059259
1 0.697917 0.537963 0.012500 0.059259
