1 0.644271 0.360185 0.032292 0.144444
1 0.463021 0.355556 0.030208 0.150000
1 0.208073 0.421296 0.094271 0.362963
1 0.510417 0.359259 0.029167 0.137037
1 0.577865 0.336574 0.016146 0.062037
1 0.641406 0.370833 0.028646 0.195370
1 0.343229 0.344444 0.020833 0.094444
1 0.633854 0.368981 0.026042 0.178704
1 0.156510 0.370833 0.028646 0.134259
1 0.117708 0.369907 0.041667 0.147222
1 0.525781 0.333796 0.014063 0.058333
1 0.289583 0.368519 0.027083 0.151852
1 0.543750 0.328704 0.009375 0.038889
1 0.530208 0.327315 0.009375 0.041667
7 0.485417 0.352315 0.023958 0.062037
7 0.504948 0.356019 0.021354 0.063889
1 0.385677 0.337037 0.015104 0.066667
1 0.367708 0.328241 0.014583 0.076852
1 0.370833 0.338426 0.012500 0.060185
1 0.386979 0.328241 0.011458 0.058333
