0 0.846354 0.657407 0.052083 0.220370
0 0.320312 0.614352 0.030208 0.236111
0 0.916146 0.519907 0.039583 0.195370
0 0.475521 0.981019 0.038542 0.136111
0 0.351042 0.816667 0.036458 0.231481
2 0.377865 0.242593 0.040104 0.103704
2 0.367969 0.325463 0.029687 0.112037
0 0.431510 0.208333 0.036979 0.157407
0 0.338281 0.124537 0.020313 0.126852
0 0.261198 0.237500 0.025521 0.154630
0 0.285417 0.245370 0.037500 0.174074
0 0.404948 0.143056 0.026562 0.149074
0 0.395573 0.108333 0.029687 0.151852
2 0.651563 0.081481 0.031250 0.109259
0 0.297135 0.187963 0.028646 0.153704
0 0.208333 0.175463 0.029167 0.160185
0 0.164062 0.193981 0.026042 0.154630
0 0.198437 0.157870 0.023958 0.158333
0 0.133594 0.204167 0.027604 0.150926
0 0.124479 0.181481 0.039583 0.168519
0 0.152083 0.162963 0.032292 0.157407
0 0.190625 0.145370 0.026042 0.150000
0 0.124740 0.163426 0.020313 0.154630
0 0.503646 0.304167 0.034375 0.180556
0 0.459896 0.310185 0.035417 0.179630
0 0.603385 0.619444 0.043229 0.225926
0 0.883333 0.736111 0.047917 0.218519
0 0.872135 0.705556 0.056771 0.235185
0 0.989062 0.331481 0.028125 0.174074
0 0.911979 0.283333 0.029167 0.164815
0 0.785417 0.281019 0.037500 0.150926
0 0.697917 0.260648 0.031250 0.152778
0 0.254688 0.194444 0.028125 0.150000
0 0.211719 0.589352 0.034896 0.213889
0 0.167448 0.603241 0.046354 0.199074
0 0.240365 0.143981 0.034896 0.158333
0 0.271875 0.141667 0.031250 0.151852
0 0.224740 0.101389 0.032813 0.160185
0 0.251302 0.097222 0.026562 0.146296
0 0.204687 0.402778 0.037500 0.190741
0 0.168229 0.404630 0.035417 0.190741
0 0.266146 0.392593 0.037500 0.179630
