1 0.952083 0.906019 0.092708 0.376852
1 0.304427 0.586574 0.031771 0.139815
1 0.249479 0.601852 0.033333 0.153704
1 0.190365 0.573148 0.024479 0.109259
1 0.142708 0.506944 0.016667 0.067593
1 0.269792 0.595833 0.025000 0.141667
1 0.526302 0.669444 0.040104 0.205556
1 0.144792 0.584722 0.029167 0.117593
1 0.435156 0.767593 0.052604 0.255556
1 0.509635 0.700926 0.044271 0.200000
1 0.479687 0.680093 0.053125 0.210185
1 0.165625 0.568056 0.025000 0.113889
1 0.273958 0.586574 0.022917 0.136111
1 0.231771 0.600926 0.022917 0.146296
