1 0.435156 0.546759 0.115104 0.621296
1 0.092708 0.669444 0.230208 1.151852
1 0.350000 0.463426 0.031250 0.145370
1 0.391146 0.450926 0.037500 0.170370
1 0.789583 0.422222 0.023958 0.125926
1 0.575000 0.503241 0.093750 0.423148
1 0.930469 0.425926 0.018229 0.088889
1 0.918229 0.430093 0.017708 0.087963
1 0.238542 0.495833 0.050000 0.299074
1 0.500260 0.467130 0.049479 0.302778
1 0.511458 0.462500 0.044792 0.212037
1 0.653385 0.437963 0.022396 0.109259
1 0.666667 0.442593 0.017708 0.101852
1 0.711979 0.737963 0.013542 0.048148
1 0.369531 0.449537 0.019271 0.099074
