1 0.475781 0.397222 0.031771 0.146296
1 0.419010 0.379167 0.026562 0.128704
1 0.389062 0.377315 0.025000 0.128704
1 0.775781 0.594907 0.097396 0.604630
1 0.915104 0.592593 0.141667 0.631481
1 0.285417 0.379167 0.035417 0.156481
1 0.427604 0.380093 0.019792 0.113889
1 0.448698 0.369907 0.021354 0.110185
1 0.138802 0.383333 0.026562 0.120370
1 0.587760 0.402778 0.038021 0.216667
1 0.497917 0.374537 0.017708 0.106481
1 0.215104 0.365741 0.020833 0.112963
1 0.204427 0.375463 0.016146 0.087963
1 0.255208 0.361574 0.015625 0.062037
1 0.405729 0.356019 0.013542 0.063889
1 0.032552 0.349537 0.013021 0.065741
1 0.051042 0.369444 0.020833 0.100000
7 0.358333 0.366667 0.018750 0.050000
7 0.373437 0.365741 0.015625 0.044444
1 0.069792 0.360648 0.014583 0.063889
7 0.827865 0.416204 0.035937 0.160185
