0 0.846615 0.654630 0.052604 0.214815
0 0.357812 0.647222 0.040625 0.227778
0 0.916146 0.518056 0.039583 0.195370
0 0.492448 0.989352 0.042188 0.119444
0 0.351042 0.816667 0.036458 0.231481
2 0.377865 0.242593 0.040104 0.103704
2 0.367969 0.325463 0.029687 0.112037
0 0.432031 0.208333 0.038021 0.157407
0 0.337240 0.125463 0.020313 0.128704
0 0.195573 0.235648 0.026562 0.154630
0 0.174219 0.239815 0.034896 0.177778
0 0.404948 0.139815 0.028646 0.146296
0 0.401042 0.115278 0.023958 0.154630
2 0.651563 0.081481 0.031250 0.109259
0 0.303906 0.187963 0.029687 0.157407
0 0.208073 0.178241 0.027604 0.158333
0 0.163542 0.193981 0.026042 0.154630
0 0.198437 0.164352 0.023958 0.158333
0 0.138802 0.199537 0.027604 0.152778
0 0.125260 0.182407 0.029687 0.168519
0 0.147135 0.162963 0.027604 0.159259
0 0.185677 0.145370 0.025521 0.150000
0 0.119271 0.166667 0.020833 0.159259
0 0.183333 0.778704 0.044792 0.237037
0 0.513802 0.470833 0.042188 0.210185
0 0.466927 0.484259 0.032813 0.200000
0 0.692187 0.891204 0.050000 0.231481
0 0.934635 0.742593 0.047396 0.229630
0 0.962500 0.695370 0.036458 0.235185
0 0.913802 0.173611 0.026562 0.158333
0 0.853646 0.142593 0.026042 0.146296
0 0.783854 0.176852 0.032292 0.142593
0 0.599219 0.112963 0.028646 0.150000
0 0.258854 0.087037 0.027083 0.137037
0 0.227083 0.429167 0.030208 0.191667
0 0.192448 0.433333 0.039062 0.175926
0 0.237760 0.142130 0.033854 0.163889
0 0.255729 0.280093 0.035417 0.176852
0 0.208854 0.276389 0.031250 0.169444
0 0.259896 0.260185 0.031250 0.162963
