1 0.853385 0.687037 0.051562 0.225926
1 0.260937 0.153704 0.035417 0.177778
1 0.371094 0.625000 0.045312 0.222222
1 0.915365 0.519907 0.041146 0.193519
1 0.532552 0.972685 0.046354 0.254630
1 0.351042 0.816667 0.036458 0.231481
7 0.377865 0.242593 0.040104 0.103704
7 0.367969 0.325463 0.029687 0.112037
1 0.428906 0.218519 0.029687 0.159259
1 0.769010 0.008796 0.026562 0.121296
1 0.537760 0.110185 0.027604 0.148148
1 0.508333 0.098611 0.033333 0.158333
1 0.265365 0.141204 0.025521 0.154630
1 0.493229 0.037963 0.030208 0.140741
1 0.070052 0.410648 0.026562 0.173148
1 0.055208 0.391667 0.035417 0.185185
1 0.470313 0.588889 0.053125 0.212963
1 0.502083 0.592593 0.040625 0.192593
1 0.407031 0.164352 0.032813 0.106481
1 0.385677 0.162037 0.031771 0.153704
1 0.386198 0.057870 0.025521 0.136111
1 0.297135 0.022685 0.021354 0.123148
7 0.327344 0.029167 0.031771 0.071296
1 0.119792 0.336574 0.028125 0.163889
7 0.651563 0.082407 0.031250 0.109259
1 0.239323 0.663426 0.035937 0.219444
1 0.182812 0.637963 0.043750 0.220370
1 0.300781 0.137963 0.029687 0.151852
1 0.182552 0.127315 0.030729 0.150926
1 0.200521 0.181481 0.027083 0.162963
1 0.628906 0.537963 0.030729 0.188889
1 0.161979 0.195370 0.027083 0.157407
1 0.191927 0.162037 0.026562 0.159259
1 0.129948 0.203241 0.032813 0.143519
1 0.135417 0.192130 0.036458 0.145370
1 0.151562 0.156481 0.029167 0.161111
1 0.147656 0.141667 0.025521 0.151852
1 0.117708 0.174074 0.020833 0.159259
1 0.445312 0.039815 0.030208 0.148148
1 0.234896 0.162963 0.026042 0.161111
1 0.256771 0.341204 0.038542 0.187963
1 0.930208 0.483796 0.035417 0.191667
1 0.812500 0.001852 0.029167 0.137037
1 0.939583 0.182870 0.032292 0.150926
1 0.944792 0.137963 0.035417 0.153704
1 0.872135 0.121296 0.031771 0.153704
1 0.322656 1.033796 0.045312 0.132407
1 0.232292 0.034722 0.025000 0.126852
1 0.204687 0.037500 0.033333 0.128704
1 0.721875 -0.035185 0.032292 0.127778
7 0.646615 0.075000 0.032813 0.087037
1 0.651302 0.075926 0.033854 0.083333
