1 0.614323 0.378241 0.030729 0.132407
1 0.444531 0.371296 0.029687 0.157407
1 0.147135 0.511111 0.152604 0.514815
1 0.494792 0.375926 0.021875 0.142593
1 0.605469 0.351852 0.022396 0.085185
1 0.699479 0.404167 0.053125 0.291667
1 0.356250 0.363889 0.019792 0.100000
1 0.680208 0.399537 0.041667 0.252778
1 0.532813 0.347685 0.014583 0.060185
1 0.557292 0.343981 0.010417 0.043519
1 0.544271 0.339815 0.010417 0.050000
7 0.488281 0.376852 0.023438 0.070370
7 0.504687 0.378704 0.022917 0.070370
1 0.333333 0.352778 0.015625 0.066667
1 0.378646 0.349537 0.012500 0.060185
1 0.389062 0.346759 0.011458 0.058333
