1 0.469271 0.392593 0.036458 0.155556
1 0.415625 0.375000 0.027083 0.127778
1 0.381250 0.374074 0.025000 0.129630
1 0.782031 0.590741 0.108854 0.609259
1 0.910937 0.585185 0.137500 0.622222
1 0.286979 0.375926 0.042708 0.155556
1 0.425000 0.374074 0.021875 0.112963
1 0.440104 0.361111 0.023958 0.112963
1 0.129688 0.366667 0.028125 0.120370
1 0.579167 0.394444 0.038542 0.211111
1 0.491146 0.363426 0.017708 0.106481
1 0.212500 0.362037 0.020833 0.112963
1 0.202344 0.370833 0.016146 0.087963
1 0.481250 0.356019 0.020833 0.086111
1 0.272656 0.379167 0.017188 0.100926
1 0.246875 0.347222 0.015625 0.059259
1 0.402083 0.349537 0.013542 0.063889
1 0.022656 0.342130 0.013021 0.065741
1 0.046875 0.367130 0.020833 0.099074
7 0.353646 0.362963 0.018750 0.050000
7 0.364063 0.359259 0.015625 0.044444
1 0.060417 0.351389 0.014583 0.063889
