1 0.639583 0.374074 0.029167 0.131481
1 0.439583 0.379167 0.033333 0.165741
1 0.479948 0.383796 0.029687 0.150926
1 0.799479 0.384722 0.057292 0.212037
1 0.590365 0.353704 0.017188 0.062963
1 -0.001823 0.380556 0.026562 0.114815
1 0.613021 0.347222 0.014583 0.068519
7 0.536458 0.390741 0.034375 0.109259
7 0.562500 0.400926 0.034375 0.107407
1 0.355208 0.352315 0.013542 0.052778
1 0.364844 0.349074 0.013021 0.050000
1 0.376563 0.344907 0.012500 0.049074
1 0.417448 0.356481 0.021354 0.057407
1 0.392188 0.343981 0.010417 0.037963
1 0.402083 0.345370 0.011458 0.038889
