1 0.611719 0.375926 0.029687 0.131481
1 0.406771 0.374537 0.032292 0.163889
1 0.447917 0.387037 0.029167 0.148148
1 0.690625 0.380093 0.038542 0.149074
1 1.017708 0.545833 0.112500 0.737963
1 0.929948 0.507870 0.114062 0.608333
1 0.552865 0.355093 0.016146 0.063889
1 0.020573 0.367593 0.021354 0.101852
1 0.049219 0.365741 0.028646 0.103704
1 0.589323 0.361111 0.013021 0.053704
1 0.571354 0.356481 0.012500 0.057407
7 0.494531 0.387963 0.030729 0.101852
7 0.519010 0.393056 0.029687 0.093519
1 0.328385 0.353241 0.013021 0.052778
1 0.339323 0.356019 0.011979 0.045370
1 0.344792 0.347222 0.011458 0.042593
1 0.353646 0.347222 0.011458 0.046296
1 0.387240 0.358796 0.015104 0.052778
1 0.362500 0.344907 0.010417 0.037963
1 0.371354 0.346296 0.011458 0.038889
