1 0.907031 0.575463 0.035937 0.134259
1 0.714063 0.573611 0.026042 0.126852
1 0.081771 0.574537 0.015625 0.075000
1 0.634375 0.569907 0.026042 0.110185
1 0.563802 0.537963 0.013021 0.070370
1 0.433333 0.503241 0.008333 0.047222
1 0.074219 0.577315 0.013021 0.078704
1 0.074479 0.589352 0.013542 0.075000
1 0.009115 0.581019 0.015104 0.086111
1 0.016667 0.575000 0.014583 0.081481
1 0.517448 0.520370 0.013021 0.059259
1 0.507292 0.524074 0.011458 0.061111
1 0.563021 0.541667 0.015625 0.068519
1 0.578125 0.534722 0.014583 0.078704
1 0.591146 0.534722 0.014583 0.080556
1 0.534896 0.520833 0.014583 0.063889
1 0.552083 0.518981 0.012500 0.062037
1 0.490365 0.525000 0.011979 0.066667
1 0.461979 0.521759 0.011458 0.056481
