1 0.850260 0.683333 0.052604 0.224074
1 0.256510 0.146296 0.034896 0.175926
1 0.395052 0.626852 0.041146 0.216667
1 0.915365 0.519907 0.041146 0.193519
1 0.531771 0.976852 0.047917 0.240741
1 0.351042 0.816667 0.036458 0.231481
7 0.377865 0.242593 0.040104 0.103704
7 0.367969 0.325463 0.029687 0.112037
1 0.428646 0.218519 0.028125 0.159259
1 0.773177 -0.007870 0.026562 0.121296
1 0.537760 0.101852 0.027604 0.148148
1 0.507292 0.087963 0.030208 0.157407
1 0.264844 0.131944 0.023438 0.149074
1 0.488021 0.025000 0.028125 0.140741
1 0.070052 0.410648 0.026562 0.173148
1 0.059375 0.391204 0.027083 0.184259
1 0.474479 0.611111 0.054167 0.216667
1 0.508073 0.617593 0.041146 0.200000
1 0.405208 0.155556 0.028125 0.127778
1 0.387240 0.162500 0.031771 0.156481
1 0.386198 0.048611 0.025521 0.136111
1 0.297135 0.022685 0.021354 0.123148
7 0.327344 0.029167 0.031771 0.071296
1 0.122917 0.325463 0.028125 0.163889
7 0.651563 0.082407 0.031250 0.109259
1 0.226302 0.683333 0.038021 0.218519
1 0.174219 0.669907 0.045312 0.236111
1 0.300000 0.141667 0.029167 0.151852
1 0.182552 0.129167 0.030729 0.150926
1 0.200521 0.181481 0.027083 0.162963
1 0.660156 0.558796 0.041146 0.187963
1 0.163021 0.194444 0.027083 0.157407
1 0.191667 0.162500 0.027083 0.160185
1 0.133333 0.202315 0.037500 0.141667
1 0.134896 0.182870 0.034375 0.160185
1 0.157292 0.156481 0.029167 0.161111
1 0.147917 0.141667 0.026042 0.151852
1 0.117708 0.174074 0.020833 0.159259
1 0.447917 0.044907 0.025000 0.150926
1 0.234896 0.171296 0.027083 0.161111
1 0.255990 0.325926 0.043229 0.185185
1 0.996354 0.489815 0.038542 0.177778
1 0.917448 0.463889 0.033854 0.190741
1 0.807292 0.010185 0.029167 0.137037
1 0.934896 0.194907 0.029167 0.150926
1 0.948438 0.140741 0.035417 0.153704
1 0.973698 0.146759 0.042188 0.156481
1 0.884896 0.142130 0.038542 0.160185
1 0.232552 0.043981 0.021354 0.134259
1 0.203646 0.043519 0.035417 0.127778
1 0.721615 -0.034722 0.030729 0.126852
7 0.646615 0.074537 0.032813 0.086111
1 0.651302 0.075926 0.033854 0.083333
