1 0.842448 0.655556 0.033854 0.218519
1 0.251042 0.073148 0.033333 0.162963
1 0.439844 0.675926 0.040104 0.238889
1 0.915625 0.520833 0.040625 0.197222
1 0.558594 0.981944 0.043229 0.236111
1 0.351042 0.816667 0.036458 0.231481
7 0.377865 0.242593 0.040104 0.103704
7 0.367969 0.325463 0.029687 0.112037
1 0.421615 0.213889 0.030729 0.157407
1 0.530208 0.031019 0.027083 0.137963
1 0.498177 0.022685 0.028646 0.147222
1 0.318490 0.129630 0.018229 0.137037
1 0.105990 0.378704 0.033854 0.177778
1 0.077604 0.355556 0.028125 0.190741
1 0.536198 0.805556 0.064062 0.240741
1 0.569531 0.808333 0.042188 0.214815
1 0.405208 0.148148 0.023958 0.135185
1 0.414062 0.156944 0.027083 0.154630
1 0.297135 0.022222 0.021354 0.122222
7 0.327344 0.029167 0.031771 0.071296
1 0.210677 0.221296 0.027604 0.151852
7 0.651563 0.082407 0.031250 0.109259
1 0.157292 0.899074 0.041667 0.240741
1 0.126562 0.868981 0.050000 0.258333
1 0.285156 0.178241 0.030729 0.160185
1 0.166667 0.115278 0.022917 0.150926
1 0.200521 0.182870 0.027083 0.162037
1 0.955990 0.716204 0.038021 0.199074
1 0.163802 0.193519 0.026562 0.157407
1 0.199219 0.166667 0.023438 0.162963
1 0.128646 0.200000 0.031250 0.146296
1 0.128125 0.182407 0.028125 0.161111
1 0.161979 0.163426 0.029167 0.160185
1 0.146875 0.146759 0.026042 0.145370
1 0.117708 0.174074 0.020833 0.159259
1 0.472135 0.030556 0.025521 0.150000
1 0.217708 0.275463 0.031250 0.176852
1 0.256771 0.189352 0.033333 0.167593
1 0.899479 0.370370 0.038542 0.183333
1 0.841667 0.347685 0.029167 0.175000
1 0.788802 0.063889 0.028646 0.131481
1 0.939583 0.285648 0.036458 0.160185
1 0.879687 0.080556 0.027083 0.150000
1 0.848958 0.073611 0.028125 0.158333
1 0.998177 0.308796 0.036979 0.178704
1 0.222396 0.109259 0.023958 0.148148
1 0.197917 0.113889 0.027083 0.137037
1 0.201302 -0.030556 0.023438 0.118519
1 0.220573 -0.017130 0.026562 0.141667
1 0.274219 -0.029630 0.023438 0.133333
7 0.647396 0.071759 0.033333 0.086111
