0 0.470313 0.502315 0.012500 0.060185
0 0.607031 0.562500 0.023438 0.119444
0 0.586719 0.562500 0.023438 0.117593
0 0.557552 0.566667 0.015104 0.111111
0 0.571094 0.571296 0.020313 0.120370
0 0.436719 0.993981 0.068229 0.369444
0 0.389844 0.932870 0.070312 0.363889
0 0.445833 0.499074 0.013542 0.062963
0 0.282031 0.774537 0.072396 0.275000
0 0.879948 0.630093 0.033854 0.182407
0 0.295833 0.801389 0.080208 0.299074
0 0.487760 0.564815 0.021354 0.114815
0 0.522396 0.565278 0.027083 0.115741
0 0.773438 0.674537 0.042708 0.189815
0 0.420573 0.871759 0.036979 0.321296
0 0.799740 0.647685 0.039062 0.167593
0 0.767188 0.631944 0.032292 0.158333
0 0.495833 0.556019 0.025000 0.108333
