1 0.846094 0.654630 0.051562 0.214815
1 0.359635 0.649537 0.039062 0.232407
1 0.916146 0.517130 0.039583 0.195370
1 0.471875 0.985185 0.041667 0.227778
1 0.351042 0.816667 0.036458 0.231481
7 0.377865 0.242593 0.040104 0.103704
7 0.367969 0.325463 0.029687 0.112037
1 0.432292 0.208796 0.040625 0.160185
1 0.336979 0.125463 0.020833 0.128704
1 0.194271 0.236574 0.023958 0.156481
1 0.172135 0.239352 0.034896 0.176852
1 0.405729 0.138426 0.028125 0.147222
1 0.398698 0.116204 0.029687 0.156481
1 0.301042 0.018056 0.027083 0.121296
7 0.327344 0.029167 0.031771 0.071296
1 0.253385 -0.002315 0.022396 0.115741
7 0.651563 0.081481 0.031250 0.109259
1 0.305729 0.188426 0.030208 0.158333
1 0.174740 0.049074 0.023438 0.138889
1 0.200000 0.178704 0.025000 0.159259
1 0.163021 0.192593 0.026042 0.155556
1 0.189844 0.164815 0.024479 0.161111
1 0.138021 0.199537 0.025000 0.154630
1 0.125521 0.181019 0.025000 0.167593
1 0.152083 0.165741 0.027083 0.161111
1 0.175521 0.150000 0.026042 0.150000
1 0.118750 0.171296 0.020833 0.159259
1 0.467187 -0.025463 0.026042 0.147222
1 0.159375 0.657407 0.041667 0.220370
1 0.551562 0.590741 0.037500 0.218519
1 0.506771 0.608796 0.036458 0.219444
1 0.999219 0.766204 0.039062 0.221296
1 0.805729 0.096759 0.030208 0.149074
1 0.751042 0.101389 0.027083 0.143519
1 0.873698 0.092593 0.029687 0.146296
1 0.824479 0.065741 0.023958 0.133333
1 0.780469 0.124074 0.030729 0.138889
1 0.571094 0.025000 0.028646 0.144444
1 0.391667 0.003241 0.021875 0.125000
1 0.272656 0.030093 0.026562 0.123148
1 0.240625 0.343519 0.027083 0.183333
1 0.204687 0.345370 0.039583 0.166667
1 0.180990 0.131944 0.023438 0.160185
1 0.237240 -0.017593 0.022396 0.125926
1 0.145833 0.047685 0.027083 0.128704
1 0.262500 0.207407 0.031250 0.164815
1 0.232031 0.203241 0.028646 0.158333
1 0.262240 0.183796 0.029687 0.156481
1 0.410938 -0.003241 0.022917 0.128704
