0 0.605729 0.377778 0.032292 0.138889
0 0.433854 0.379630 0.031250 0.155556
0 0.173698 0.481019 0.134896 0.499074
0 0.490104 0.378704 0.029167 0.142593
0 0.586458 0.351389 0.018750 0.078704
0 0.670833 0.399537 0.039583 0.265741
0 0.339844 0.368056 0.020313 0.097222
0 0.658594 0.400463 0.039062 0.232407
0 0.522917 0.352315 0.014583 0.060185
0 0.546615 0.344907 0.010937 0.037963
0 0.531510 0.340741 0.010937 0.042593
2 0.474740 0.375000 0.023438 0.070370
2 0.494271 0.374074 0.022917 0.068519
0 0.333594 0.350000 0.015104 0.066667
0 0.366146 0.353241 0.012500 0.060185
0 0.376563 0.355093 0.011458 0.058333
