1 0.609375 0.381481 0.032292 0.148148
1 0.447396 0.365278 0.029167 0.141667
1 0.314844 0.419444 0.068229 0.327778
1 0.998437 0.629630 0.161458 0.735185
1 0.206510 0.395833 0.076563 0.289815
1 0.481510 0.367130 0.029687 0.128704
1 0.518750 0.343056 0.013542 0.056481
1 0.561979 0.374074 0.026042 0.157407
1 0.569271 0.375926 0.025000 0.144444
1 0.657552 0.364815 0.022396 0.116667
1 0.275521 0.364815 0.019792 0.120370
1 0.257812 0.362963 0.022917 0.120370
1 0.286719 0.370370 0.022396 0.129630
1 -0.014583 0.365278 0.027083 0.145370
1 0.503646 0.337963 0.009375 0.035185
7 0.450521 0.351389 0.023958 0.054630
7 0.459375 0.362037 0.018750 0.057407
1 0.375260 0.344444 0.010937 0.059259
1 0.355990 0.339815 0.013021 0.070370
