1 0.821615 0.680093 0.043229 0.225000
1 0.252083 0.191667 0.037500 0.185185
1 0.231771 0.650000 0.047917 0.231481
1 0.915625 0.519907 0.040625 0.193519
1 0.507552 0.972685 0.038021 0.252778
1 0.351042 0.816667 0.036458 0.231481
7 0.377865 0.242593 0.040104 0.103704
7 0.367969 0.325463 0.029687 0.112037
1 0.429427 0.218519 0.030729 0.161111
1 0.767969 0.056019 0.027604 0.126852
1 0.554688 0.142593 0.026042 0.150000
1 0.526563 0.143981 0.031250 0.167593
1 0.281510 0.169444 0.020313 0.155556
1 0.499740 0.102315 0.031771 0.154630
1 0.069792 0.411111 0.026042 0.174074
1 0.053385 0.392130 0.039062 0.186111
1 0.458594 0.510648 0.044271 0.200926
1 0.486198 0.512500 0.035937 0.186111
1 0.414323 0.158796 0.021354 0.141667
1 0.388281 0.167130 0.027604 0.156481
1 0.382812 0.077315 0.026042 0.141667
1 0.297135 0.022685 0.021354 0.123148
7 0.327344 0.029167 0.031771 0.071296
1 0.136198 0.410185 0.029687 0.174074
7 0.651563 0.082407 0.031250 0.109259
1 0.280729 0.557407 0.034375 0.201852
1 0.234115 0.548148 0.044271 0.212963
1 0.294010 0.136111 0.024479 0.153704
1 0.179688 0.121759 0.027083 0.149074
1 0.203646 0.181019 0.029167 0.163889
1 0.513542 0.456944 0.035417 0.178704
1 0.161979 0.200000 0.027083 0.157407
1 0.196875 0.166204 0.028125 0.156481
1 0.123698 0.202315 0.027604 0.149074
1 0.129948 0.181944 0.023438 0.175000
1 0.150521 0.156481 0.029167 0.155556
1 0.151562 0.142593 0.028125 0.153704
1 0.117708 0.174074 0.020833 0.159259
1 0.454688 0.010648 0.022917 0.141667
1 0.233594 0.125000 0.028646 0.155556
1 0.236719 0.438426 0.042188 0.199074
1 0.970573 0.560185 0.034896 0.192593
1 0.855990 -0.031944 0.026562 0.128704
1 0.913281 0.135648 0.030729 0.143519
1 0.842448 0.046296 0.028646 0.140741
1 0.225000 0.983333 0.050000 0.233333
1 0.247917 0.918981 0.047917 0.247222
1 0.228906 0.002315 0.022396 0.125000
1 0.204948 0.002778 0.022396 0.125926
1 0.720052 -0.034259 0.028646 0.129630
7 0.646354 0.076389 0.032292 0.086111
1 0.651302 0.076389 0.034896 0.084259
