1 0.598437 0.512963 0.013542 0.059259
1 0.624740 0.512037 0.009896 0.053704
1 0.740365 0.569444 0.024479 0.116667
1 0.715625 0.566204 0.023958 0.100926
1 0.695573 0.574074 0.013021 0.107407
1 0.706250 0.575000 0.022917 0.109259
1 0.614323 0.517593 0.015104 0.066667
1 0.663542 0.898611 0.064583 0.312037
1 0.642448 0.845370 0.058854 0.290741
1 0.519531 0.743981 0.042188 0.245370
1 0.730729 0.570833 0.017708 0.093519
1 0.541667 0.757407 0.057292 0.264815
1 0.632292 0.577315 0.023958 0.108333
1 0.668490 0.576389 0.026562 0.110185
1 0.885417 0.657870 0.034375 0.171296
1 0.670833 0.806944 0.044792 0.273148
1 0.911458 0.642593 0.041667 0.150000
1 0.875781 0.624537 0.031771 0.152778
1 0.630990 0.563889 0.025521 0.098148
