1 0.592708 0.331481 0.035417 0.151852
1 0.475000 0.317593 0.031250 0.138889
1 0.464583 0.334722 0.036458 0.175000
1 0.821875 0.537500 0.113542 0.669444
1 0.957552 0.531019 0.131771 0.726852
1 0.300260 0.340741 0.050521 0.207407
1 0.495833 0.314815 0.022917 0.122222
1 0.523177 0.287500 0.011979 0.045370
1 0.554688 0.309722 0.019792 0.128704
1 0.273958 0.321296 0.025000 0.105556
1 0.561719 0.306944 0.021354 0.121296
1 0.617969 0.303241 0.019271 0.106481
1 0.204687 0.330093 0.034375 0.171296
1 0.186719 0.343519 0.028646 0.150000
1 0.431771 0.309722 0.019792 0.099074
1 0.422135 0.317593 0.027604 0.105556
1 0.333333 0.322685 0.022917 0.121296
1 0.072135 0.300000 0.017188 0.079630
1 0.094271 0.326389 0.023958 0.119444
7 0.453646 0.308796 0.018750 0.049074
1 0.103906 0.301389 0.017188 0.071296
1 0.399219 0.294444 0.010937 0.059259
1 0.385156 0.300000 0.009896 0.061111
1 0.353125 0.293519 0.011458 0.053704
1 0.372135 0.291667 0.013021 0.050000
