1 0.846354 0.657407 0.052083 0.220370
1 0.320573 0.614352 0.030729 0.236111
1 0.916146 0.519907 0.039583 0.195370
1 0.475781 0.981019 0.039062 0.234259
1 0.351042 0.816667 0.036458 0.231481
7 0.377865 0.242593 0.040104 0.103704
7 0.367969 0.325463 0.029687 0.112037
1 0.431510 0.208333 0.036979 0.157407
1 0.338281 0.124537 0.020313 0.126852
1 0.259635 0.237500 0.026562 0.154630
1 0.284896 0.245370 0.037500 0.174074
1 0.404948 0.143056 0.026562 0.149074
1 0.395573 0.108333 0.029687 0.151852
1 0.302083 0.016667 0.028125 0.122222
7 0.327344 0.029167 0.031771 0.071296
7 0.651563 0.081481 0.031250 0.109259
1 0.297135 0.187963 0.028646 0.153704
1 0.170052 0.053704 0.019271 0.138889
1 0.208333 0.175463 0.029167 0.160185
1 0.164062 0.194444 0.026042 0.155556
1 0.198437 0.157870 0.023958 0.158333
1 0.133594 0.204167 0.027604 0.150926
1 0.124219 0.181481 0.039062 0.168519
1 0.152083 0.162963 0.032292 0.157407
1 0.190625 0.146296 0.026042 0.150000
1 0.124740 0.163426 0.020313 0.154630
1 0.467187 -0.025463 0.026042 0.147222
1 0.236719 1.003704 0.051562 0.194444
1 0.504167 0.306481 0.034375 0.181481
1 0.459896 0.310185 0.035417 0.179630
1 0.604167 0.621759 0.043750 0.226852
1 0.883854 0.736574 0.047917 0.217593
1 0.874740 0.705093 0.054688 0.234259
1 0.740365 -0.017593 0.029687 0.133333
1 0.705729 -0.015278 0.022917 0.134259
1 0.988021 0.329630 0.034375 0.174074
1 0.911458 0.282407 0.029167 0.164815
1 0.799479 -0.019444 0.028125 0.148148
1 0.775260 -0.010185 0.024479 0.140741
1 0.785156 0.280093 0.038021 0.150926
1 0.696354 0.260185 0.031250 0.153704
1 0.457292 0.006019 0.028125 0.149074
1 0.433594 -0.007870 0.025521 0.141667
1 0.407552 0.011111 0.026562 0.135185
1 0.255469 0.193056 0.027604 0.149074
1 0.211719 0.587500 0.034896 0.213889
1 0.167187 0.601389 0.047917 0.199074
1 0.240625 0.143981 0.034375 0.158333
1 0.271875 0.140741 0.031250 0.151852
1 0.224219 0.100000 0.032813 0.159259
1 0.250781 0.095833 0.026562 0.145370
1 0.246875 0.038426 0.027083 0.132407
1 0.204948 0.400463 0.038021 0.189815
1 0.168750 0.402778 0.035417 0.190741
1 0.266406 0.391204 0.038021 0.178704
1 0.393490 0.002778 0.029687 0.122222
