1 0.846615 0.655093 0.052604 0.215741
1 0.364323 0.640741 0.040104 0.224074
1 0.916146 0.518981 0.039583 0.195370
1 0.502865 0.981019 0.041146 0.236111
1 0.351042 0.816667 0.036458 0.231481
7 0.377865 0.242593 0.040104 0.103704
7 0.367969 0.325463 0.029687 0.112037
1 0.431510 0.208333 0.036979 0.157407
1 0.337240 0.125463 0.020313 0.128704
1 0.195833 0.235185 0.027083 0.153704
1 0.184115 0.241204 0.025521 0.178704
1 0.405469 0.141667 0.028646 0.146296
1 0.399740 0.113426 0.027604 0.154630
1 0.302083 0.016204 0.028125 0.123148
7 0.327344 0.029167 0.031771 0.071296
7 0.651563 0.081481 0.031250 0.109259
1 0.298958 0.187037 0.027083 0.155556
1 0.174740 0.050000 0.023438 0.138889
1 0.201563 0.181481 0.028125 0.157407
1 0.164062 0.193981 0.026042 0.154630
1 0.198437 0.157870 0.023958 0.158333
1 0.133594 0.204167 0.028646 0.152778
1 0.124479 0.177778 0.027083 0.170370
1 0.153906 0.162037 0.029687 0.157407
1 0.189062 0.143519 0.026042 0.150000
1 0.119271 0.164815 0.020833 0.159259
1 0.467187 -0.025463 0.026042 0.147222
1 0.191667 0.852315 0.045833 0.245370
1 0.501563 0.412037 0.038542 0.198148
1 0.458854 0.419444 0.034375 0.192593
1 0.661198 0.805093 0.048438 0.250926
1 0.931771 0.743056 0.050000 0.228704
1 0.962500 0.696296 0.037500 0.229630
1 0.778906 0.026852 0.029687 0.135185
1 0.744010 0.028704 0.023438 0.137037
1 0.937240 0.224074 0.035937 0.162963
1 0.871875 0.181944 0.028125 0.152778
1 0.783073 0.207870 0.032813 0.150926
1 0.616146 0.158333 0.030208 0.151852
1 0.444792 -0.016667 0.026042 0.146296
1 0.417187 -0.017593 0.023958 0.142593
1 0.384375 0.009259 0.027083 0.135185
1 0.265625 0.119907 0.027083 0.141667
1 0.220312 0.479167 0.033333 0.197222
1 0.185417 0.482870 0.042708 0.182407
1 0.244010 0.148148 0.026562 0.162963
1 0.238802 0.070370 0.030729 0.140741
1 0.212240 0.039815 0.027604 0.131481
1 0.136458 0.048611 0.026042 0.126852
1 0.235677 0.316667 0.034896 0.177778
1 0.190365 0.309259 0.033854 0.172222
1 0.269010 0.294444 0.033854 0.164815
1 0.379948 -0.008796 0.023438 0.125000
