1 0.845313 0.654630 0.050000 0.214815
1 0.219792 0.614815 0.033333 0.227778
1 0.916146 0.518056 0.048958 0.191667
1 0.458594 0.982407 0.043229 0.235185
1 0.351042 0.816667 0.036458 0.231481
7 0.377865 0.242593 0.040104 0.103704
7 0.367969 0.325463 0.029687 0.112037
1 0.429948 0.211111 0.022396 0.161111
1 0.336979 0.125463 0.020833 0.128704
1 0.173698 0.275000 0.028646 0.162963
1 0.148698 0.271759 0.029687 0.182407
1 0.402865 0.145833 0.024479 0.139815
1 0.404167 0.123611 0.028125 0.158333
1 0.298958 0.019907 0.023958 0.121296
7 0.327344 0.029167 0.031771 0.071296
1 0.258594 0.085185 0.022396 0.127778
7 0.651563 0.081481 0.031250 0.109259
1 0.305469 0.183333 0.027604 0.162963
1 0.183073 0.049537 0.026562 0.139815
1 0.200000 0.182407 0.025000 0.159259
1 0.163021 0.193519 0.025000 0.155556
1 0.194271 0.165278 0.025000 0.162037
1 0.132031 0.197685 0.025521 0.150926
1 0.121875 0.179630 0.026042 0.170370
1 0.148698 0.166204 0.028646 0.162037
1 0.157552 0.141667 0.027604 0.151852
1 0.118229 0.174074 0.020833 0.159259
1 0.472135 -0.015278 0.025521 0.149074
1 0.172917 0.458333 0.038542 0.196296
1 0.255469 0.022222 0.030729 0.148148
1 0.703906 0.851852 0.042188 0.246296
1 0.656771 0.880093 0.045833 0.247222
1 0.852344 0.207407 0.034896 0.168519
1 0.781510 0.199537 0.026562 0.158333
1 0.741146 -0.017130 0.021875 0.117593
1 0.781771 -0.040741 0.022917 0.114815
1 0.786198 0.072222 0.029687 0.131481
1 0.808333 -0.036111 0.026042 0.124074
1 0.264844 0.219444 0.024479 0.162963
1 0.234115 0.221759 0.038021 0.150926
1 0.147135 0.046759 0.024479 0.130556
1 0.228906 0.099074 0.029687 0.148148
1 0.199479 0.096296 0.027083 0.140741
1 0.231250 0.084259 0.023958 0.140741
1 0.839323 -0.004630 0.020313 0.079630
1 0.541146 0.017130 0.034375 0.130556
