1 0.594271 0.314815 0.034375 0.151852
1 0.460938 0.309259 0.030208 0.140741
1 0.445573 0.320833 0.038021 0.184259
1 0.830729 0.534259 0.128125 0.716667
1 0.977344 0.546296 0.138021 0.748148
1 0.259375 0.327315 0.056250 0.213889
1 0.492448 0.308333 0.022396 0.124074
1 0.518229 0.276852 0.012500 0.046296
1 0.552865 0.305093 0.026562 0.130556
1 0.278125 0.306481 0.025000 0.105556
1 0.553125 0.311574 0.020833 0.121296
1 0.616927 0.297685 0.017188 0.110185
1 0.176563 0.322222 0.038542 0.188889
1 0.150521 0.330093 0.028125 0.167593
1 0.404427 0.303704 0.019271 0.107407
1 0.392188 0.305556 0.021875 0.107407
1 0.323437 0.310648 0.022917 0.121296
1 0.047917 0.282407 0.017708 0.087037
1 0.071354 0.307870 0.026042 0.123148
1 0.084115 0.288426 0.017188 0.071296
1 0.376563 0.283333 0.010417 0.064815
1 0.347917 0.286111 0.011458 0.053704
1 0.352344 0.286574 0.013021 0.052778
