1 0.617188 0.325926 0.034375 0.151852
1 0.464583 0.312963 0.029167 0.140741
1 0.422917 0.334722 0.042708 0.213889
1 0.901563 0.563889 0.113542 0.735185
1 0.225781 0.340278 0.054688 0.226852
1 0.496875 0.317593 0.027083 0.124074
1 0.532813 0.286574 0.011458 0.052778
1 0.570312 0.310648 0.028125 0.139815
1 0.295312 0.314815 0.025000 0.105556
1 0.574479 0.312037 0.021875 0.133333
1 0.644792 0.302315 0.019792 0.110185
1 0.109896 0.349537 0.054167 0.230556
1 0.087760 0.362963 0.043229 0.198148
1 0.368750 0.311111 0.022917 0.107407
1 0.358333 0.313426 0.022917 0.110185
1 0.320312 0.323611 0.022917 0.121296
1 0.027604 0.306944 0.017708 0.093519
1 0.061979 0.331019 0.028125 0.134259
7 0.457552 0.308796 0.020313 0.049074
7 0.474479 0.310185 0.017708 0.053704
1 0.401302 0.293519 0.010937 0.059259
1 0.385417 0.292593 0.010417 0.064815
