1 0.756771 0.547685 0.020833 0.099074
1 0.823958 0.537963 0.019792 0.075926
1 0.891927 0.623148 0.031771 0.142593
1 0.942969 0.622222 0.035937 0.138889
1 0.799219 0.519907 0.016146 0.075000
1 0.040885 0.655556 0.030729 0.168519
1 0.250781 0.556481 0.018229 0.090741
1 0.273958 0.562037 0.019792 0.090741
1 0.335938 0.531019 0.013542 0.071296
1 0.324219 0.534722 0.011979 0.067593
1 0.355990 0.519444 0.015104 0.061111
1 0.821615 0.488426 0.009896 0.037963
1 0.699740 0.492130 0.009896 0.045370
1 0.812760 0.485648 0.006771 0.032407
1 0.560937 0.472222 0.010417 0.027778
1 0.317969 0.522685 0.008854 0.069444
1 0.330729 0.518056 0.008333 0.062037
1 0.632031 0.475463 0.007812 0.034259
1 0.681771 0.484722 0.007292 0.041667
1 0.417187 0.490741 0.008333 0.042593
1 0.435937 0.499074 0.008333 0.042593
1 0.405208 0.494907 0.009375 0.041667
