1 0.459375 0.362037 0.090625 0.437037
1 0.549740 0.359259 0.080729 0.483333
1 0.187240 0.562963 0.334896 1.366667
1 0.347396 0.367593 0.084375 0.461111
1 0.395573 0.364815 0.063021 0.340741
1 0.640885 0.356944 0.052604 0.332407
1 0.741146 0.309722 0.018750 0.110185
1 0.718229 0.309722 0.013542 0.084259
1 0.698958 0.307407 0.017708 0.079630
1 0.857031 0.303241 0.017188 0.095370
1 0.954427 0.302778 0.019271 0.114815
1 0.951042 0.311574 0.017708 0.087963
1 0.979427 0.298148 0.019271 0.088889
1 0.766406 0.303241 0.013021 0.058333
