1 0.491146 0.449537 0.108333 0.608333
1 0.198698 0.429167 0.073438 0.343519
1 0.277865 0.412500 0.061979 0.339815
1 0.355729 0.379167 0.020833 0.123148
1 0.381250 0.368981 0.026042 0.125000
1 0.723958 0.369444 0.023958 0.125926
1 0.551302 0.418519 0.059896 0.390741
1 0.972396 0.375463 0.020833 0.104630
1 0.945573 0.374537 0.019271 0.097222
1 0.861979 0.356481 0.013542 0.075926
1 0.848958 0.363889 0.015625 0.075926
1 0.416406 0.368056 0.024479 0.110185
1 0.684635 0.374537 0.020313 0.102778
1 0.694010 0.378241 0.016146 0.089815
1 0.446875 0.372222 0.026042 0.111111
