1 0.846354 0.656019 0.052083 0.217593
1 0.345833 0.625463 0.046875 0.225000
1 0.916146 0.518981 0.039583 0.195370
1 0.493750 0.985648 0.041667 0.228704
1 0.351042 0.816667 0.036458 0.231481
7 0.377865 0.242593 0.040104 0.103704
7 0.367969 0.325463 0.029687 0.112037
1 0.431510 0.208333 0.036979 0.157407
1 0.337240 0.125463 0.020313 0.128704
1 0.196354 0.235185 0.028125 0.153704
1 0.216406 0.243981 0.030729 0.178704
1 0.405469 0.142130 0.027604 0.147222
1 0.395833 0.108333 0.030208 0.151852
1 0.302083 0.016204 0.028125 0.123148
7 0.327344 0.029167 0.031771 0.071296
7 0.651563 0.081481 0.031250 0.109259
1 0.297396 0.187963 0.028125 0.153704
1 0.174740 0.050926 0.023438 0.138889
1 0.209375 0.179167 0.029167 0.158333
1 0.164062 0.194444 0.026042 0.155556
1 0.198958 0.157870 0.023958 0.158333
1 0.133594 0.202778 0.027604 0.155556
1 0.119792 0.182407 0.027083 0.170370
1 0.152083 0.161574 0.032292 0.156481
1 0.190885 0.145370 0.025521 0.150000
1 0.119271 0.163889 0.020833 0.159259
1 0.467187 -0.025463 0.026042 0.147222
1 0.196094 0.906944 0.048438 0.245370
1 0.497396 0.374537 0.035417 0.193519
1 0.454427 0.379167 0.034896 0.186111
1 0.640885 0.736574 0.046354 0.243519
1 0.929948 0.741667 0.047396 0.227778
1 0.961719 0.700000 0.038021 0.224074
1 0.765885 0.012963 0.029687 0.133333
1 0.729948 0.012963 0.023438 0.137037
1 0.954427 0.256019 0.035937 0.167593
1 0.885677 0.215741 0.027604 0.155556
1 0.781510 0.231944 0.032813 0.147222
1 0.635677 0.193056 0.028646 0.154630
1 0.453906 -0.004167 0.025521 0.149074
1 0.414844 -0.008333 0.023438 0.142593
1 0.401302 0.011111 0.026562 0.135185
1 0.276042 0.144444 0.025000 0.140741
1 0.218490 0.513889 0.034896 0.207407
1 0.178125 0.517593 0.042708 0.187037
1 0.245573 0.142593 0.028646 0.161111
1 0.246875 0.087963 0.032292 0.142593
1 0.212240 0.057870 0.028646 0.141667
1 0.235677 0.058796 0.025521 0.139815
1 0.226562 0.343056 0.035417 0.180556
1 0.180469 0.341204 0.031771 0.178704
1 0.276823 0.325000 0.033854 0.168519
1 0.383073 -0.005556 0.020313 0.124074
