1 0.846354 0.656481 0.052083 0.218519
1 0.332292 0.620370 0.050000 0.220370
1 0.916146 0.519907 0.039583 0.195370
1 0.489583 0.988889 0.041667 0.222222
1 0.351042 0.816667 0.036458 0.231481
7 0.377865 0.242593 0.040104 0.103704
7 0.367969 0.325463 0.029687 0.112037
1 0.431510 0.208333 0.036979 0.157407
1 0.337240 0.125463 0.020313 0.128704
1 0.211719 0.234722 0.025521 0.152778
1 0.240625 0.243056 0.029167 0.178704
1 0.404948 0.142593 0.026562 0.148148
1 0.396354 0.109722 0.028125 0.152778
1 0.302083 0.015741 0.028125 0.124074
7 0.327344 0.029167 0.031771 0.071296
7 0.651563 0.081481 0.031250 0.109259
1 0.296094 0.188426 0.030729 0.154630
1 0.172917 0.051389 0.019792 0.137963
1 0.211458 0.178241 0.029167 0.160185
1 0.164062 0.194907 0.026042 0.154630
1 0.199219 0.159259 0.023438 0.161111
1 0.134115 0.206481 0.026562 0.148148
1 0.117188 0.181944 0.023958 0.169444
1 0.151823 0.161574 0.031771 0.156481
1 0.190625 0.146296 0.026042 0.150000
1 0.119792 0.162963 0.020833 0.159259
1 0.467187 -0.025463 0.026042 0.147222
1 0.205729 0.949537 0.051042 0.252778
1 0.499740 0.350463 0.034896 0.191667
1 0.455469 0.359259 0.032813 0.183333
1 0.626823 0.699537 0.047396 0.243519
1 0.930990 0.743519 0.047396 0.227778
1 0.943229 0.698148 0.041667 0.227778
1 0.760156 0.003704 0.029687 0.133333
1 0.720313 -0.000926 0.022917 0.137037
1 0.964844 0.276852 0.030729 0.174074
1 0.894010 0.236574 0.028646 0.162037
1 0.777344 -0.030556 0.025521 0.118519
1 0.782552 0.247685 0.032813 0.147222
1 0.652344 0.217593 0.030729 0.155556
1 0.457813 -0.000463 0.027083 0.147222
1 0.417708 -0.008333 0.023958 0.142593
1 0.407552 0.011111 0.026562 0.135185
1 0.277865 0.157407 0.027604 0.140741
1 0.214844 0.541667 0.031771 0.211111
1 0.176563 0.543056 0.046875 0.187963
1 0.242969 0.142593 0.031771 0.159259
1 0.255990 0.107407 0.030729 0.151852
1 0.213802 0.069907 0.029687 0.141667
1 0.238021 0.068056 0.025000 0.139815
1 0.222656 0.356481 0.039062 0.179630
1 0.174740 0.360185 0.032813 0.181481
1 0.276302 0.346759 0.033854 0.169444
1 0.390104 -0.002778 0.028125 0.124074
