1 0.143490 0.649074 0.019271 0.125926
1 0.636458 0.514352 0.012500 0.052778
1 0.127083 0.650926 0.020833 0.118519
1 0.132031 0.661111 0.017188 0.118519
1 0.121875 0.668056 0.015625 0.113889
1 0.033854 0.662963 0.026042 0.118519
1 0.689844 0.506019 0.009896 0.050926
1 0.677344 0.509722 0.011979 0.054630
1 0.664062 0.505093 0.013542 0.052778
1 0.746875 0.628704 0.029167 0.127778
1 0.812240 0.608796 0.028646 0.132407
1 0.727083 0.606019 0.037500 0.136111
1 0.753646 0.538426 0.013542 0.075000
1 0.916927 0.551852 0.019271 0.094444
1 0.757031 0.604167 0.034896 0.145370
1 0.023698 0.663889 0.028646 0.129630
1 0.726302 0.545370 0.016146 0.079630
1 0.746094 0.534259 0.013021 0.066667
1 0.764583 0.557870 0.015625 0.080556
1 0.798438 0.600000 0.017708 0.129630
1 0.789844 0.560648 0.013021 0.091667
1 0.690104 0.538426 0.021875 0.065741
1 0.714583 0.536574 0.013542 0.058333
1 0.706250 0.538889 0.012500 0.059259
