1 0.772917 0.649537 0.047917 0.228704
1 0.255990 0.227315 0.038021 0.189815
1 0.129427 0.650926 0.045312 0.233333
1 0.915625 0.519907 0.040625 0.193519
1 0.511979 0.974074 0.047917 0.246296
1 0.350260 0.818981 0.042188 0.230556
7 0.377865 0.242593 0.040104 0.103704
7 0.367969 0.325463 0.029687 0.112037
1 0.429427 0.218519 0.030729 0.161111
1 0.779427 0.100000 0.026562 0.135185
1 0.587240 0.159722 0.025521 0.147222
1 0.550000 0.175463 0.031250 0.167593
1 0.280729 0.181944 0.026042 0.162037
1 0.505729 0.153704 0.032292 0.161111
1 0.069531 0.410648 0.025521 0.173148
1 0.051823 0.393056 0.042188 0.187963
1 0.445833 0.445370 0.046875 0.194444
1 0.480208 0.452778 0.038542 0.179630
1 0.452865 0.174537 0.021354 0.143519
1 0.402865 0.172685 0.022396 0.156481
1 0.380469 0.072685 0.026562 0.149074
1 0.297135 0.022685 0.021354 0.123148
7 0.327344 0.029167 0.031771 0.071296
1 0.136979 0.475000 0.030208 0.181481
7 0.651563 0.082407 0.031250 0.109259
1 0.304948 0.485185 0.033854 0.194444
1 0.259635 0.475463 0.033854 0.202778
1 0.275521 -0.037500 0.026042 0.123148
1 0.248177 -0.033333 0.023438 0.131481
1 0.294010 0.136574 0.023438 0.154630
1 0.179167 0.123611 0.027083 0.149074
1 0.197917 0.182407 0.026042 0.161111
1 0.411458 0.404167 0.035417 0.175000
1 0.163542 0.197222 0.027083 0.157407
1 0.189062 0.165741 0.022917 0.162963
1 0.129688 0.195370 0.026042 0.148148
1 0.141146 0.175926 0.023958 0.170370
1 0.159896 0.164815 0.028125 0.144444
1 0.152083 0.142593 0.028125 0.153704
1 0.117188 0.174074 0.020833 0.159259
1 0.463021 -0.015741 0.018750 0.135185
1 0.221875 0.092593 0.029167 0.150000
1 0.225781 0.524537 0.043229 0.213889
1 0.983073 0.632870 0.034896 0.210185
1 0.875000 0.097685 0.028125 0.139815
1 0.803906 -0.005556 0.025521 0.120370
1 0.168490 0.868519 0.047396 0.255556
1 0.181250 0.799074 0.051042 0.242593
1 0.226562 -0.029630 0.021875 0.124074
1 0.204167 -0.030556 0.022917 0.122222
1 0.717448 -0.034259 0.028646 0.129630
7 0.645833 0.076852 0.032292 0.088889
1 0.650781 0.076852 0.035937 0.085185
