1 0.666146 0.537500 0.057292 0.295370
1 0.589844 0.494444 0.035937 0.157407
1 0.141146 0.538426 0.065625 0.267593
1 0.478125 0.463426 0.023958 0.108333
1 0.046354 0.512500 0.045833 0.187963
1 0.165365 0.506019 0.033854 0.173148
1 0.090104 0.514352 0.035417 0.167593
1 0.347396 0.464352 0.022917 0.112037
1 0.454688 0.469444 0.018750 0.100000
1 0.434635 0.456019 0.018229 0.082407
1 0.161719 0.481481 0.026562 0.125926
1 0.469271 0.463889 0.015625 0.094444
1 0.277344 0.457407 0.011979 0.066667
1 0.267448 0.459259 0.010937 0.053704
1 0.284115 0.465278 0.011979 0.069444
1 0.258854 0.456944 0.011458 0.058333
1 0.243490 0.455093 0.010937 0.060185
1 0.230208 0.462500 0.010417 0.050926
1 0.393750 0.454167 0.013542 0.063889
7 0.695052 0.472685 0.021354 0.099074
