1 0.820312 0.675463 0.037500 0.228704
1 0.251302 0.116667 0.035937 0.170370
1 0.446354 0.660185 0.048958 0.233333
1 0.909115 0.519444 0.053646 0.192593
1 0.556250 0.974074 0.046875 0.244444
1 0.351042 0.816667 0.036458 0.231481
7 0.377865 0.242593 0.040104 0.103704
7 0.367969 0.325463 0.029687 0.112037
1 0.430469 0.215741 0.024479 0.159259
1 0.537240 0.070370 0.026562 0.144444
1 0.502083 0.061574 0.030208 0.149074
1 0.284896 0.124537 0.021875 0.149074
1 0.472396 -0.015278 0.027083 0.139815
1 0.076042 0.408333 0.028125 0.175926
1 0.061458 0.386111 0.028125 0.188889
1 0.499479 0.687963 0.060417 0.225926
1 0.534896 0.698611 0.044792 0.206481
1 0.405990 0.153241 0.026562 0.126852
1 0.384635 0.161111 0.025521 0.155556
1 0.398438 -0.007870 0.025000 0.134259
1 0.297135 0.022222 0.021354 0.122222
7 0.327344 0.029167 0.031771 0.071296
1 0.158594 0.275000 0.027604 0.161111
7 0.651563 0.082407 0.031250 0.109259
1 0.191667 0.773611 0.037500 0.226852
1 0.146875 0.755093 0.048958 0.243519
1 0.284375 0.153704 0.030208 0.155556
1 0.185417 0.127778 0.029167 0.150000
1 0.200521 0.182407 0.027083 0.162963
1 0.797917 0.613889 0.035417 0.190741
1 0.163542 0.194444 0.027083 0.157407
1 0.198958 0.164815 0.028125 0.159259
1 0.129427 0.200000 0.032813 0.146296
1 0.135937 0.180556 0.031250 0.159259
1 0.149479 0.160648 0.030208 0.160185
1 0.150781 0.142130 0.028646 0.150926
1 0.117708 0.174074 0.020833 0.159259
1 0.469010 0.046296 0.027604 0.150000
1 0.237500 0.211574 0.030208 0.163889
1 0.254167 0.265278 0.035417 0.176852
1 0.958854 0.439815 0.046875 0.194444
1 0.873437 0.411574 0.033333 0.184259
1 0.799219 0.034722 0.029687 0.136111
1 0.914583 0.234259 0.034375 0.151852
1 0.910937 0.131481 0.025000 0.153704
1 0.884635 0.125926 0.030729 0.159259
1 0.933073 0.204630 0.039062 0.161111
1 0.227083 0.071296 0.022917 0.146296
1 0.200260 0.068981 0.028646 0.125000
1 0.720573 -0.035648 0.027604 0.123148
7 0.647135 0.073148 0.033854 0.087037
1 0.651823 0.076389 0.033854 0.084259
