1 0.073438 0.700463 0.022917 0.152778
1 0.669271 0.523611 0.010417 0.049074
1 0.054427 0.702315 0.019271 0.143519
1 0.054167 0.718519 0.017708 0.142593
1 0.041406 0.726852 0.021354 0.146296
1 0.721354 0.513426 0.010417 0.050926
1 0.814844 0.550463 0.017188 0.089815
1 0.791667 0.549074 0.016667 0.081481
1 0.711458 0.512500 0.011458 0.052778
1 0.701042 0.511574 0.015625 0.056481
1 0.775781 0.707407 0.040104 0.181481
1 0.844271 0.679630 0.045833 0.177778
1 0.721615 0.653241 0.031771 0.175000
1 0.805729 0.555556 0.017708 0.087037
1 0.737240 0.658333 0.035937 0.188889
1 0.748177 0.556481 0.018229 0.075926
1 0.768490 0.553704 0.018229 0.074074
1 0.852083 0.585648 0.022917 0.095370
1 0.840104 0.664815 0.042708 0.170370
1 0.875000 0.594444 0.020833 0.112963
1 0.866406 0.581944 0.019271 0.117593
1 0.722135 0.560185 0.023438 0.088889
