1 0.831250 0.664815 0.034375 0.224074
1 0.253385 0.087500 0.039062 0.165741
1 0.448437 0.681944 0.037500 0.237963
1 0.915885 0.518981 0.041146 0.191667
1 0.561719 0.979167 0.043229 0.237963
1 0.351042 0.816667 0.036458 0.231481
7 0.377865 0.242593 0.040104 0.103704
7 0.367969 0.325463 0.029687 0.112037
1 0.425260 0.212963 0.029687 0.157407
1 0.532292 0.042130 0.027083 0.137963
1 0.499219 0.034259 0.028646 0.148148
1 0.307031 0.132870 0.020313 0.143519
1 0.470833 -0.044444 0.027083 0.109259
1 0.098698 0.388889 0.032813 0.174074
1 0.070312 0.367130 0.029167 0.193519
1 0.521094 0.768981 0.061979 0.237963
1 0.555208 0.775000 0.039583 0.216667
1 0.406250 0.151852 0.025000 0.124074
1 0.396875 0.162500 0.033333 0.154630
1 0.297135 0.022222 0.021354 0.122222
7 0.327344 0.029167 0.031771 0.071296
1 0.189062 0.233796 0.025000 0.154630
7 0.651563 0.082407 0.031250 0.109259
1 0.166667 0.862037 0.039583 0.240741
1 0.127083 0.839815 0.045833 0.251852
1 0.282813 0.168056 0.029167 0.158333
1 0.172396 0.124074 0.021875 0.151852
1 0.200521 0.182870 0.027083 0.162037
1 0.910937 0.680093 0.042708 0.199074
1 0.163542 0.194444 0.027083 0.157407
1 0.202083 0.163426 0.023958 0.163889
1 0.128906 0.200000 0.031771 0.146296
1 0.133073 0.182407 0.028646 0.161111
1 0.161979 0.161574 0.029167 0.163889
1 0.148177 0.141667 0.026562 0.150000
1 0.117708 0.174074 0.020833 0.159259
1 0.473177 0.038889 0.024479 0.150000
1 0.222656 0.255556 0.031771 0.168519
1 0.257292 0.210185 0.036458 0.170370
1 0.915365 0.396759 0.045312 0.193519
1 0.853385 0.368056 0.032813 0.178704
1 0.792448 0.057870 0.029687 0.136111
1 0.927865 0.268519 0.029687 0.159259
1 0.885938 0.096759 0.027083 0.152778
1 0.854427 0.092593 0.028646 0.161111
1 0.980729 0.278704 0.036458 0.175926
1 0.219531 0.098148 0.023438 0.146296
1 0.195573 0.104630 0.029687 0.135185
1 0.260156 -0.027778 0.022396 0.129630
1 0.232292 -0.034722 0.025000 0.128704
1 0.703125 -0.041204 0.026042 0.115741
7 0.647396 0.071759 0.033333 0.086111
