1 0.761458 0.552778 0.020833 0.103704
1 0.830469 0.540741 0.020313 0.075926
1 0.902604 0.632407 0.032292 0.148148
1 0.958333 0.628704 0.039583 0.148148
1 0.804427 0.525000 0.016146 0.075926
1 0.022396 0.674074 0.034375 0.185185
1 0.247135 0.561574 0.018229 0.093519
1 0.271354 0.569444 0.019792 0.090741
1 0.333854 0.536574 0.013542 0.071296
1 0.321094 0.539352 0.011979 0.067593
1 0.355469 0.521759 0.016146 0.060185
1 0.822656 0.497222 0.009896 0.040741
1 0.701562 0.496296 0.010417 0.046296
1 0.813542 0.493056 0.007292 0.039815
1 0.560417 0.475000 0.008333 0.029630
1 0.315885 0.527315 0.008854 0.069444
1 0.327604 0.523611 0.008333 0.062037
1 0.633594 0.479167 0.007812 0.034259
1 0.683854 0.488426 0.007292 0.041667
1 0.416667 0.496296 0.008333 0.042593
1 0.435937 0.504167 0.008333 0.043519
1 0.404687 0.497685 0.009375 0.041667
1 0.832552 0.493981 0.011979 0.039815
