1 0.810677 0.673611 0.044271 0.226852
1 0.253646 0.199537 0.037500 0.186111
1 0.204427 0.653704 0.057813 0.229630
1 0.915625 0.519907 0.040625 0.193519
1 0.503385 0.969444 0.038021 0.255556
1 0.351042 0.816667 0.036458 0.231481
7 0.377865 0.242593 0.040104 0.103704
7 0.367969 0.325463 0.029687 0.112037
1 0.429427 0.218519 0.030729 0.161111
1 0.771875 0.063889 0.028125 0.129630
1 0.559115 0.143981 0.026562 0.147222
1 0.531771 0.153241 0.031250 0.167593
1 0.279167 0.169907 0.019792 0.154630
1 0.499740 0.116667 0.031771 0.159259
1 0.069531 0.410648 0.025521 0.173148
1 0.052865 0.392130 0.040104 0.186111
1 0.451302 0.500000 0.039062 0.198148
1 0.483594 0.500463 0.035937 0.186111
1 0.425521 0.163426 0.022917 0.141667
1 0.391146 0.168981 0.025000 0.154630
1 0.381250 0.075463 0.026042 0.141667
1 0.297135 0.022685 0.021354 0.123148
7 0.327344 0.029167 0.031771 0.071296
1 0.138021 0.427778 0.029167 0.177778
7 0.651563 0.082407 0.031250 0.109259
1 0.285677 0.541667 0.033854 0.200000
1 0.241927 0.531481 0.039062 0.216667
1 0.294010 0.136111 0.023438 0.153704
1 0.177604 0.122685 0.027083 0.149074
1 0.201823 0.181481 0.029687 0.164815
1 0.489583 0.438889 0.033333 0.170370
1 0.160417 0.200926 0.027083 0.157407
1 0.194531 0.165278 0.027604 0.160185
1 0.123958 0.200463 0.028125 0.152778
1 0.129948 0.181481 0.023438 0.172222
1 0.154688 0.162963 0.029167 0.142593
1 0.151562 0.142593 0.028125 0.153704
1 0.117188 0.174074 0.020833 0.159259
1 0.457813 0.006944 0.020833 0.139815
1 0.232552 0.120370 0.027604 0.155556
1 0.229687 0.457870 0.042708 0.200926
1 0.973177 0.579167 0.034896 0.197222
1 0.867969 -0.026852 0.027604 0.122222
1 0.907552 0.123611 0.029687 0.141667
1 0.836719 0.037037 0.033854 0.135185
1 0.212500 0.963426 0.052083 0.250926
1 0.228646 0.887963 0.043750 0.248148
1 0.228125 -0.004630 0.021875 0.124074
1 0.204167 -0.005556 0.022917 0.124074
1 0.718750 -0.033796 0.028125 0.130556
7 0.645833 0.076852 0.032292 0.087037
1 0.651042 0.076852 0.035417 0.085185
