1 0.603646 0.378704 0.032292 0.138889
1 0.432292 0.380556 0.031250 0.153704
1 0.178646 0.478241 0.132292 0.493519
1 0.490625 0.380556 0.029167 0.142593
1 0.583854 0.353704 0.017708 0.077778
1 0.668490 0.400463 0.039062 0.262037
1 0.336198 0.369907 0.020313 0.097222
1 0.654948 0.400000 0.038021 0.229630
1 0.521354 0.352315 0.014583 0.060185
1 0.545573 0.348611 0.010937 0.037963
1 0.528385 0.344444 0.010937 0.042593
7 0.472135 0.375926 0.023438 0.070370
1 0.333594 0.353704 0.015104 0.066667
1 0.364583 0.355093 0.012500 0.060185
1 0.373437 0.356019 0.011458 0.058333
