1 0.845573 0.654630 0.050521 0.214815
1 0.268490 0.637963 0.052604 0.231481
1 0.915104 0.517593 0.044792 0.190741
1 0.466146 0.989815 0.045833 0.220370
1 0.351042 0.816667 0.036458 0.231481
7 0.377865 0.242593 0.040104 0.103704
7 0.367969 0.325463 0.029687 0.112037
1 0.421094 0.205556 0.031771 0.159259
1 0.336979 0.125463 0.020833 0.128704
1 0.187500 0.259722 0.028125 0.158333
1 0.151042 0.258333 0.031250 0.179630
1 0.403385 0.146296 0.024479 0.138889
1 0.404427 0.119907 0.027604 0.158333
1 0.299479 0.018981 0.025000 0.121296
7 0.327344 0.029167 0.031771 0.071296
1 0.253646 0.058333 0.021875 0.129630
7 0.651563 0.081481 0.031250 0.109259
1 0.300521 0.187963 0.031250 0.161111
1 0.174740 0.049074 0.023438 0.138889
1 0.200000 0.180556 0.025000 0.159259
1 0.163281 0.192593 0.025521 0.155556
1 0.194792 0.168056 0.025000 0.163889
1 0.135677 0.200463 0.025521 0.150926
1 0.121615 0.179630 0.025521 0.170370
1 0.147917 0.165278 0.029167 0.162037
1 0.166146 0.151852 0.027083 0.151852
1 0.118229 0.174074 0.020833 0.159259
1 0.467187 -0.025463 0.026042 0.147222
1 0.176042 0.519444 0.036458 0.205556
1 0.240104 -0.030093 0.030208 0.137963
1 0.633073 0.752778 0.044271 0.240741
1 0.597135 0.772685 0.040104 0.234259
1 0.845052 0.166204 0.030729 0.162037
1 0.775521 0.163426 0.028125 0.152778
1 0.797656 0.018981 0.025521 0.125000
1 0.791927 -0.023611 0.022396 0.115741
1 0.792969 0.079167 0.029687 0.132407
1 0.285156 -0.036111 0.019271 0.122222
1 0.254427 0.259722 0.027604 0.173148
1 0.226302 0.261574 0.033854 0.156481
1 0.146615 0.046759 0.024479 0.130556
1 0.246875 0.132870 0.029167 0.154630
1 0.220052 0.133333 0.026562 0.155556
1 0.248698 0.112963 0.025521 0.142593
1 0.470833 0.001852 0.032292 0.133333
