1 0.632031 0.379630 0.029687 0.122222
1 0.428125 0.389815 0.032292 0.166667
1 0.469010 0.393056 0.033854 0.149074
1 0.735156 0.385185 0.044271 0.175926
1 0.575000 0.353241 0.016667 0.063889
1 0.011979 0.383796 0.025000 0.108333
1 0.038281 0.377778 0.021354 0.111111
1 0.614323 0.356481 0.015104 0.057407
1 0.593229 0.354630 0.012500 0.064815
7 0.519010 0.395370 0.030729 0.101852
7 0.543229 0.403704 0.032292 0.098148
1 0.346615 0.356944 0.013021 0.052778
1 0.357812 0.356944 0.011458 0.047222
1 0.370312 0.350000 0.011458 0.046296
1 0.405469 0.358333 0.015104 0.053704
1 0.383854 0.349537 0.010417 0.037963
1 0.391667 0.350000 0.011458 0.038889
