1 0.623177 0.336111 0.033854 0.146296
1 0.464844 0.325000 0.028646 0.140741
1 0.406510 0.348611 0.049479 0.226852
1 0.945573 0.560185 0.127604 0.716667
1 0.213021 0.353241 0.058333 0.239815
1 0.499740 0.325463 0.027604 0.125000
1 0.531510 0.295370 0.011979 0.053704
1 0.573177 0.326389 0.032813 0.147222
1 0.295573 0.318981 0.022396 0.102778
1 0.648177 0.316204 0.018229 0.110185
1 0.075000 0.355093 0.061458 0.249074
1 0.045312 0.371759 0.052083 0.213889
1 0.352865 0.320833 0.020313 0.104630
1 0.338281 0.320833 0.023438 0.110185
1 0.315625 0.336574 0.022917 0.121296
1 0.010937 0.305093 0.017708 0.093519
1 0.046354 0.329167 0.028125 0.134259
7 0.457813 0.310185 0.020833 0.050000
7 0.471615 0.324074 0.018229 0.055556
1 0.379167 0.299537 0.012500 0.065741
1 0.359635 0.308796 0.013021 0.056481
