1 0.735677 0.637500 0.053646 0.223148
1 0.227604 0.439352 0.043750 0.215741
1 0.074740 0.623611 0.043229 0.230556
1 0.916406 0.519907 0.039062 0.193519
1 0.645573 1.003241 0.040104 0.189815
1 0.354167 0.820833 0.052083 0.232407
7 0.377865 0.242593 0.040104 0.103704
7 0.367969 0.325463 0.029687 0.112037
1 0.429688 0.218519 0.031250 0.161111
1 0.982031 0.335185 0.038021 0.177778
1 0.788281 0.132407 0.027604 0.135185
1 0.827604 0.287963 0.027083 0.161111
1 0.790104 0.292593 0.031250 0.179630
1 0.484635 0.265278 0.035937 0.160185
1 0.543750 0.236111 0.039583 0.164815
1 0.104688 0.426389 0.034375 0.176852
1 0.107031 0.403241 0.033854 0.193519
1 0.463021 0.224537 0.030208 0.167593
1 0.484375 0.230093 0.026042 0.152778
1 0.552083 -0.018519 0.023958 0.112963
1 0.532031 -0.016204 0.022396 0.110185
1 0.730469 0.280093 0.022396 0.154630
1 0.707031 0.243981 0.027604 0.154630
1 0.380469 0.070833 0.027604 0.150926
1 0.295573 0.022222 0.018229 0.120370
7 0.327344 0.029167 0.031771 0.071296
1 0.018229 0.840741 0.035417 0.222222
7 0.650781 0.081481 0.034896 0.107407
1 0.269792 0.238426 0.028125 0.163889
1 0.278906 0.249537 0.048438 0.178704
1 0.244531 0.115278 0.027604 0.149074
1 0.221354 0.125926 0.026042 0.150000
1 0.292448 0.136574 0.022396 0.154630
1 0.267448 0.112963 0.027604 0.148148
1 0.199219 0.179167 0.027604 0.163889
1 0.229687 0.158796 0.027083 0.141667
1 0.160938 0.192593 0.027083 0.157407
1 0.191146 0.162500 0.022917 0.158333
1 0.123698 0.194444 0.025521 0.151852
1 0.144792 0.169444 0.023958 0.170370
1 0.148958 0.156944 0.030208 0.156481
1 0.152083 0.142593 0.028125 0.153704
1 0.118229 0.174074 0.020833 0.159259
1 0.486719 -0.045833 0.020313 0.106481
1 0.223177 1.000000 0.050521 0.201852
7 0.648177 0.062500 0.033854 0.108333
