1 0.050781 0.713889 0.024479 0.161111
1 0.671354 0.535648 0.010417 0.049074
1 0.030990 0.718519 0.019271 0.151852
1 0.029167 0.736111 0.017708 0.150000
1 0.014583 0.745833 0.023958 0.152778
1 0.723177 0.523611 0.010937 0.054630
1 0.821875 0.563889 0.018750 0.092593
1 0.798958 0.560185 0.020833 0.083333
1 0.788281 0.565741 0.016146 0.083333
1 0.713542 0.520833 0.011458 0.049074
1 0.703125 0.521296 0.015625 0.055556
1 0.775521 0.736574 0.039583 0.195370
1 0.846094 0.711574 0.043229 0.189815
1 0.712500 0.669444 0.028125 0.181481
1 0.812240 0.569907 0.017188 0.093519
1 0.735677 0.680556 0.053646 0.194444
1 0.748698 0.574074 0.019271 0.081481
1 0.767708 0.570833 0.019792 0.082407
1 0.869010 0.616667 0.022396 0.125926
1 0.847396 0.691667 0.038542 0.181481
1 0.896875 0.607407 0.027083 0.105556
1 0.878646 0.599074 0.020833 0.122222
1 0.726042 0.573611 0.025000 0.093519
