1 0.508854 0.473611 0.115625 0.619444
1 0.230208 0.460185 0.075000 0.370370
1 0.313542 0.456481 0.069792 0.374074
1 0.398438 0.397685 0.020833 0.125000
1 0.422135 0.391204 0.025521 0.132407
1 0.768750 0.380556 0.023958 0.125926
1 0.586719 0.446296 0.071354 0.394444
1 0.916406 0.375000 0.016146 0.088889
1 0.903125 0.377315 0.016667 0.082407
1 0.447396 0.389352 0.015625 0.104630
1 0.456771 0.393056 0.022917 0.110185
1 0.714063 0.387037 0.020833 0.103704
1 0.725000 0.390278 0.016667 0.091667
1 0.724740 0.684722 0.014063 0.047222
