1 0.846615 0.655093 0.052604 0.215741
1 0.363802 0.640741 0.039062 0.224074
1 0.916146 0.518981 0.039583 0.195370
1 0.502604 0.981019 0.041667 0.236111
1 0.351042 0.816667 0.036458 0.231481
7 0.377865 0.242593 0.040104 0.103704
7 0.367969 0.325463 0.029687 0.112037
1 0.431510 0.208333 0.036979 0.157407
1 0.337240 0.125463 0.020313 0.128704
1 0.195833 0.235185 0.027083 0.153704
1 0.185156 0.241204 0.027604 0.178704
1 0.405469 0.141667 0.028646 0.146296
1 0.399479 0.113426 0.027083 0.154630
1 0.302083 0.016204 0.028125 0.123148
7 0.327344 0.029167 0.031771 0.071296
7 0.651563 0.081481 0.031250 0.109259
1 0.299219 0.187037 0.026562 0.155556
1 0.174740 0.050000 0.023438 0.138889
1 0.201823 0.181481 0.028646 0.157407
1 0.164062 0.193981 0.026042 0.154630
1 0.198437 0.157870 0.023958 0.158333
1 0.133594 0.204167 0.028646 0.152778
1 0.124479 0.177778 0.027083 0.170370
1 0.153906 0.162037 0.029687 0.157407
1 0.189583 0.143519 0.026042 0.150000
1 0.119271 0.164815 0.020833 0.159259
1 0.467187 -0.025463 0.026042 0.147222
1 0.192708 0.856019 0.045833 0.245370
1 0.501563 0.410185 0.038542 0.198148
1 0.458594 0.414815 0.033854 0.190741
1 0.659635 0.799074 0.048438 0.250000
1 0.931771 0.743056 0.050000 0.228704
1 0.962500 0.696759 0.037500 0.228704
1 0.777344 0.026852 0.030729 0.135185
1 0.742969 0.027778 0.023438 0.137037
1 0.938021 0.226389 0.035417 0.163889
1 0.872135 0.185185 0.028646 0.153704
1 0.783073 0.209722 0.032813 0.150926
1 0.616667 0.161574 0.031250 0.152778
1 0.444792 -0.016667 0.026042 0.146296
1 0.417187 -0.017593 0.023958 0.142593
1 0.385937 0.009259 0.027083 0.135185
1 0.265625 0.121759 0.027083 0.141667
1 0.220312 0.481019 0.033333 0.197222
1 0.184896 0.484722 0.042708 0.182407
1 0.245052 0.148148 0.026562 0.162963
1 0.238802 0.070833 0.030729 0.141667
1 0.212240 0.041667 0.027604 0.133333
1 0.133854 0.050463 0.025000 0.126852
1 0.235156 0.317593 0.034896 0.177778
1 0.189844 0.311111 0.033854 0.172222
1 0.270052 0.296296 0.033854 0.164815
1 0.379948 -0.008796 0.023438 0.125000
