1 0.722656 0.523611 0.017188 0.087963
1 0.779167 0.515741 0.019792 0.070370
1 0.805729 0.576389 0.027083 0.100926
1 0.852865 0.571296 0.029687 0.109259
1 0.761198 0.509259 0.017188 0.072222
1 0.009896 0.716667 0.033333 0.207407
1 0.076302 0.703241 0.025521 0.089815
1 0.113542 0.603704 0.023958 0.142593
1 0.154167 0.610185 0.023958 0.137037
1 0.271354 0.551389 0.017708 0.086111
1 0.290885 0.551389 0.016146 0.087963
1 0.346615 0.521296 0.014063 0.064815
1 0.337500 0.523148 0.011458 0.053704
1 0.358594 0.509259 0.011979 0.053704
1 0.562500 0.470833 0.008333 0.026852
1 0.329948 0.513889 0.010937 0.064815
1 0.619531 0.469907 0.006771 0.032407
1 0.664844 0.472222 0.008854 0.033333
1 0.416667 0.492130 0.008333 0.041667
1 0.435417 0.494444 0.008333 0.038889
1 0.408073 0.491667 0.007812 0.042593
1 0.761719 0.479167 0.007812 0.039815
