0 0.821354 0.668981 0.041667 0.226852
0 0.251823 0.107870 0.036979 0.169444
0 0.441146 0.667130 0.045833 0.234259
0 0.905469 0.518981 0.061979 0.191667
0 0.551042 0.980556 0.046875 0.138889
0 0.351042 0.816667 0.036458 0.231481
2 0.377865 0.242593 0.040104 0.103704
2 0.367969 0.325463 0.029687 0.112037
0 0.430469 0.212963 0.026562 0.161111
0 0.290104 0.125000 0.019792 0.146296
0 0.082552 0.401389 0.029687 0.176852
0 0.061458 0.382870 0.026042 0.193519
0 0.506771 0.713889 0.060417 0.231481
0 0.538021 0.712963 0.037500 0.201852
0 0.405990 0.154630 0.025521 0.124074
0 0.385937 0.162037 0.029167 0.155556
0 0.166927 0.262037 0.025521 0.155556
2 0.651563 0.082407 0.031250 0.109259
0 0.182031 0.805556 0.039062 0.237037
0 0.137760 0.777315 0.047396 0.245370
0 0.279948 0.159259 0.032813 0.153704
0 0.183073 0.127315 0.028646 0.152778
0 0.200521 0.182870 0.027083 0.162037
0 0.831250 0.633333 0.053125 0.190741
0 0.163542 0.194444 0.027083 0.157407
0 0.201042 0.164352 0.028125 0.160185
0 0.129427 0.200000 0.032813 0.146296
0 0.135156 0.181481 0.029687 0.159259
0 0.152865 0.160648 0.029687 0.162037
0 0.151302 0.141667 0.026562 0.150000
0 0.117708 0.174074 0.020833 0.159259
0 0.230729 0.222685 0.030208 0.165741
0 0.253646 0.245833 0.036458 0.175000
0 0.949219 0.429630 0.041146 0.200000
0 0.867708 0.400000 0.032292 0.183333
0 0.916667 0.243519 0.034375 0.157407
0 0.898698 0.123611 0.025521 0.154630
0 0.871875 0.120370 0.030208 0.162963
0 0.951823 0.230093 0.038021 0.165741
0 0.225781 0.078704 0.023438 0.146296
0 0.198177 0.080093 0.027604 0.126852
2 0.647135 0.072685 0.033854 0.086111
0 0.652083 0.076389 0.034375 0.084259
