1 0.733854 0.637037 0.053125 0.224074
1 0.238542 0.315741 0.039583 0.203704
1 0.073698 0.621296 0.044271 0.229630
1 0.916146 0.519907 0.039583 0.193519
1 0.540104 0.970370 0.035417 0.259259
1 0.353646 0.820833 0.052083 0.232407
7 0.377865 0.242593 0.040104 0.103704
7 0.367969 0.325463 0.029687 0.112037
1 0.429688 0.218519 0.031250 0.161111
1 0.789844 0.131481 0.027604 0.137037
1 0.668750 0.224537 0.025000 0.149074
1 0.647656 0.231019 0.030729 0.165741
1 0.301302 0.217593 0.033854 0.157407
1 0.468750 0.256481 0.039583 0.168519
1 0.069010 0.410648 0.024479 0.173148
1 0.079948 0.393056 0.030729 0.187963
1 0.405990 0.339352 0.034896 0.180556
1 0.432292 0.349074 0.033333 0.168519
1 0.590104 0.213426 0.021875 0.147222
1 0.509375 0.192593 0.033333 0.157407
1 0.380469 0.071296 0.027604 0.150000
1 0.296875 0.020370 0.021875 0.124074
7 0.327344 0.029167 0.031771 0.071296
1 0.136458 0.634259 0.034375 0.198148
7 0.651563 0.082407 0.031250 0.109259
1 0.330469 0.354630 0.029687 0.174074
1 0.290625 0.363889 0.031250 0.192593
1 0.250521 0.029167 0.026042 0.137963
1 0.220052 0.024537 0.023438 0.147222
1 0.293229 0.136574 0.025000 0.154630
1 0.234115 0.112963 0.029687 0.148148
1 0.199219 0.179167 0.027604 0.162037
1 0.280990 0.287037 0.028646 0.155556
1 0.164062 0.195370 0.027083 0.157407
1 0.188802 0.164815 0.023438 0.162963
1 0.124479 0.193519 0.028125 0.151852
1 0.146354 0.172685 0.028125 0.169444
1 0.151042 0.153704 0.029167 0.155556
1 0.153125 0.142593 0.028125 0.153704
1 0.117188 0.174074 0.020833 0.159259
1 0.490885 -0.042593 0.020313 0.111111
1 0.192969 0.024537 0.024479 0.145370
1 0.235677 0.725926 0.046354 0.235185
1 0.805729 0.027315 0.025000 0.126852
1 0.019531 0.675926 0.056771 0.220370
7 0.645833 0.076852 0.032292 0.092593
