1 0.898177 0.643981 0.041146 0.176852
1 0.894792 0.547685 0.019792 0.093519
1 0.110937 0.593519 0.027083 0.125926
1 0.138542 0.597685 0.026042 0.125000
1 0.220573 0.581481 0.021354 0.101852
1 0.201823 0.581944 0.018229 0.099074
1 0.261458 0.558796 0.018750 0.095370
1 0.250000 0.573611 0.020833 0.112037
1 0.807552 0.509259 0.013021 0.046296
1 0.716667 0.518981 0.014583 0.060185
1 0.791927 0.509722 0.011979 0.049074
1 0.494010 0.481019 0.006771 0.026852
1 0.209115 0.542130 0.013021 0.084259
1 0.356510 0.501389 0.008854 0.037963
1 0.204427 0.569444 0.021354 0.109259
1 0.615885 0.485185 0.006771 0.037037
1 0.371094 0.505556 0.009896 0.053704
1 0.384375 0.511111 0.010417 0.053704
1 0.344010 0.506019 0.009896 0.056481
1 0.795833 0.506019 0.012500 0.054630
1 0.802083 0.502315 0.010417 0.049074
1 0.640365 0.494907 0.011979 0.043519
1 0.647135 0.496296 0.009896 0.044444
1 0.690104 0.501389 0.011458 0.047222
1 0.729948 0.506944 0.009896 0.050926
1 0.719010 0.507870 0.011979 0.050926
1 0.184375 0.576852 0.015625 0.085185
1 0.832552 0.507407 0.013021 0.059259
1 0.810677 0.506944 0.009896 0.049074
