0 0.632812 0.357407 0.031250 0.138889
0 0.463542 0.350000 0.030208 0.144444
0 0.165885 0.443519 0.123438 0.494444
0 1.036979 0.675463 0.167708 0.752778
0 0.220573 0.388426 0.073438 0.315741
0 0.502083 0.352778 0.029167 0.135185
0 0.553906 0.326852 0.015104 0.059259
0 0.604167 0.357870 0.030208 0.169444
0 0.327344 0.337500 0.021354 0.100926
0 0.607812 0.358796 0.027083 0.160185
0 0.730990 0.357407 0.018229 0.112963
0 0.511719 0.327778 0.014063 0.057407
0 0.305729 0.356019 0.021875 0.136111
0 0.526563 0.323148 0.009375 0.038889
2 0.468490 0.341667 0.027604 0.061111
2 0.487760 0.349537 0.019271 0.056481
0 0.393490 0.327778 0.015104 0.066667
0 0.373177 0.325463 0.015104 0.075000
0 0.359375 0.323611 0.012500 0.060185
0 0.376042 0.316204 0.011458 0.058333
