1 0.773958 0.564352 0.022917 0.110185
1 0.850781 0.545370 0.017188 0.079630
1 0.936719 0.645833 0.034896 0.156481
1 0.993750 0.654630 0.038542 0.162963
1 0.817187 0.529630 0.015625 0.075926
1 0.238542 0.571759 0.018750 0.099074
1 0.263542 0.575926 0.018750 0.100000
1 0.329167 0.543981 0.013542 0.071296
1 0.315625 0.544907 0.012500 0.069444
1 0.350000 0.531944 0.014583 0.065741
1 0.310937 0.546759 0.013542 0.058333
1 0.824219 0.500926 0.009896 0.042593
1 0.706510 0.500000 0.011979 0.044444
1 0.814583 0.493519 0.009375 0.038889
1 0.558854 0.483333 0.007292 0.025926
1 0.309896 0.534259 0.009375 0.072222
1 0.322917 0.529630 0.009375 0.061111
1 0.635156 0.483796 0.007812 0.034259
1 0.415885 0.502315 0.008854 0.043519
1 0.435677 0.510648 0.008854 0.045370
1 0.403125 0.504630 0.010417 0.046296
1 0.834375 0.497222 0.010417 0.044444
1 0.773958 0.493981 0.012500 0.047222
