0 0.440104 0.548148 0.115625 0.620370
0 0.115365 0.671296 0.208854 1.107407
0 0.356250 0.467130 0.031250 0.145370
0 0.394010 0.451852 0.038021 0.166667
0 0.792188 0.427778 0.023958 0.125926
0 0.578646 0.509259 0.091667 0.425926
0 0.934115 0.430556 0.018229 0.088889
0 0.921875 0.434722 0.017708 0.087963
0 0.245833 0.501389 0.048958 0.295370
0 0.502604 0.469907 0.050000 0.300926
0 0.513802 0.466204 0.045312 0.212037
0 0.658073 0.442130 0.022396 0.108333
0 0.671354 0.445370 0.017708 0.101852
0 0.716146 0.743056 0.013542 0.047222
0 0.372135 0.451852 0.019271 0.100000
