1 0.644271 0.353704 0.032292 0.144444
1 0.463021 0.347222 0.030208 0.146296
1 0.198177 0.403704 0.092188 0.355556
1 0.509375 0.353704 0.029167 0.137037
1 0.574219 0.328241 0.013021 0.065741
1 0.635677 0.366204 0.026562 0.187963
1 0.338542 0.332407 0.020833 0.094444
1 0.630729 0.362037 0.026042 0.168519
1 0.153125 0.348148 0.031250 0.142593
1 0.525781 0.326389 0.014063 0.058333
1 0.299740 0.357407 0.022396 0.146296
1 0.542188 0.319444 0.009375 0.038889
1 0.531250 0.318981 0.008333 0.043519
7 0.481771 0.341204 0.023958 0.063889
7 0.500781 0.347222 0.021354 0.062963
1 0.389323 0.323148 0.015104 0.066667
1 0.369010 0.317130 0.015104 0.075000
1 0.372917 0.325463 0.012500 0.060185
1 0.384896 0.321759 0.011458 0.058333
