0 0.846615 0.655093 0.052604 0.215741
0 0.365365 0.641204 0.040104 0.225000
0 0.916146 0.518981 0.039583 0.195370
0 0.502344 0.981019 0.041146 0.137037
0 0.351042 0.816667 0.036458 0.231481
2 0.377865 0.242593 0.040104 0.103704
2 0.367969 0.325463 0.029687 0.112037
0 0.431510 0.208333 0.036979 0.157407
0 0.337240 0.125463 0.020313 0.128704
0 0.195833 0.235185 0.027083 0.153704
0 0.182031 0.240741 0.025521 0.177778
0 0.405729 0.141667 0.029167 0.146296
0 0.400000 0.113889 0.027083 0.153704
2 0.651563 0.081481 0.031250 0.109259
0 0.300000 0.187500 0.028125 0.156481
0 0.201042 0.181944 0.028125 0.158333
0 0.164062 0.193981 0.026042 0.154630
0 0.198437 0.157870 0.023958 0.158333
0 0.134375 0.204630 0.029167 0.153704
0 0.125521 0.178241 0.028125 0.169444
0 0.154167 0.162500 0.029167 0.158333
0 0.188542 0.143519 0.026042 0.150000
0 0.119271 0.164815 0.020833 0.159259
0 0.191146 0.845370 0.046875 0.244444
0 0.501563 0.415741 0.038542 0.198148
0 0.459635 0.428704 0.035937 0.194444
0 0.664583 0.814352 0.047917 0.250926
0 0.931510 0.743519 0.049479 0.229630
0 0.962500 0.696296 0.036458 0.229630
0 0.935156 0.218519 0.034896 0.162963
0 0.870313 0.176852 0.027083 0.151852
0 0.782813 0.205093 0.033333 0.150926
0 0.615104 0.152315 0.029167 0.150926
0 0.264583 0.115741 0.027083 0.142593
0 0.220573 0.474074 0.033854 0.196296
0 0.186719 0.478241 0.042188 0.182407
0 0.242188 0.148611 0.027083 0.162037
0 0.236719 0.313426 0.034896 0.178704
0 0.191667 0.306481 0.033333 0.172222
0 0.266667 0.290741 0.032292 0.164815
