1 0.815104 0.583333 0.027083 0.127778
1 0.889062 0.551389 0.021875 0.086111
1 0.860938 0.536574 0.017708 0.084259
1 0.219531 0.570833 0.020313 0.104630
1 0.242448 0.574537 0.021354 0.106481
1 0.318229 0.547685 0.016667 0.080556
1 0.303385 0.550926 0.015104 0.079630
1 0.341667 0.536111 0.015625 0.083333
1 0.325260 0.538426 0.014063 0.078704
1 0.831771 0.506481 0.011458 0.042593
1 0.721094 0.505093 0.009896 0.054630
1 0.823698 0.505093 0.011979 0.049074
1 0.552344 0.477315 0.006771 0.026852
1 0.294271 0.531481 0.008333 0.083333
1 0.305208 0.531019 0.013542 0.078704
1 0.643229 0.483333 0.008333 0.037037
1 0.876563 0.500000 0.014583 0.051852
1 0.416406 0.500463 0.008854 0.047222
1 0.435156 0.505556 0.009896 0.050000
1 0.399740 0.498611 0.010937 0.045370
1 0.728906 0.496759 0.009896 0.041667
1 0.779427 0.496296 0.009896 0.048148
