1 0.846094 0.654630 0.051562 0.214815
1 0.360938 0.649537 0.041667 0.232407
1 0.916146 0.516667 0.038542 0.196296
1 0.470573 0.985185 0.040104 0.227778
1 0.351042 0.816667 0.036458 0.231481
7 0.377865 0.242593 0.040104 0.103704
7 0.367969 0.325463 0.029687 0.112037
1 0.430729 0.208796 0.038542 0.160185
1 0.336979 0.125463 0.020833 0.128704
1 0.193750 0.238426 0.023958 0.156481
1 0.170833 0.239352 0.033333 0.176852
1 0.405990 0.138426 0.028646 0.147222
1 0.398698 0.116204 0.029687 0.156481
1 0.300781 0.018056 0.026562 0.121296
7 0.327344 0.029167 0.031771 0.071296
1 0.250260 0.000463 0.022396 0.117593
7 0.651563 0.081481 0.031250 0.109259
1 0.305729 0.188426 0.030208 0.158333
1 0.174740 0.049074 0.023438 0.138889
1 0.200000 0.178704 0.025000 0.159259
1 0.163021 0.192593 0.026042 0.155556
1 0.189323 0.165741 0.024479 0.161111
1 0.137760 0.200000 0.024479 0.153704
1 0.125260 0.181481 0.025521 0.166667
1 0.151823 0.166204 0.027604 0.162037
1 0.175521 0.150000 0.026042 0.150000
1 0.118750 0.171296 0.020833 0.159259
1 0.467187 -0.025463 0.026042 0.147222
1 0.160938 0.649537 0.041667 0.221296
1 0.556250 0.594444 0.040625 0.216667
1 0.510417 0.615278 0.036458 0.219444
1 0.809375 0.101852 0.027083 0.150000
1 0.752344 0.103704 0.026562 0.142593
1 0.870833 0.086574 0.030208 0.145370
1 0.822656 0.061111 0.024479 0.133333
1 0.781250 0.120370 0.030208 0.138889
1 0.570573 0.017593 0.027604 0.144444
1 0.391146 0.001389 0.021875 0.125000
1 0.272917 0.025000 0.025000 0.124074
1 0.240625 0.338426 0.027083 0.182407
1 0.205990 0.339352 0.043229 0.163889
1 0.174219 0.132870 0.023438 0.160185
1 0.238281 -0.022222 0.022396 0.125926
1 0.145833 0.047685 0.027083 0.128704
1 0.263281 0.203704 0.030729 0.164815
1 0.233073 0.198148 0.027604 0.159259
1 0.262500 0.180556 0.028125 0.157407
1 0.410938 -0.003241 0.022917 0.128704
