1 0.613281 0.367593 0.031771 0.133333
1 0.445312 0.367130 0.030208 0.163889
1 0.123177 0.514352 0.160938 0.554630
1 0.489583 0.364815 0.029167 0.144444
1 0.705469 0.398611 0.043229 0.299074
1 0.366146 0.358333 0.019792 0.100000
1 0.693490 0.394907 0.043229 0.265741
1 0.538021 0.340278 0.014583 0.060185
1 0.195833 0.414352 0.032292 0.243519
1 0.561458 0.337500 0.009375 0.045370
1 0.546875 0.335648 0.011458 0.050926
7 0.492969 0.370370 0.023438 0.070370
7 0.509896 0.373148 0.022917 0.072222
1 0.330469 0.346759 0.017188 0.065741
1 0.382292 0.341204 0.012500 0.060185
1 0.394271 0.340278 0.011458 0.058333
