0 0.845313 0.654630 0.050000 0.214815
0 0.215365 0.611111 0.047396 0.233333
0 0.916406 0.518519 0.050521 0.192593
0 0.451302 0.977778 0.043229 0.144444
0 0.351042 0.816667 0.036458 0.231481
2 0.377865 0.242593 0.040104 0.103704
2 0.367969 0.325463 0.029687 0.112037
0 0.431771 0.211574 0.026042 0.160185
0 0.337500 0.125926 0.020833 0.129630
0 0.171354 0.281019 0.029167 0.165741
0 0.144531 0.276389 0.029687 0.182407
0 0.402865 0.145370 0.024479 0.140741
0 0.404167 0.125000 0.028125 0.157407
0 0.263021 0.099074 0.022917 0.133333
2 0.651563 0.081481 0.031250 0.109259
0 0.306250 0.183333 0.026042 0.162963
0 0.200000 0.182407 0.025000 0.159259
0 0.163021 0.194444 0.025000 0.155556
0 0.195052 0.168519 0.025521 0.157407
0 0.130208 0.199537 0.027083 0.149074
0 0.121875 0.180556 0.026042 0.168519
0 0.149479 0.168056 0.029167 0.162037
0 0.157031 0.141667 0.027604 0.151852
0 0.118229 0.174074 0.020833 0.159259
0 0.178125 0.443056 0.033333 0.193519
0 0.720052 0.888426 0.052604 0.234259
0 0.675000 0.898611 0.045833 0.216667
0 0.857031 0.218519 0.034896 0.166667
0 0.787760 0.208796 0.027604 0.158333
0 0.786458 0.072222 0.030208 0.131481
0 0.265885 0.204167 0.023438 0.163889
0 0.235417 0.209259 0.030208 0.148148
0 0.226302 0.093519 0.027604 0.148148
0 0.195312 0.085648 0.026042 0.141667
0 0.228906 0.073148 0.023438 0.140741
