1 0.653385 0.522222 0.013021 0.062963
1 0.702344 0.521296 0.010937 0.059259
1 0.816406 0.569907 0.021354 0.106481
1 0.793750 0.568981 0.021875 0.093519
1 0.770573 0.572685 0.013021 0.095370
1 0.783073 0.571759 0.023438 0.097222
1 0.691927 0.525463 0.009896 0.062037
1 0.755729 0.835185 0.050000 0.274074
1 0.779167 0.779167 0.046875 0.241667
1 0.652865 0.705093 0.036979 0.212037
1 0.809635 0.576389 0.017188 0.093519
1 0.670052 0.721296 0.041146 0.227778
1 0.717708 0.579630 0.020833 0.100000
1 0.748177 0.575926 0.025521 0.096296
1 0.920833 0.638426 0.034375 0.149074
1 0.798438 0.755093 0.056250 0.228704
1 0.945052 0.630556 0.031771 0.146296
1 0.920312 0.619444 0.030208 0.148148
1 0.707552 0.569444 0.025521 0.098148
