0 0.843490 0.651389 0.045312 0.219444
0 0.389323 0.645370 0.039062 0.227778
0 0.915104 0.519907 0.042708 0.193519
0 0.544010 0.977315 0.040104 0.144444
0 0.351042 0.816667 0.036458 0.231481
2 0.377865 0.242593 0.040104 0.103704
2 0.367969 0.325463 0.029687 0.112037
0 0.432552 0.212500 0.031771 0.158333
0 0.333073 0.127315 0.021354 0.132407
0 0.127865 0.344907 0.031771 0.173148
0 0.095312 0.331481 0.030208 0.190741
0 0.576823 0.889815 0.067187 0.232407
0 0.613542 0.887963 0.050000 0.226852
0 0.403906 0.145370 0.021354 0.140741
0 0.441146 0.136111 0.027083 0.151852
0 0.250781 0.180556 0.025521 0.146296
2 0.651563 0.082407 0.031250 0.109259
0 0.150521 0.984259 0.042708 0.128704
0 0.178906 0.937500 0.052604 0.189815
0 0.303125 0.184259 0.025000 0.159259
0 0.171875 0.093519 0.029167 0.148148
0 0.200521 0.183333 0.027083 0.161111
0 0.163281 0.193056 0.025521 0.156481
0 0.196094 0.162500 0.024479 0.163889
0 0.125521 0.200926 0.025000 0.148148
0 0.121094 0.179167 0.026562 0.167593
0 0.163021 0.166204 0.028125 0.154630
0 0.157031 0.144907 0.026562 0.147222
0 0.213542 0.321296 0.034375 0.177778
0 0.259896 0.147685 0.030208 0.165741
0 0.878646 0.320833 0.040625 0.184259
0 0.828385 0.306019 0.030729 0.171296
0 0.786458 0.070370 0.030208 0.131481
0 0.977083 0.325000 0.033333 0.164815
0 0.232292 0.132870 0.022917 0.154630
0 0.207813 0.140741 0.027083 0.138889
2 0.647135 0.070833 0.032813 0.084259
