1 0.771875 0.566667 0.022917 0.109259
1 0.845833 0.547685 0.017708 0.078704
1 0.930729 0.657407 0.034375 0.153704
1 0.988802 0.655093 0.039062 0.169444
1 0.814323 0.540741 0.016146 0.075926
1 0.239583 0.579630 0.018750 0.098148
1 0.265885 0.587963 0.019271 0.096296
1 0.329688 0.549537 0.013542 0.071296
1 0.316406 0.552778 0.011979 0.068519
1 0.351562 0.542593 0.016667 0.064815
1 0.823698 0.511111 0.009896 0.042593
1 0.706250 0.511574 0.011458 0.047222
1 0.816667 0.507870 0.007292 0.039815
1 0.559375 0.487500 0.007292 0.026852
1 0.310937 0.544444 0.009375 0.072222
1 0.322917 0.536574 0.008333 0.062037
1 0.635677 0.494907 0.007812 0.034259
1 0.416406 0.508333 0.008854 0.042593
1 0.435417 0.515278 0.008333 0.045370
1 0.402865 0.509259 0.009896 0.042593
1 0.834115 0.508333 0.009896 0.044444
1 0.773698 0.505093 0.013021 0.047222
