1 0.640885 0.355556 0.030729 0.133333
1 0.464062 0.343519 0.030208 0.146296
1 0.114323 0.452778 0.115104 0.538889
1 1.045833 0.675000 0.172917 0.755556
1 0.214062 0.390741 0.065625 0.316667
1 0.505208 0.351852 0.029167 0.137037
1 0.560937 0.319907 0.015625 0.060185
1 0.614062 0.358333 0.033333 0.174074
1 0.330469 0.337500 0.021354 0.100926
1 0.516927 0.318981 0.014063 0.058333
1 0.305208 0.347685 0.021875 0.136111
1 0.532292 0.320370 0.009375 0.038889
7 0.472656 0.339815 0.027604 0.061111
7 0.489844 0.343981 0.020313 0.056481
1 0.391927 0.321296 0.015104 0.066667
1 0.373177 0.322685 0.015104 0.075000
1 0.364063 0.315278 0.012500 0.060185
1 0.379688 0.313426 0.011458 0.058333
