1 0.735677 0.637500 0.053646 0.223148
1 0.225781 0.445833 0.044271 0.215741
1 0.074740 0.623611 0.043229 0.230556
1 0.916406 0.519907 0.039062 0.193519
1 0.641146 1.004167 0.039583 0.191667
1 0.354687 0.820833 0.052083 0.232407
7 0.377865 0.242593 0.040104 0.103704
7 0.367969 0.325463 0.029687 0.112037
1 0.429688 0.218519 0.031250 0.161111
1 0.977865 0.322222 0.038021 0.177778
1 0.788281 0.132407 0.027604 0.135185
1 0.834115 0.296759 0.028646 0.167593
1 0.794792 0.294444 0.031250 0.177778
1 0.501302 0.265741 0.050521 0.162963
1 0.546094 0.232407 0.040104 0.168519
1 0.109375 0.430556 0.034375 0.177778
1 0.113542 0.409259 0.033333 0.196296
1 0.465104 0.221759 0.030208 0.167593
1 0.486979 0.225926 0.026042 0.151852
1 0.552083 -0.011111 0.023958 0.112963
1 0.532031 -0.008796 0.022396 0.110185
1 0.736198 0.283333 0.024479 0.155556
1 0.714844 0.250000 0.028646 0.155556
1 0.380469 0.070833 0.027604 0.150926
1 0.388542 -0.035648 0.020833 0.100926
1 0.295573 0.021296 0.018229 0.120370
7 0.327344 0.029167 0.031771 0.071296
1 0.015885 0.853704 0.036979 0.220370
7 0.649219 0.082870 0.039062 0.108333
1 0.270573 0.231019 0.027604 0.163889
1 0.275781 0.242593 0.047396 0.175926
1 0.246354 0.121296 0.027083 0.151852
1 0.225781 0.133796 0.026562 0.152778
1 0.292448 0.136574 0.022396 0.154630
1 0.267708 0.112963 0.027083 0.148148
1 0.199219 0.179167 0.027604 0.163889
1 0.218490 0.152778 0.026562 0.142593
1 0.161198 0.192593 0.027604 0.157407
1 0.189844 0.162037 0.025521 0.161111
1 0.123958 0.194444 0.025000 0.151852
1 0.144271 0.169444 0.023958 0.168519
1 0.146354 0.156944 0.030208 0.156481
1 0.152083 0.142593 0.028125 0.153704
1 0.118750 0.174074 0.020833 0.159259
1 0.486719 -0.045833 0.020313 0.106481
1 0.224219 1.008796 0.048438 0.184259
7 0.648177 0.057870 0.033854 0.115741
