1 0.846094 0.654630 0.051562 0.214815
1 0.359115 0.648611 0.040104 0.232407
1 0.916146 0.517130 0.039583 0.195370
1 0.473177 0.984259 0.043229 0.227778
1 0.351042 0.816667 0.036458 0.231481
7 0.377865 0.242593 0.040104 0.103704
7 0.367969 0.325463 0.029687 0.112037
1 0.433333 0.208796 0.040625 0.160185
1 0.336979 0.125463 0.020833 0.128704
1 0.194531 0.236574 0.024479 0.156481
1 0.172656 0.239352 0.035937 0.176852
1 0.405729 0.139352 0.028125 0.147222
1 0.398698 0.116204 0.029687 0.156481
1 0.301042 0.018056 0.027083 0.121296
7 0.327344 0.029167 0.031771 0.071296
1 0.259115 -0.006944 0.022396 0.115741
7 0.651563 0.081481 0.031250 0.109259
1 0.305729 0.188426 0.030208 0.158333
1 0.174740 0.049074 0.023438 0.138889
1 0.200000 0.178704 0.025000 0.159259
1 0.163021 0.192593 0.026042 0.155556
1 0.190885 0.162963 0.024479 0.161111
1 0.137500 0.199074 0.026042 0.155556
1 0.125521 0.180556 0.025000 0.168519
1 0.151562 0.165741 0.026042 0.161111
1 0.175000 0.150000 0.026042 0.150000
1 0.118750 0.171296 0.020833 0.159259
1 0.467187 -0.025463 0.026042 0.147222
1 0.159375 0.662963 0.041667 0.220370
1 0.548177 0.584722 0.036979 0.219444
1 0.503646 0.602778 0.036458 0.220370
1 0.988281 0.767593 0.044271 0.225926
1 0.802865 0.093056 0.033854 0.149074
1 0.750260 0.100926 0.026562 0.144444
1 0.876563 0.097685 0.028125 0.145370
1 0.825781 0.068519 0.024479 0.133333
1 0.780469 0.125926 0.030729 0.138889
1 0.571875 0.029630 0.030208 0.144444
1 0.431771 -0.043056 0.020833 0.112037
1 0.391927 0.003241 0.022396 0.125000
1 0.270052 0.035648 0.025521 0.123148
1 0.240625 0.345370 0.027083 0.183333
1 0.203646 0.350463 0.036458 0.169444
1 0.186458 0.131944 0.023958 0.160185
1 0.235156 -0.013889 0.022396 0.125926
1 0.145833 0.047685 0.027083 0.128704
1 0.261719 0.210185 0.030729 0.162963
1 0.231510 0.205556 0.029687 0.157407
1 0.261458 0.187037 0.030208 0.155556
1 0.411198 -0.003241 0.023438 0.128704
