1 0.985417 0.566204 0.036458 0.145370
1 0.737760 0.572685 0.025521 0.130556
1 0.070052 0.583333 0.016146 0.083333
1 0.669531 0.583796 0.030729 0.130556
1 0.562760 0.540741 0.015104 0.079630
1 0.442969 0.501389 0.009896 0.045370
1 0.611198 0.521759 0.013021 0.076852
1 0.062240 0.583333 0.014063 0.083333
1 0.061979 0.594444 0.014583 0.081481
1 0.000000 0.591667 0.011458 0.083333
1 0.523958 0.517130 0.011458 0.062037
1 0.564844 0.543519 0.016146 0.077778
1 0.202083 0.511111 0.008333 0.033333
1 0.578906 0.537037 0.020313 0.087037
1 0.593490 0.534722 0.018229 0.087963
1 0.536979 0.519444 0.013542 0.064815
1 0.555990 0.517130 0.011979 0.065741
1 0.471094 0.518519 0.014063 0.055556
