0 0.848958 0.650000 0.035417 0.216667
0 0.409896 0.664352 0.042708 0.226852
0 0.916927 0.518981 0.039062 0.195370
0 0.552083 0.982407 0.043750 0.135185
0 0.351042 0.816667 0.036458 0.231481
2 0.377865 0.242593 0.040104 0.103704
2 0.367969 0.325463 0.029687 0.112037
0 0.426563 0.215278 0.033333 0.158333
0 0.330990 0.127315 0.021354 0.134259
0 0.119271 0.358333 0.033333 0.174074
0 0.086719 0.341204 0.027604 0.187963
0 0.559115 0.849537 0.057813 0.241667
0 0.594010 0.850926 0.049479 0.218519
0 0.404687 0.144907 0.022917 0.139815
0 0.433854 0.145370 0.029167 0.153704
0 0.236458 0.200926 0.025000 0.146296
2 0.651563 0.082407 0.031250 0.109259
0 0.148698 0.950000 0.042188 0.170370
0 0.156771 0.906019 0.048958 0.222222
0 0.295312 0.186111 0.030208 0.155556
0 0.172396 0.106019 0.027083 0.149074
0 0.200521 0.183333 0.027083 0.161111
0 0.163542 0.193519 0.026042 0.157407
0 0.196615 0.167593 0.024479 0.162963
0 0.127865 0.200000 0.028646 0.146296
0 0.125781 0.183333 0.027604 0.159259
0 0.162760 0.165278 0.028646 0.156481
0 0.156250 0.146759 0.026042 0.145370
0 0.117708 0.174074 0.020833 0.159259
0 0.212240 0.300000 0.032813 0.177778
0 0.258073 0.165741 0.033854 0.168519
0 0.887240 0.343519 0.039062 0.183333
0 0.830208 0.321296 0.028125 0.172222
0 0.789062 0.070370 0.030208 0.131481
0 0.963542 0.305093 0.035417 0.162037
0 0.229427 0.125000 0.023438 0.155556
0 0.204167 0.131944 0.026042 0.139815
2 0.647135 0.071296 0.032813 0.085185
