0 0.845052 0.654630 0.049479 0.214815
0 0.221615 0.605093 0.055729 0.228704
0 0.916927 0.518519 0.051562 0.192593
0 0.458594 0.975926 0.039062 0.143519
0 0.351042 0.816667 0.036458 0.231481
2 0.377865 0.242593 0.040104 0.103704
2 0.367969 0.325463 0.029687 0.112037
0 0.433333 0.213889 0.032292 0.157407
0 0.338021 0.125926 0.020833 0.129630
0 0.164323 0.288426 0.029687 0.165741
0 0.137500 0.285185 0.031250 0.181481
0 0.402865 0.145370 0.024479 0.140741
0 0.403906 0.124537 0.027604 0.158333
0 0.263021 0.104167 0.022917 0.134259
2 0.651563 0.082407 0.031250 0.109259
0 0.305729 0.183333 0.025000 0.162963
0 0.200000 0.183333 0.025000 0.159259
0 0.163021 0.193519 0.025000 0.155556
0 0.194531 0.168981 0.026562 0.156481
0 0.129688 0.199074 0.028125 0.148148
0 0.122135 0.181019 0.026562 0.167593
0 0.150000 0.168056 0.029167 0.162037
0 0.156771 0.141667 0.027083 0.151852
0 0.118229 0.174074 0.020833 0.159259
0 0.181510 0.425926 0.035937 0.196296
0 0.742708 0.909259 0.051042 0.207407
0 0.695573 0.929630 0.044271 0.184259
0 0.863281 0.229167 0.038021 0.171296
0 0.789844 0.228704 0.027604 0.159259
0 0.786458 0.071296 0.030208 0.131481
0 0.263542 0.198611 0.022917 0.163889
0 0.234635 0.202315 0.035937 0.150926
0 0.224479 0.082407 0.028125 0.148148
0 0.196615 0.078241 0.025521 0.141667
0 0.229687 0.070833 0.022917 0.141667
