1 0.846875 0.650926 0.035417 0.216667
1 0.250000 0.062500 0.033333 0.163889
1 0.425521 0.670370 0.048958 0.242593
1 0.914323 0.519444 0.043229 0.196296
1 0.556510 0.982407 0.043229 0.235185
1 0.351042 0.816667 0.036458 0.231481
7 0.377865 0.242593 0.040104 0.103704
7 0.367969 0.325463 0.029687 0.112037
1 0.425000 0.214815 0.034375 0.157407
1 0.528125 0.025000 0.027083 0.135185
1 0.497396 0.018056 0.028125 0.145370
1 0.324740 0.127315 0.019271 0.134259
1 0.111458 0.370370 0.033333 0.177778
1 0.082812 0.350926 0.027083 0.194444
1 0.548698 0.825463 0.063021 0.236111
1 0.580990 0.834259 0.045312 0.225926
1 0.404167 0.147222 0.023958 0.138889
1 0.424479 0.151389 0.030208 0.154630
1 0.297135 0.022222 0.021354 0.122222
7 0.327344 0.029167 0.031771 0.071296
1 0.223177 0.212500 0.025521 0.149074
7 0.651563 0.082407 0.031250 0.109259
1 0.151823 0.921759 0.042188 0.239815
1 0.134635 0.885648 0.047396 0.258333
1 0.290365 0.181944 0.030729 0.160185
1 0.166927 0.112963 0.024479 0.150000
1 0.200521 0.183333 0.027083 0.161111
1 0.976562 0.740278 0.042708 0.206481
1 0.163542 0.193519 0.026042 0.157407
1 0.197917 0.167130 0.023958 0.158333
1 0.128646 0.200000 0.031250 0.146296
1 0.126823 0.183333 0.027604 0.159259
1 0.163021 0.163889 0.029167 0.159259
1 0.151562 0.146759 0.026042 0.145370
1 0.117708 0.174074 0.020833 0.159259
1 0.469792 0.028241 0.026042 0.149074
1 0.215625 0.285648 0.031250 0.176852
1 0.252083 0.178704 0.034375 0.168519
1 0.889062 0.360648 0.044792 0.186111
1 0.834115 0.337500 0.028646 0.171296
1 0.791406 0.067130 0.028646 0.132407
1 0.947656 0.297685 0.035937 0.162037
1 0.877344 0.072222 0.026562 0.148148
1 0.844271 0.066204 0.028125 0.158333
1 1.008854 0.326389 0.037500 0.178704
1 0.225000 0.119907 0.023958 0.156481
1 0.201823 0.123611 0.025521 0.139815
1 0.201302 -0.022222 0.023438 0.120370
1 0.216927 -0.007870 0.026562 0.141667
1 0.263802 -0.022222 0.023438 0.133333
7 0.647396 0.071296 0.033333 0.085185
