1 0.511198 0.425926 0.097396 0.581481
1 0.028385 0.513889 0.219271 1.098148
1 0.216146 0.398148 0.060417 0.318519
1 0.294271 0.400463 0.053125 0.315741
1 0.365365 0.368056 0.021354 0.117593
1 0.389844 0.357870 0.026562 0.121296
1 0.722917 0.360185 0.023958 0.125926
1 0.555990 0.412963 0.059896 0.387037
1 0.971875 0.365278 0.020833 0.104630
1 0.940625 0.360185 0.019792 0.098148
1 0.864583 0.355556 0.013542 0.075926
1 0.854688 0.359722 0.016667 0.078704
1 0.473438 0.380556 0.045833 0.283333
1 0.419010 0.361574 0.022396 0.110185
1 0.690885 0.363889 0.020313 0.101852
1 0.701302 0.367130 0.016146 0.087963
1 0.448177 0.363889 0.025521 0.111111
