1 0.736458 0.490741 0.045833 0.248148
1 0.741146 0.482407 0.038542 0.162963
1 0.332031 0.492130 0.048438 0.200926
1 0.617708 0.441667 0.025000 0.112963
1 0.221354 0.483333 0.040625 0.172222
1 0.259896 0.489352 0.032292 0.163889
1 0.473438 0.448611 0.021875 0.106481
1 0.586458 0.445833 0.019792 0.099074
1 0.286979 0.485185 0.033333 0.168519
1 0.558073 0.437500 0.016146 0.076852
1 0.166927 0.434722 0.015104 0.063889
1 0.305729 0.467593 0.027083 0.125926
1 0.596615 0.441667 0.016146 0.092593
1 0.410677 0.437963 0.010937 0.061111
1 0.405469 0.437500 0.010937 0.052778
1 0.421354 0.444907 0.010417 0.065741
1 0.393229 0.437963 0.011458 0.053704
1 0.379167 0.435185 0.011458 0.057407
1 0.362500 0.442130 0.010417 0.050926
7 0.815885 0.457870 0.021354 0.099074
