1 0.735938 0.637037 0.054167 0.224074
1 0.248438 0.267593 0.038542 0.196296
1 0.077604 0.630556 0.043750 0.229630
1 0.915885 0.519907 0.040104 0.193519
1 0.504427 0.964352 0.036979 0.263889
1 0.352604 0.820370 0.048958 0.231481
7 0.377865 0.242593 0.040104 0.103704
7 0.367969 0.325463 0.029687 0.112037
1 0.429427 0.218519 0.030729 0.161111
1 0.788542 0.128241 0.027083 0.137963
1 0.623958 0.185648 0.025000 0.150926
1 0.583073 0.196296 0.031771 0.166667
1 0.281510 0.193056 0.025521 0.163889
1 0.499740 0.200000 0.035937 0.164815
1 0.069271 0.410648 0.025000 0.173148
1 0.055990 0.391204 0.038021 0.184259
1 0.427604 0.399537 0.039583 0.189815
1 0.457552 0.402778 0.039062 0.175926
1 0.502604 0.181481 0.017708 0.142593
1 0.422396 0.173148 0.025000 0.151852
1 0.380729 0.072222 0.027083 0.150000
1 0.295833 0.023148 0.021875 0.124074
7 0.327344 0.029167 0.031771 0.071296
1 0.130208 0.541667 0.030208 0.190741
7 0.651563 0.082407 0.031250 0.109259
1 0.322917 0.423148 0.031250 0.183333
1 0.278906 0.427778 0.035937 0.201852
1 0.264062 -0.009722 0.026042 0.137963
1 0.222656 -0.011111 0.022396 0.142593
1 0.293750 0.136574 0.023958 0.154630
1 0.197135 0.118056 0.026562 0.150926
1 0.198958 0.179167 0.027083 0.162037
1 0.336719 0.352315 0.028646 0.162037
1 0.164583 0.194907 0.027083 0.156481
1 0.187500 0.163889 0.022917 0.157407
1 0.124479 0.193519 0.028125 0.151852
1 0.145313 0.172685 0.023958 0.165741
1 0.160938 0.157407 0.029167 0.155556
1 0.152604 0.142593 0.028125 0.153704
1 0.117188 0.174074 0.020833 0.159259
1 0.469792 -0.033333 0.018750 0.129630
1 0.198958 0.063889 0.028125 0.148148
1 0.221094 0.606019 0.046354 0.225000
1 1.001823 0.699074 0.039062 0.214815
1 0.840625 0.066204 0.029167 0.132407
1 0.115625 0.766204 0.045833 0.232407
1 0.092969 0.711111 0.047396 0.229630
7 0.645833 0.076852 0.032292 0.090741
