1 0.846354 0.657407 0.052083 0.220370
1 0.319792 0.615278 0.034375 0.230556
1 0.916146 0.519907 0.039583 0.195370
1 0.480469 0.983333 0.041146 0.233333
1 0.351042 0.816667 0.036458 0.231481
7 0.377865 0.242593 0.040104 0.103704
7 0.367969 0.325463 0.029687 0.112037
1 0.431510 0.208333 0.036979 0.157407
1 0.337240 0.125463 0.020313 0.128704
1 0.247135 0.235648 0.030729 0.154630
1 0.276562 0.244444 0.036458 0.175926
1 0.404687 0.143981 0.027083 0.149074
1 0.395573 0.109259 0.029687 0.151852
1 0.302083 0.015741 0.028125 0.124074
7 0.327344 0.029167 0.031771 0.071296
7 0.651563 0.081481 0.031250 0.109259
1 0.296615 0.188426 0.029687 0.154630
1 0.169531 0.051389 0.017188 0.139815
1 0.208333 0.177315 0.029167 0.160185
1 0.164062 0.195370 0.026042 0.155556
1 0.199219 0.159722 0.023438 0.160185
1 0.134896 0.205556 0.028125 0.148148
1 0.121615 0.181481 0.033854 0.168519
1 0.151823 0.162037 0.031771 0.157407
1 0.190625 0.147222 0.026042 0.150000
1 0.124740 0.166204 0.020313 0.154630
1 0.467187 -0.025463 0.026042 0.147222
1 0.226302 0.993519 0.051562 0.214815
1 0.505208 0.315278 0.034375 0.184259
1 0.459375 0.325463 0.031250 0.180556
1 0.610677 0.642130 0.045312 0.234259
1 0.890104 0.739352 0.045833 0.217593
1 0.894010 0.701852 0.046354 0.237037
1 0.744792 -0.015741 0.029167 0.133333
1 0.709635 -0.011111 0.023438 0.137037
1 0.981771 0.314815 0.033333 0.174074
1 0.906250 0.273148 0.030208 0.164815
1 0.795573 -0.022685 0.027604 0.147222
1 0.771354 -0.016667 0.023958 0.140741
1 0.783594 0.271296 0.036979 0.150000
1 0.683073 0.253704 0.033854 0.153704
1 0.460677 0.004630 0.028646 0.146296
1 0.429167 -0.008333 0.023958 0.142593
1 0.407552 0.011111 0.026562 0.135185
1 0.262760 0.182407 0.024479 0.146296
1 0.211719 0.575463 0.034896 0.210185
1 0.171094 0.587037 0.046354 0.194444
1 0.241406 0.143981 0.032813 0.158333
1 0.269271 0.132407 0.031250 0.151852
1 0.219531 0.090741 0.032813 0.151852
1 0.247135 0.088426 0.026562 0.141667
1 0.245052 0.033796 0.027604 0.132407
1 0.208073 0.386111 0.038021 0.181481
1 0.170313 0.390278 0.034375 0.187963
1 0.269531 0.381019 0.038021 0.178704
1 0.391406 0.002315 0.031771 0.123148
