1 0.733854 0.637037 0.053125 0.224074
1 0.238542 0.313426 0.039583 0.202778
1 0.073698 0.621296 0.045312 0.229630
1 0.916146 0.519907 0.039583 0.193519
1 0.536979 0.971296 0.035417 0.257407
1 0.353646 0.820833 0.052083 0.232407
7 0.377865 0.242593 0.040104 0.103704
7 0.367969 0.325463 0.029687 0.112037
1 0.429688 0.218519 0.031250 0.161111
1 0.789844 0.131481 0.027604 0.137037
1 0.665365 0.222222 0.022396 0.150000
1 0.645052 0.228241 0.029687 0.165741
1 0.299740 0.214352 0.033854 0.156481
1 0.469792 0.251389 0.038542 0.167593
1 0.069010 0.410648 0.024479 0.173148
1 0.079948 0.393056 0.030729 0.187963
1 0.405469 0.342593 0.035937 0.181481
1 0.432552 0.352315 0.034896 0.169444
1 0.586198 0.212037 0.021354 0.146296
1 0.505208 0.192593 0.039583 0.157407
1 0.380469 0.071296 0.027604 0.150000
1 0.296875 0.020370 0.021875 0.124074
7 0.327344 0.029167 0.031771 0.071296
1 0.137500 0.628704 0.033333 0.198148
7 0.651563 0.082407 0.031250 0.109259
1 0.331250 0.358796 0.029167 0.175000
1 0.290625 0.365741 0.029167 0.190741
1 0.251042 0.027315 0.026042 0.137963
1 0.220052 0.019907 0.023438 0.147222
1 0.293229 0.136574 0.025000 0.154630
1 0.231250 0.112963 0.030208 0.148148
1 0.199219 0.179167 0.027604 0.162037
1 0.283073 0.289815 0.028646 0.155556
1 0.164062 0.195370 0.027083 0.157407
1 0.188542 0.164815 0.022917 0.162963
1 0.124479 0.193519 0.028125 0.151852
1 0.146354 0.172685 0.028125 0.169444
1 0.152083 0.153704 0.029167 0.155556
1 0.153125 0.142593 0.028125 0.153704
1 0.117188 0.174074 0.020833 0.159259
1 0.491146 -0.041204 0.018750 0.113889
1 0.192188 0.024537 0.026042 0.145370
1 0.236979 0.718056 0.043750 0.232407
1 0.806510 0.028241 0.024479 0.126852
1 0.028385 0.678704 0.058854 0.218519
7 0.645833 0.076852 0.032292 0.092593
