1 0.820312 0.581944 0.027083 0.128704
1 0.893490 0.550926 0.022396 0.087037
1 0.865365 0.535648 0.018229 0.084259
1 0.217448 0.572685 0.020313 0.104630
1 0.240104 0.574537 0.022917 0.108333
1 0.315625 0.548611 0.016667 0.080556
1 0.300521 0.554167 0.015625 0.078704
1 0.340885 0.536574 0.016146 0.078704
1 0.324219 0.540278 0.014063 0.078704
1 0.831771 0.506481 0.011458 0.042593
1 0.722396 0.503704 0.010417 0.055556
1 0.825000 0.506944 0.012500 0.049074
1 0.552344 0.478241 0.006771 0.026852
1 0.292708 0.531481 0.009375 0.079630
1 0.303385 0.537500 0.013021 0.087963
1 0.643750 0.481481 0.008333 0.037037
1 0.876302 0.501389 0.016146 0.050926
1 0.415365 0.500463 0.008854 0.047222
1 0.434115 0.503704 0.009896 0.050000
1 0.398698 0.496759 0.010937 0.045370
1 0.728646 0.494907 0.010417 0.041667
1 0.292969 0.544444 0.015104 0.066667
1 0.779427 0.497222 0.009896 0.048148
