1 0.611458 0.326389 0.034375 0.150926
1 0.461458 0.310185 0.029167 0.140741
1 0.422917 0.331944 0.041667 0.210185
1 0.891927 0.554167 0.127604 0.739815
1 0.228906 0.336111 0.057813 0.224074
1 0.494792 0.315741 0.026042 0.124074
1 0.528646 0.282870 0.011458 0.052778
1 0.565365 0.306481 0.028646 0.137037
1 0.290104 0.313889 0.025000 0.105556
1 0.570312 0.307870 0.021875 0.132407
1 0.638542 0.296759 0.019792 0.110185
1 0.117448 0.343981 0.049479 0.223148
1 0.095573 0.359259 0.040104 0.194444
1 0.372656 0.308796 0.024479 0.106481
1 0.360156 0.313426 0.022396 0.110185
1 0.322396 0.319907 0.022917 0.121296
1 0.027604 0.306944 0.017708 0.091667
1 0.060417 0.330093 0.028125 0.134259
7 0.452865 0.308796 0.020313 0.049074
7 0.471875 0.309722 0.017708 0.052778
1 0.397656 0.291667 0.010937 0.059259
1 0.381771 0.292593 0.010417 0.064815
1 0.351562 0.287963 0.011458 0.053704
