1 0.846354 0.657870 0.052083 0.221296
1 0.320573 0.614815 0.029687 0.237037
1 0.916146 0.520833 0.039583 0.195370
1 0.474740 0.981019 0.038021 0.234259
1 0.351042 0.816667 0.036458 0.231481
7 0.377865 0.242593 0.040104 0.103704
7 0.367969 0.325463 0.029687 0.112037
1 0.431510 0.208333 0.036979 0.157407
1 0.338802 0.124537 0.020313 0.126852
1 0.264844 0.237963 0.024479 0.153704
1 0.287240 0.245370 0.036979 0.174074
1 0.405469 0.143056 0.026562 0.149074
1 0.395833 0.108333 0.030208 0.151852
1 0.302344 0.017130 0.028646 0.121296
7 0.327344 0.029167 0.031771 0.071296
7 0.651563 0.081481 0.031250 0.109259
1 0.297396 0.187963 0.028125 0.153704
1 0.170573 0.055556 0.020313 0.138889
1 0.208854 0.175463 0.029167 0.160185
1 0.164062 0.193981 0.026042 0.154630
1 0.198437 0.157870 0.023958 0.158333
1 0.133594 0.204167 0.027604 0.152778
1 0.125260 0.181481 0.041146 0.168519
1 0.152604 0.163426 0.032292 0.156481
1 0.190885 0.145370 0.025521 0.150000
1 0.124740 0.163426 0.020313 0.154630
1 0.467187 -0.025463 0.026042 0.147222
1 0.240365 1.006944 0.051562 0.187963
1 0.502865 0.300463 0.033854 0.176852
1 0.459635 0.309722 0.035937 0.178704
1 0.602083 0.615278 0.042708 0.223148
1 0.882812 0.736111 0.047917 0.218519
1 0.867448 0.706944 0.059896 0.234259
1 0.739323 -0.017593 0.029687 0.133333
1 0.704167 -0.016204 0.022917 0.132407
1 0.990625 0.335185 0.034375 0.174074
1 0.913021 0.285185 0.029167 0.164815
1 0.801562 -0.014352 0.025000 0.147222
1 0.776823 -0.008333 0.024479 0.140741
1 0.785937 0.283796 0.037500 0.150926
1 0.700781 0.262500 0.030729 0.152778
1 0.456771 0.000000 0.026042 0.148148
1 0.435417 -0.007870 0.026042 0.141667
1 0.407552 0.011111 0.026562 0.135185
1 0.253125 0.197685 0.029167 0.150926
1 0.212240 0.592593 0.034896 0.214815
1 0.168229 0.607407 0.043750 0.198148
1 0.240365 0.143981 0.034896 0.158333
1 0.272396 0.143519 0.031250 0.151852
1 0.225781 0.103241 0.032813 0.162037
1 0.252083 0.100000 0.026042 0.150000
1 0.247917 0.040278 0.027083 0.132407
1 0.204167 0.406944 0.037500 0.193519
1 0.167708 0.409259 0.035417 0.190741
1 0.265885 0.395833 0.038021 0.180556
1 0.395052 0.003704 0.028646 0.122222
