1 0.919271 0.677778 0.044792 0.201852
1 0.930729 0.573611 0.022917 0.099074
1 0.879948 0.558333 0.018229 0.101852
1 0.052083 0.603704 0.028125 0.137037
1 0.084635 0.612037 0.034896 0.133333
1 0.165625 0.593519 0.023958 0.111111
1 0.141146 0.597685 0.020833 0.104630
1 0.214583 0.566204 0.018750 0.099074
1 0.195833 0.593056 0.022917 0.121296
1 0.782292 0.518519 0.013542 0.050000
1 0.701562 0.526389 0.013542 0.063889
1 0.767448 0.516667 0.009896 0.053704
1 0.461458 0.484259 0.007292 0.031481
1 0.159115 0.548611 0.014063 0.086111
1 0.323177 0.505093 0.008854 0.043519
1 0.148958 0.580556 0.027083 0.116667
1 0.591146 0.488426 0.008333 0.041667
1 0.340885 0.512037 0.009896 0.057407
1 0.352083 0.516667 0.010417 0.057407
1 0.311198 0.510185 0.009896 0.057407
1 0.333073 0.503704 0.009896 0.055556
1 0.764062 0.512500 0.011458 0.056481
1 0.771094 0.509259 0.010937 0.055556
1 0.617969 0.501389 0.009896 0.043519
1 0.626042 0.501389 0.010417 0.045370
1 0.660156 0.503241 0.010937 0.041667
1 0.701042 0.507870 0.011458 0.049074
1 0.694271 0.515278 0.013542 0.050926
1 0.122656 0.591204 0.016146 0.093519
1 0.805729 0.512500 0.011458 0.056481
1 0.785677 0.514352 0.011979 0.052778
1 0.709635 0.503704 0.010937 0.048148
