0 0.873958 0.586574 0.032292 0.163889
0 0.108854 0.596759 0.018750 0.097222
0 0.875000 0.652315 0.041667 0.193519
0 0.523438 0.495833 0.010417 0.037963
0 0.722656 0.524537 0.014063 0.080556
0 0.096094 0.598148 0.016146 0.092593
0 0.096615 0.610185 0.015104 0.094444
0 0.024479 0.605093 0.012500 0.095370
0 0.642448 0.561111 0.022396 0.096296
0 0.262240 0.511111 0.007812 0.038889
0 0.604427 0.508796 0.014063 0.062037
0 0.019010 0.607407 0.020313 0.094444
0 0.574479 0.523611 0.018750 0.071296
0 0.553906 0.522222 0.011979 0.064815
0 0.589323 0.526389 0.011979 0.067593
