0 0.776563 0.653241 0.047917 0.228704
0 0.256250 0.223611 0.037500 0.189815
0 0.135937 0.651389 0.046875 0.234259
0 0.915625 0.519907 0.040625 0.193519
0 0.510938 0.973148 0.045833 0.246296
0 0.350521 0.819907 0.040625 0.230556
2 0.377865 0.242593 0.040104 0.103704
2 0.367969 0.325463 0.029687 0.112037
0 0.429427 0.218519 0.030729 0.161111
0 0.778125 0.094907 0.027083 0.134259
0 0.584375 0.159722 0.026042 0.147222
0 0.547396 0.173611 0.031250 0.167593
0 0.280990 0.180556 0.025521 0.159259
0 0.505208 0.151389 0.032292 0.162037
0 0.069531 0.410648 0.025521 0.173148
0 0.051823 0.393056 0.042188 0.187963
0 0.447135 0.452778 0.047396 0.196296
0 0.481250 0.456944 0.039583 0.178704
0 0.449219 0.174537 0.027604 0.143519
0 0.402344 0.172685 0.023438 0.156481
0 0.380469 0.072685 0.026562 0.149074
0 0.297135 0.022685 0.021354 0.123148
2 0.327344 0.029167 0.031771 0.071296
0 0.138021 0.472222 0.030208 0.181481
2 0.651563 0.082407 0.031250 0.109259
0 0.302344 0.488889 0.033854 0.194444
0 0.258854 0.483333 0.033333 0.205556
0 0.275521 -0.037500 0.026042 0.123148
0 0.249740 -0.034259 0.023438 0.129630
0 0.294010 0.136574 0.023438 0.154630
0 0.179167 0.123611 0.027083 0.149074
0 0.197917 0.182407 0.026042 0.161111
0 0.418750 0.406944 0.033333 0.173148
0 0.163542 0.198148 0.027083 0.157407
0 0.189062 0.165741 0.022917 0.162963
0 0.129427 0.195370 0.026562 0.148148
0 0.140625 0.176852 0.023958 0.170370
0 0.159896 0.165278 0.028125 0.143519
0 0.152083 0.142593 0.028125 0.153704
0 0.117188 0.174074 0.020833 0.159259
0 0.462500 -0.012500 0.018750 0.134259
0 0.222917 0.093519 0.029167 0.150000
0 0.224479 0.516204 0.041667 0.212037
0 0.981771 0.623148 0.034375 0.207407
0 0.879427 0.100926 0.028646 0.140741
0 0.807031 -0.001852 0.027604 0.120370
0 0.173177 0.875000 0.049479 0.255556
0 0.184375 0.804167 0.047917 0.241667
0 0.226562 -0.027778 0.021875 0.124074
0 0.203125 -0.027778 0.022917 0.124074
0 0.718490 -0.034259 0.028646 0.129630
2 0.645833 0.076852 0.032292 0.088889
0 0.650781 0.076852 0.035937 0.085185
