1 0.061198 0.706019 0.023438 0.154630
1 0.670312 0.530093 0.010417 0.049074
1 0.041927 0.708333 0.019271 0.148148
1 0.040625 0.726389 0.017708 0.147222
1 0.027083 0.736574 0.022917 0.150926
1 0.722396 0.518981 0.010417 0.052778
1 0.819010 0.557870 0.018229 0.093519
1 0.795573 0.556481 0.019271 0.081481
1 0.785937 0.558333 0.016667 0.081481
1 0.712760 0.514815 0.009896 0.050000
1 0.702344 0.516204 0.016146 0.056481
1 0.774479 0.721759 0.034375 0.189815
1 0.846094 0.697685 0.045312 0.180556
1 0.713802 0.661574 0.026562 0.178704
1 0.809635 0.563889 0.017188 0.092593
1 0.734896 0.670833 0.048958 0.189815
1 0.748437 0.566204 0.018750 0.078704
1 0.768490 0.562963 0.019271 0.074074
1 0.859375 0.606019 0.026042 0.123148
1 0.842708 0.678704 0.045833 0.175926
1 0.885677 0.602778 0.021354 0.109259
1 0.873698 0.590741 0.020313 0.120370
1 0.724219 0.567593 0.024479 0.090741
