1 0.674740 0.525926 0.048438 0.283333
1 0.628125 0.493519 0.037500 0.159259
1 0.201302 0.521759 0.061979 0.241667
1 0.514844 0.463889 0.022396 0.111111
1 0.095052 0.507870 0.044271 0.182407
1 0.140365 0.505556 0.032813 0.164815
1 0.376563 0.464352 0.022917 0.110185
1 0.488021 0.466667 0.020833 0.100000
1 0.173177 0.501389 0.032813 0.175000
1 0.465365 0.454167 0.016146 0.080556
1 0.026302 0.454630 0.017188 0.074074
1 0.500000 0.458333 0.015625 0.094444
1 0.313021 0.453704 0.011458 0.061111
1 0.304427 0.457870 0.010937 0.054630
1 0.320052 0.459722 0.011979 0.069444
1 0.292187 0.452315 0.011458 0.058333
1 0.277604 0.450000 0.011458 0.057407
1 0.263802 0.454630 0.010937 0.055556
7 0.726302 0.474537 0.021354 0.099074
