1 0.823698 0.681019 0.043229 0.225000
1 0.252083 0.190278 0.037500 0.184259
1 0.236458 0.648611 0.050000 0.232407
1 0.915625 0.519907 0.040625 0.193519
1 0.509115 0.973148 0.038021 0.251852
1 0.351042 0.816667 0.036458 0.231481
7 0.377865 0.242593 0.040104 0.103704
7 0.367969 0.325463 0.029687 0.112037
1 0.429427 0.218519 0.030729 0.161111
1 0.768229 0.054630 0.028125 0.125926
1 0.554688 0.141667 0.026042 0.150000
1 0.525521 0.143056 0.031250 0.167593
1 0.281510 0.168981 0.020313 0.156481
1 0.499740 0.100000 0.031771 0.153704
1 0.069792 0.411111 0.026042 0.174074
1 0.053385 0.392130 0.039062 0.186111
1 0.459115 0.513889 0.044271 0.203704
1 0.486198 0.515278 0.035937 0.186111
1 0.413281 0.158333 0.021354 0.140741
1 0.387500 0.166667 0.027083 0.157407
1 0.382292 0.077315 0.026042 0.141667
1 0.297135 0.022685 0.021354 0.123148
7 0.327344 0.029167 0.031771 0.071296
1 0.135677 0.406944 0.029687 0.173148
7 0.651563 0.082407 0.031250 0.109259
1 0.279687 0.558796 0.034375 0.200926
1 0.233073 0.552315 0.044271 0.213889
1 0.294010 0.136111 0.024479 0.153704
1 0.180729 0.121759 0.027083 0.149074
1 0.203646 0.180556 0.029167 0.164815
1 0.517188 0.459259 0.034375 0.179630
1 0.161979 0.200000 0.027083 0.157407
1 0.196615 0.166667 0.027604 0.157407
1 0.123698 0.202315 0.027604 0.149074
1 0.129948 0.181944 0.023438 0.175000
1 0.149740 0.156481 0.028646 0.157407
1 0.151562 0.142593 0.028125 0.153704
1 0.117708 0.174074 0.020833 0.159259
1 0.453646 0.011111 0.022917 0.142593
1 0.234375 0.126389 0.029167 0.154630
1 0.239323 0.434722 0.042188 0.199074
1 0.970573 0.558333 0.034896 0.192593
1 0.854688 -0.031944 0.026042 0.128704
1 0.914062 0.137037 0.030208 0.144444
1 0.842969 0.047685 0.026562 0.141667
1 0.227083 0.985185 0.048958 0.229630
1 0.251823 0.924537 0.051562 0.247222
1 0.229167 0.002778 0.021875 0.125926
1 0.205208 0.005093 0.021875 0.126852
1 0.720052 -0.034259 0.028646 0.129630
7 0.646354 0.076389 0.032292 0.086111
1 0.651302 0.076389 0.034896 0.084259
