1 0.593490 0.322222 0.026562 0.129630
1 0.400781 0.331944 0.031771 0.158333
1 0.445312 0.332870 0.023958 0.145370
1 0.626042 0.316667 0.031250 0.111111
1 0.780469 0.387037 0.061979 0.444444
1 0.368229 0.322222 0.020833 0.103704
1 0.754687 0.389815 0.061458 0.377778
1 0.523438 0.301389 0.015625 0.063889
1 0.038021 0.424074 0.055208 0.344444
1 0.061979 0.321296 0.029167 0.122222
1 0.094531 0.321759 0.020313 0.086111
1 0.553125 0.300463 0.012500 0.052778
1 0.541146 0.298148 0.010417 0.051852
7 0.473698 0.332407 0.024479 0.087037
7 0.498698 0.339352 0.025521 0.084259
1 0.308073 0.301389 0.013021 0.045370
1 0.319531 0.304630 0.010937 0.046296
1 0.332552 0.299074 0.010937 0.038889
1 0.338281 0.297685 0.010937 0.041667
1 0.384375 0.312963 0.011458 0.057407
1 0.346615 0.295370 0.010937 0.037037
1 0.355208 0.295833 0.010417 0.037963
