1 0.514583 0.505556 0.011458 0.057407
1 0.654167 0.562500 0.023958 0.119444
1 0.631510 0.565278 0.023438 0.115741
1 0.607292 0.568519 0.012500 0.112963
1 0.619271 0.568519 0.022917 0.112963
1 0.521875 0.955556 0.065625 0.348148
1 0.481510 0.887500 0.064062 0.310185
1 0.491146 0.499074 0.013542 0.062963
1 0.376823 0.765278 0.051562 0.275000
1 0.930208 0.632870 0.033333 0.182407
1 0.378385 0.783333 0.070312 0.290741
1 0.538021 0.568981 0.022917 0.112037
1 0.572917 0.568056 0.027083 0.119444
1 0.813542 0.666204 0.041667 0.178704
1 0.509375 0.850000 0.034375 0.307407
1 0.847656 0.644444 0.040104 0.161111
1 0.808854 0.625926 0.032292 0.155556
1 0.542708 0.555093 0.025000 0.106481
