1 0.846354 0.656944 0.052083 0.219444
1 0.320833 0.618981 0.038542 0.223148
1 0.916146 0.519907 0.039583 0.195370
1 0.488281 0.986111 0.041146 0.224074
1 0.351042 0.816667 0.036458 0.231481
7 0.377865 0.242593 0.040104 0.103704
7 0.367969 0.325463 0.029687 0.112037
1 0.431510 0.208333 0.036979 0.157407
1 0.337240 0.125463 0.020313 0.128704
1 0.233594 0.232407 0.029687 0.151852
1 0.261719 0.243056 0.038021 0.178704
1 0.404687 0.144444 0.027083 0.148148
1 0.395833 0.110185 0.029167 0.151852
1 0.302083 0.015741 0.028125 0.124074
7 0.327344 0.029167 0.031771 0.071296
7 0.651563 0.081481 0.031250 0.109259
1 0.295833 0.188889 0.031250 0.155556
1 0.170833 0.052315 0.017708 0.137963
1 0.208854 0.179167 0.029167 0.160185
1 0.164062 0.195370 0.026042 0.155556
1 0.199740 0.160648 0.023438 0.162037
1 0.135677 0.206019 0.027604 0.149074
1 0.117969 0.181481 0.026562 0.168519
1 0.151823 0.162037 0.031771 0.157407
1 0.190625 0.147222 0.026042 0.150000
1 0.123698 0.168981 0.020313 0.154630
1 0.467187 -0.025463 0.026042 0.147222
1 0.215365 0.981019 0.051562 0.237963
1 0.503125 0.331019 0.034375 0.191667
1 0.455469 0.335648 0.034896 0.178704
1 0.616927 0.661574 0.045312 0.234259
1 0.908073 0.740741 0.045312 0.218519
1 0.912760 0.699537 0.053646 0.237963
1 0.751823 -0.007407 0.029687 0.133333
1 0.713281 -0.008333 0.023438 0.137037
1 0.974740 0.302778 0.030729 0.175926
1 0.900521 0.257870 0.031250 0.163889
1 0.788802 -0.023611 0.025521 0.128704
1 0.764844 -0.025463 0.024479 0.141667
1 0.782031 0.258796 0.032813 0.147222
1 0.666406 0.237963 0.031771 0.153704
1 0.460156 0.001389 0.029687 0.147222
1 0.423958 -0.008333 0.023958 0.142593
1 0.407552 0.011111 0.026562 0.135185
1 0.272656 0.174074 0.026562 0.144444
1 0.213021 0.559259 0.032292 0.209259
1 0.173177 0.561574 0.044271 0.186111
1 0.241406 0.144444 0.032813 0.159259
1 0.264844 0.122222 0.030729 0.151852
1 0.215885 0.075926 0.030729 0.144444
1 0.242188 0.078241 0.025000 0.139815
1 0.242708 0.028704 0.028125 0.133333
1 0.213281 0.376852 0.038021 0.181481
1 0.169792 0.376852 0.032292 0.188889
1 0.273438 0.367593 0.033333 0.175926
1 0.392708 0.002315 0.029167 0.123148
