1 0.729948 0.506944 0.041146 0.245370
1 0.725521 0.487037 0.038542 0.162963
1 0.306510 0.500463 0.050521 0.204630
1 0.599219 0.452778 0.025521 0.103704
1 0.197396 0.490741 0.038542 0.164815
1 0.237760 0.494444 0.031771 0.161111
1 0.451042 0.455093 0.021875 0.106481
1 0.573438 0.456481 0.019792 0.100000
1 0.268229 0.495370 0.028125 0.159259
1 0.543750 0.444907 0.017708 0.078704
1 0.142708 0.446759 0.014583 0.063889
1 0.288281 0.470370 0.026562 0.124074
1 0.579167 0.449537 0.015625 0.089815
1 0.396875 0.444907 0.011458 0.060185
1 0.388281 0.447685 0.010937 0.052778
1 0.402865 0.451389 0.010937 0.065741
1 0.376823 0.444444 0.009896 0.053704
1 0.361458 0.442593 0.011458 0.057407
1 0.348438 0.445833 0.010417 0.050926
7 0.803385 0.464352 0.021354 0.099074
