1 0.761458 0.639352 0.050000 0.226852
1 0.254948 0.238889 0.038021 0.192593
1 0.111719 0.644444 0.044271 0.231481
1 0.915885 0.519907 0.040104 0.193519
1 0.513281 0.973611 0.043229 0.250926
1 0.350781 0.818981 0.044271 0.230556
7 0.377865 0.242593 0.040104 0.103704
7 0.367969 0.325463 0.029687 0.112037
1 0.429427 0.218519 0.030729 0.161111
1 0.782031 0.108333 0.026562 0.135185
1 0.596875 0.167130 0.030208 0.150926
1 0.560156 0.181019 0.030729 0.169444
1 0.279948 0.188889 0.026562 0.164815
1 0.507292 0.168056 0.035417 0.163889
1 0.069531 0.410648 0.025521 0.173148
1 0.051302 0.393056 0.043229 0.187963
1 0.441927 0.435185 0.043229 0.200000
1 0.475781 0.437500 0.039062 0.178704
1 0.463542 0.172685 0.020833 0.139815
1 0.404687 0.171296 0.023958 0.159259
1 0.380469 0.072685 0.026562 0.149074
1 0.296875 0.023148 0.021875 0.124074
7 0.327344 0.029167 0.031771 0.071296
1 0.135677 0.495833 0.030729 0.186111
7 0.651563 0.082407 0.031250 0.109259
1 0.311458 0.469444 0.032292 0.194444
1 0.266146 0.465278 0.037500 0.208333
1 0.275521 -0.031019 0.026042 0.136111
1 0.240625 -0.026389 0.025000 0.134259
1 0.294010 0.136574 0.023438 0.154630
1 0.180729 0.124537 0.027083 0.149074
1 0.198437 0.181481 0.026042 0.161111
1 0.383073 0.387963 0.033854 0.166667
1 0.164583 0.194907 0.027083 0.156481
1 0.188281 0.165741 0.023438 0.162963
1 0.126042 0.193056 0.030208 0.150926
1 0.141927 0.175000 0.023438 0.170370
1 0.160677 0.163426 0.028646 0.147222
1 0.152083 0.142593 0.028125 0.153704
1 0.117188 0.174074 0.020833 0.159259
1 0.465625 -0.022222 0.018750 0.131481
1 0.213281 0.082407 0.029687 0.146296
1 0.218490 0.551389 0.047396 0.221296
1 0.988542 0.644444 0.039583 0.214815
1 0.866667 0.085185 0.030208 0.135185
1 0.791667 -0.014815 0.022917 0.118519
1 0.154427 0.837500 0.045312 0.249074
1 0.156250 0.768981 0.046875 0.239815
1 0.207031 -0.037963 0.023438 0.120370
1 0.714323 -0.034259 0.030729 0.129630
7 0.645833 0.076852 0.032292 0.088889
