1 0.843750 0.655556 0.046875 0.212963
1 0.259375 0.035648 0.031250 0.165741
1 0.369010 0.631019 0.047396 0.236111
1 0.917188 0.518056 0.039583 0.195370
1 0.537760 0.981019 0.039062 0.237963
1 0.351042 0.816667 0.036458 0.231481
7 0.377865 0.242593 0.040104 0.103704
7 0.367969 0.325463 0.029687 0.112037
1 0.433073 0.215278 0.030729 0.156481
1 0.519531 0.002315 0.025521 0.130556
1 0.491927 -0.004630 0.027604 0.140741
1 0.333333 0.126852 0.020833 0.131481
1 0.133854 0.339815 0.032292 0.175926
1 0.100000 0.326852 0.030208 0.190741
1 0.586719 0.908796 0.059896 0.243519
1 0.625521 0.911574 0.053125 0.228704
1 0.402865 0.145370 0.021354 0.140741
1 0.438802 0.130556 0.023438 0.151852
1 0.297135 0.021296 0.021354 0.122222
7 0.327344 0.029167 0.031771 0.071296
1 0.260417 0.177315 0.025000 0.145370
7 0.651563 0.082407 0.031250 0.109259
1 0.150781 0.998611 0.043229 0.202778
1 0.183854 0.958333 0.050000 0.253704
1 0.304688 0.185648 0.025000 0.160185
1 0.166667 0.089352 0.030208 0.147222
1 0.200521 0.183333 0.027083 0.161111
1 0.163021 0.193056 0.025000 0.156481
1 0.196615 0.163889 0.026562 0.162963
1 0.125521 0.199537 0.028125 0.147222
1 0.119531 0.179167 0.026562 0.167593
1 0.163802 0.167593 0.027604 0.151852
1 0.157292 0.143981 0.027083 0.149074
1 0.467448 0.016204 0.025521 0.149074
1 0.209375 0.329630 0.034375 0.177778
1 0.267448 0.131944 0.031771 0.160185
1 0.880469 0.314352 0.040104 0.184259
1 0.825781 0.297222 0.027604 0.170370
1 0.786458 0.070370 0.030208 0.131481
1 0.986979 0.334722 0.036458 0.163889
1 0.867969 0.038889 0.027604 0.140741
1 0.819271 0.028241 0.027083 0.150926
1 0.234896 0.140278 0.022917 0.154630
1 0.211719 0.146759 0.025521 0.139815
1 0.197656 0.005556 0.024479 0.125926
1 0.234896 0.025926 0.029167 0.144444
1 0.202865 0.018981 0.026562 0.141667
7 0.647135 0.070833 0.032813 0.084259
