1 0.866146 0.602315 0.029167 0.149074
1 0.935156 0.556944 0.022396 0.091667
1 0.898177 0.536111 0.019271 0.092593
1 0.181771 0.570833 0.025000 0.117593
1 0.206250 0.579630 0.025000 0.114815
1 0.287760 0.555093 0.021354 0.089815
1 0.271615 0.555556 0.016146 0.087037
1 0.317708 0.537037 0.016667 0.087037
1 0.307031 0.548148 0.018229 0.098148
1 0.833333 0.502778 0.012500 0.044444
1 0.730990 0.503704 0.011979 0.057407
1 0.822135 0.502778 0.010937 0.050000
1 0.535937 0.471296 0.007292 0.029630
1 0.266146 0.528704 0.011458 0.077778
1 0.394792 0.492130 0.008333 0.041667
1 0.270833 0.542593 0.018750 0.094444
1 0.641667 0.478241 0.008333 0.037963
1 0.404687 0.495370 0.010417 0.048148
1 0.422396 0.500463 0.009375 0.050926
1 0.385417 0.494444 0.010417 0.051852
1 0.832292 0.499537 0.010417 0.054630
1 0.837500 0.496296 0.010417 0.048148
1 0.664062 0.487037 0.011458 0.042593
1 0.675781 0.488889 0.007812 0.046296
1 0.722396 0.492593 0.012500 0.046296
1 0.255469 0.551389 0.015104 0.071296
1 0.775260 0.493519 0.009896 0.048148
