1 0.845052 0.654630 0.049479 0.214815
1 0.255729 0.608796 0.043750 0.223148
1 0.915885 0.518981 0.050521 0.193519
1 0.487240 0.979167 0.039062 0.239815
1 0.351042 0.816667 0.036458 0.231481
7 0.377865 0.242593 0.040104 0.103704
7 0.367969 0.325463 0.029687 0.112037
1 0.433594 0.213889 0.032813 0.157407
1 0.505729 -0.029630 0.025000 0.127778
1 0.337500 0.125926 0.020833 0.129630
1 0.155729 0.301389 0.030208 0.169444
1 0.128385 0.296759 0.027604 0.186111
1 0.607031 1.002315 0.052604 0.197222
1 0.636979 1.008333 0.042708 0.183333
1 0.403385 0.148148 0.021354 0.140741
1 0.402865 0.121759 0.026562 0.158333
1 0.297917 0.020370 0.022917 0.122222
7 0.327344 0.029167 0.031771 0.071296
1 0.265625 0.125463 0.022917 0.141667
7 0.651563 0.082407 0.031250 0.109259
1 0.301042 0.185185 0.031250 0.161111
1 0.163281 0.065278 0.026562 0.139815
1 0.200260 0.183333 0.025521 0.159259
1 0.163021 0.193056 0.025000 0.156481
1 0.196354 0.164352 0.026042 0.158333
1 0.131250 0.199074 0.025000 0.148148
1 0.122656 0.181019 0.026562 0.167593
1 0.151562 0.166204 0.029167 0.162037
1 0.157031 0.142593 0.027604 0.151852
1 0.118229 0.174074 0.020833 0.159259
1 0.472135 -0.002315 0.025521 0.149074
1 0.190885 0.398148 0.034896 0.190741
1 0.258854 0.075926 0.030208 0.153704
1 0.778646 0.964352 0.044792 0.232407
1 0.735156 0.983796 0.045312 0.215741
1 0.859115 0.249537 0.034896 0.169444
1 0.797917 0.242593 0.029167 0.162963
1 0.786458 0.071296 0.030208 0.131481
1 0.820573 -0.000926 0.027604 0.140741
1 0.782813 -0.013889 0.026042 0.142593
1 0.257292 0.178704 0.022917 0.161111
1 0.235937 0.183333 0.027083 0.144444
1 0.178125 0.035185 0.027083 0.129630
1 0.228125 0.069444 0.029167 0.142593
1 0.196875 0.063426 0.026042 0.141667
1 0.233594 0.047222 0.023438 0.133333
1 0.845833 -0.009259 0.015625 0.075926
1 0.626823 0.045833 0.036979 0.134259
