1 0.610677 0.371759 0.029687 0.130556
1 0.440104 0.375463 0.030208 0.158333
1 0.173698 0.499537 0.133854 0.480556
1 0.491406 0.375000 0.027604 0.140741
1 0.593229 0.351389 0.018750 0.082407
1 0.681771 0.398611 0.043750 0.273148
1 0.347656 0.364815 0.020313 0.098148
1 0.667708 0.401852 0.041667 0.238889
1 0.527604 0.352315 0.014583 0.060185
1 0.550260 0.342593 0.010937 0.038889
1 0.537240 0.341204 0.010937 0.043519
7 0.480469 0.373148 0.023438 0.070370
7 0.498437 0.377315 0.022917 0.069444
1 0.333594 0.351852 0.015104 0.066667
1 0.372917 0.351389 0.012500 0.060185
1 0.384375 0.353241 0.011458 0.058333
