1 0.734896 0.637500 0.053125 0.223148
1 0.241927 0.381019 0.040104 0.204630
1 0.074219 0.622685 0.043229 0.230556
1 0.916406 0.519907 0.039062 0.193519
1 0.617969 0.980093 0.043229 0.219444
1 0.353646 0.820833 0.052083 0.232407
7 0.377865 0.242593 0.040104 0.103704
7 0.367969 0.325463 0.029687 0.112037
1 0.429688 0.218519 0.031250 0.161111
1 0.789062 0.131944 0.027083 0.136111
1 0.759896 0.253241 0.029167 0.158333
1 0.737500 0.261574 0.030208 0.176852
1 0.379688 0.250463 0.027083 0.162037
1 0.510156 0.275000 0.035937 0.172222
1 0.069010 0.411574 0.025521 0.175000
1 0.078385 0.392130 0.027604 0.186111
1 0.435677 0.268056 0.031771 0.175000
1 0.457292 0.276852 0.028125 0.150000
1 0.670312 0.254630 0.022917 0.150000
1 0.623958 0.219907 0.037500 0.158333
1 0.380469 0.071296 0.027604 0.150000
1 0.296615 0.021296 0.021354 0.122222
7 0.327344 0.029167 0.031771 0.071296
1 0.038802 0.735648 0.038021 0.206481
7 0.651563 0.081019 0.031250 0.108333
1 0.295312 0.287037 0.026042 0.172222
1 0.281771 0.302778 0.035417 0.183333
1 0.241927 0.074537 0.025521 0.143519
1 0.208073 0.078704 0.024479 0.148148
1 0.292969 0.136574 0.024479 0.154630
1 0.266667 0.112963 0.029167 0.148148
1 0.199479 0.178704 0.028125 0.162963
1 0.264844 0.213426 0.027604 0.147222
1 0.166667 0.193981 0.027083 0.156481
1 0.188542 0.160648 0.022917 0.158333
1 0.121354 0.195370 0.025000 0.151852
1 0.152083 0.169907 0.036458 0.169444
1 0.151823 0.150926 0.029687 0.155556
1 0.152604 0.142593 0.028125 0.153704
1 0.117188 0.174074 0.020833 0.159259
1 0.488281 -0.045370 0.021354 0.107407
1 0.202083 -0.017593 0.016667 0.125926
1 0.228385 0.884259 0.050521 0.248148
1 0.767708 -0.027315 0.023958 0.125000
7 0.647656 0.074537 0.033854 0.099074
