1 0.671615 0.538426 0.054688 0.352778
1 0.545573 0.486111 0.034896 0.157407
1 0.052865 0.556944 0.086979 0.313889
1 0.447396 0.456019 0.021875 0.108333
1 0.108073 0.506944 0.035937 0.182407
1 0.123177 0.487037 0.036979 0.164815
1 0.308333 0.461111 0.022917 0.114815
1 0.420312 0.458796 0.018750 0.102778
1 0.404427 0.449074 0.018229 0.083333
1 0.463542 0.453704 0.019792 0.096296
1 0.437760 0.456019 0.015104 0.100926
1 0.239583 0.454167 0.012500 0.067593
1 0.230208 0.457870 0.010417 0.054630
1 0.249219 0.458796 0.013021 0.073148
1 0.211719 0.450926 0.010937 0.061111
1 0.193490 0.449537 0.009896 0.054630
1 0.205990 0.452315 0.010937 0.050926
1 0.359896 0.443981 0.013542 0.063889
