1 0.736198 0.637500 0.053646 0.223148
1 0.220573 0.469444 0.044271 0.218519
1 0.074740 0.624074 0.043229 0.231481
1 0.917188 0.520833 0.038542 0.193519
1 0.617708 1.000926 0.039583 0.198148
1 0.354687 0.820833 0.052083 0.232407
7 0.377865 0.242593 0.040104 0.103704
7 0.367969 0.325463 0.029687 0.112037
1 0.429688 0.218519 0.031250 0.161111
1 0.961198 0.294907 0.032813 0.171296
1 0.788281 0.132407 0.027604 0.135185
1 0.854427 0.312963 0.030729 0.170370
1 0.813021 0.313889 0.031250 0.177778
1 0.546615 0.267593 0.038021 0.164815
1 0.552344 0.212037 0.030729 0.155556
1 0.122135 0.446296 0.032813 0.183333
1 0.135417 0.420833 0.032292 0.199074
1 0.472135 0.208333 0.028646 0.164815
1 0.489323 0.207870 0.026562 0.147222
1 0.552604 0.003704 0.023958 0.112963
1 0.533854 0.004167 0.022917 0.110185
1 0.754687 0.298611 0.026042 0.156481
1 0.734896 0.254630 0.026042 0.157407
1 0.380469 0.070833 0.027604 0.150926
1 0.399479 -0.022685 0.020833 0.100926
1 0.297656 0.020833 0.021354 0.121296
7 0.327344 0.029167 0.031771 0.071296
1 0.005729 0.893056 0.037500 0.225000
7 0.645312 0.085185 0.036458 0.105556
1 0.272135 0.217130 0.027604 0.163889
1 0.282292 0.230556 0.050000 0.172222
1 0.252344 0.137963 0.024479 0.157407
1 0.231250 0.147222 0.028125 0.153704
1 0.292187 0.136574 0.021875 0.154630
1 0.267969 0.112963 0.026562 0.148148
1 0.198958 0.179630 0.027083 0.164815
1 0.202604 0.145370 0.023958 0.142593
1 0.162240 0.192593 0.027604 0.157407
1 0.187240 0.160185 0.025521 0.161111
1 0.124479 0.194444 0.023958 0.151852
1 0.147135 0.171296 0.030729 0.166667
1 0.141667 0.156944 0.030208 0.156481
1 0.151562 0.142593 0.028125 0.153704
1 0.119271 0.173611 0.020833 0.160185
1 0.486198 -0.045833 0.020313 0.106481
1 0.217448 1.032407 0.043229 0.127778
1 0.647917 0.057870 0.040625 0.126852
