1 0.762500 0.640278 0.050000 0.226852
1 0.254948 0.237963 0.038021 0.192593
1 0.112760 0.644907 0.044271 0.230556
1 0.915885 0.519907 0.040104 0.193519
1 0.513542 0.974074 0.043750 0.250000
1 0.350781 0.818981 0.044271 0.230556
7 0.377865 0.242593 0.040104 0.103704
7 0.367969 0.325463 0.029687 0.112037
1 0.429427 0.218519 0.030729 0.161111
1 0.782031 0.108333 0.026562 0.135185
1 0.596094 0.167130 0.030729 0.150926
1 0.559375 0.180556 0.031250 0.168519
1 0.279687 0.188889 0.026042 0.164815
1 0.507292 0.167130 0.035417 0.163889
1 0.069531 0.410648 0.025521 0.173148
1 0.051302 0.393056 0.043229 0.187963
1 0.442448 0.436574 0.043229 0.200926
1 0.476302 0.438889 0.039062 0.179630
1 0.462500 0.172685 0.020833 0.139815
1 0.404427 0.171296 0.023438 0.159259
1 0.380469 0.072685 0.026562 0.149074
1 0.296875 0.023148 0.021875 0.124074
7 0.327344 0.029167 0.031771 0.071296
1 0.135677 0.493981 0.030729 0.186111
7 0.651563 0.082407 0.031250 0.109259
1 0.310937 0.471296 0.032292 0.194444
1 0.265365 0.466667 0.038021 0.207407
1 0.275521 -0.031481 0.026042 0.135185
1 0.241146 -0.027315 0.023958 0.134259
1 0.294010 0.136574 0.023438 0.154630
1 0.180208 0.125463 0.027083 0.149074
1 0.198437 0.181481 0.026042 0.161111
1 0.384635 0.389815 0.034896 0.166667
1 0.164583 0.194907 0.027083 0.156481
1 0.188281 0.165741 0.023438 0.162963
1 0.126302 0.193056 0.030729 0.150926
1 0.141927 0.175000 0.023438 0.170370
1 0.160677 0.163426 0.028646 0.147222
1 0.152083 0.142593 0.028125 0.153704
1 0.117188 0.174074 0.020833 0.159259
1 0.465625 -0.021296 0.018750 0.131481
1 0.213802 0.082407 0.029687 0.146296
1 0.219010 0.549074 0.047396 0.220370
1 0.988542 0.642593 0.039583 0.214815
1 0.867188 0.085185 0.030208 0.135185
1 0.792708 -0.013889 0.022917 0.118519
1 0.155469 0.840278 0.045312 0.249074
1 0.158333 0.771759 0.046875 0.239815
1 0.227865 -0.036111 0.021354 0.124074
1 0.206510 -0.037963 0.023438 0.120370
1 0.714583 -0.034259 0.030208 0.129630
7 0.645833 0.076852 0.032292 0.088889
