1 0.846094 0.654630 0.051562 0.214815
1 0.360938 0.647222 0.046875 0.231481
1 0.916146 0.516667 0.038542 0.196296
1 0.471094 0.981944 0.040104 0.228704
1 0.351042 0.816667 0.036458 0.231481
7 0.377865 0.242593 0.040104 0.103704
7 0.367969 0.325463 0.029687 0.112037
1 0.428385 0.206481 0.033854 0.161111
1 0.336979 0.125463 0.020833 0.128704
1 0.193229 0.242130 0.025000 0.154630
1 0.166146 0.241667 0.034375 0.175926
1 0.405729 0.141204 0.029167 0.147222
1 0.398958 0.116204 0.029167 0.156481
1 0.300781 0.018056 0.026562 0.121296
7 0.327344 0.029167 0.031771 0.071296
1 0.243229 0.006481 0.022917 0.122222
7 0.651563 0.081481 0.031250 0.109259
1 0.305729 0.188426 0.030208 0.158333
1 0.174740 0.049074 0.023438 0.138889
1 0.200000 0.178704 0.025000 0.159259
1 0.163021 0.192593 0.026042 0.155556
1 0.189844 0.165741 0.024479 0.161111
1 0.135937 0.199537 0.025000 0.152778
1 0.123177 0.181481 0.025521 0.166667
1 0.149479 0.167130 0.028125 0.160185
1 0.175521 0.150000 0.026042 0.150000
1 0.118750 0.172222 0.020833 0.159259
1 0.467187 -0.025463 0.026042 0.147222
1 0.163021 0.627315 0.039583 0.221296
1 0.566146 0.623148 0.047917 0.227778
1 0.524219 0.640278 0.035937 0.221296
1 0.815365 0.115278 0.031771 0.152778
1 0.755208 0.112500 0.025000 0.145370
1 0.864323 0.071296 0.025521 0.144444
1 0.814323 0.046296 0.027604 0.133333
1 0.782552 0.110648 0.030729 0.139815
1 0.567187 0.001852 0.029167 0.146296
1 0.391146 -0.008796 0.021875 0.125000
1 0.271354 0.018981 0.018750 0.125000
1 0.241927 0.324074 0.027604 0.177778
1 0.213542 0.325000 0.037500 0.164815
1 0.153385 0.135648 0.023438 0.160185
1 0.145833 0.047685 0.027083 0.128704
1 0.261979 0.189352 0.029167 0.163889
1 0.234896 0.187963 0.028125 0.159259
1 0.263542 0.167593 0.027083 0.157407
1 0.410156 -0.003241 0.023438 0.128704
