0 0.787240 0.576389 0.025521 0.147222
0 0.079427 0.596759 0.017188 0.087963
0 0.738281 0.602778 0.033854 0.146296
0 0.588542 0.543981 0.019792 0.082407
0 0.472656 0.503241 0.010937 0.045370
0 0.650260 0.515741 0.013021 0.072222
0 0.071094 0.596759 0.014063 0.087963
0 0.070573 0.609722 0.015104 0.087963
0 0.005208 0.606944 0.015625 0.091667
0 0.588802 0.546296 0.018229 0.087037
0 0.219792 0.515741 0.008333 0.033333
0 0.602865 0.540741 0.020313 0.092593
0 0.617448 0.533796 0.017188 0.089815
0 0.582292 0.514815 0.012500 0.066667
0 0.501302 0.522685 0.013021 0.062037
