1 0.082031 0.695833 0.022396 0.149074
1 0.667708 0.518981 0.010417 0.049074
1 0.064062 0.698148 0.019792 0.140741
1 0.064323 0.712500 0.017188 0.139815
1 0.050781 0.721296 0.020313 0.140741
1 0.720573 0.509722 0.011979 0.050926
1 0.810156 0.545370 0.017188 0.092593
1 0.788802 0.545833 0.020313 0.082407
1 0.709375 0.509722 0.014583 0.052778
1 0.700000 0.508796 0.015625 0.056481
1 0.772656 0.694907 0.038021 0.178704
1 0.845052 0.668519 0.046354 0.172222
1 0.720313 0.647222 0.036458 0.170370
1 0.803385 0.550000 0.018229 0.083333
1 0.750260 0.649074 0.042188 0.183333
1 0.747135 0.550926 0.018229 0.074074
1 0.769531 0.548611 0.020313 0.073148
1 0.844010 0.575926 0.026562 0.085185
1 0.838802 0.653241 0.026562 0.163889
1 0.868750 0.582407 0.022917 0.101852
1 0.720833 0.555093 0.022917 0.086111
1 0.739583 0.550926 0.014583 0.070370
