1 0.618229 0.363426 0.033333 0.149074
1 0.457292 0.342593 0.029167 0.140741
1 0.383333 0.385648 0.057292 0.260185
1 0.962760 0.612037 0.120313 0.748148
1 0.210156 0.374074 0.068229 0.257407
1 0.494531 0.355556 0.029687 0.125926
1 0.529167 0.323611 0.012500 0.054630
1 0.571354 0.347685 0.026042 0.150926
1 0.298177 0.330093 0.021354 0.100926
1 0.574479 0.349074 0.021875 0.137037
1 0.651042 0.339352 0.020833 0.115741
1 0.027083 0.386111 0.061458 0.270370
1 0.327344 0.341204 0.020313 0.108333
1 0.313281 0.333796 0.023438 0.110185
1 0.310417 0.348148 0.022917 0.122222
7 0.468229 0.337963 0.018750 0.057407
1 0.345573 0.325926 0.010937 0.061111
1 0.355469 0.321296 0.013021 0.057407
