1 0.070573 0.701852 0.023438 0.153704
1 0.669792 0.525463 0.010417 0.049074
1 0.051302 0.704167 0.019271 0.145370
1 0.050781 0.720370 0.017188 0.144444
1 0.038281 0.728704 0.021354 0.148148
1 0.721615 0.514815 0.010937 0.051852
1 0.816146 0.552315 0.017708 0.093519
1 0.792969 0.550926 0.018229 0.081481
1 0.712760 0.515278 0.010937 0.052778
1 0.701302 0.512500 0.016146 0.056481
1 0.774219 0.711574 0.036979 0.184259
1 0.844792 0.683796 0.045833 0.176852
1 0.719792 0.654167 0.029167 0.176852
1 0.806771 0.557870 0.017708 0.087963
1 0.735938 0.662037 0.040625 0.185185
1 0.748177 0.558796 0.018229 0.076852
1 0.769010 0.556944 0.018229 0.073148
1 0.854167 0.589352 0.022917 0.100926
1 0.839323 0.668056 0.045312 0.171296
1 0.879167 0.596759 0.020833 0.112037
1 0.868229 0.585185 0.019792 0.118519
1 0.722656 0.562037 0.023438 0.088889
