1 0.608333 0.370833 0.031250 0.134259
1 0.433333 0.371296 0.030208 0.150000
1 0.221354 0.438889 0.111458 0.418519
1 0.489583 0.375926 0.029167 0.140741
1 0.566406 0.348611 0.017188 0.065741
1 0.639062 0.389352 0.031250 0.223148
1 0.323437 0.357407 0.020833 0.094444
1 0.627865 0.389815 0.030729 0.198148
1 0.051823 0.387037 0.036979 0.140741
1 0.510417 0.345833 0.014583 0.058333
1 0.529427 0.341204 0.010937 0.037963
1 0.514583 0.340741 0.009375 0.044444
7 0.464583 0.365278 0.023958 0.065741
7 0.484635 0.369907 0.021354 0.063889
1 0.349740 0.350000 0.015104 0.066667
1 0.320312 0.347685 0.018750 0.076852
1 0.354167 0.348611 0.012500 0.060185
1 0.363542 0.349537 0.011458 0.058333
