1 0.846354 0.683333 0.050000 0.224074
1 0.254427 0.142593 0.034896 0.175926
1 0.402604 0.630556 0.039583 0.218519
1 0.915365 0.519907 0.041146 0.193519
1 0.534375 0.976389 0.046875 0.237963
1 0.351042 0.816667 0.036458 0.231481
7 0.377865 0.242593 0.040104 0.103704
7 0.367969 0.325463 0.029687 0.112037
1 0.428906 0.218056 0.027604 0.158333
1 0.773177 -0.016204 0.026562 0.121296
1 0.538802 0.097222 0.027604 0.148148
1 0.505990 0.083796 0.030729 0.156481
1 0.267448 0.130556 0.021354 0.151852
1 0.485417 0.018056 0.027083 0.139815
1 0.070573 0.410648 0.026562 0.173148
1 0.059375 0.390278 0.027083 0.184259
1 0.476823 0.621296 0.054688 0.216667
1 0.511198 0.627315 0.041146 0.199074
1 0.404427 0.151852 0.024479 0.135185
1 0.387240 0.162500 0.030729 0.156481
1 0.386719 0.042130 0.025521 0.136111
1 0.297135 0.022685 0.021354 0.123148
7 0.327344 0.029167 0.031771 0.071296
1 0.126302 0.316204 0.027604 0.162037
7 0.651563 0.082407 0.031250 0.109259
1 0.220833 0.696759 0.036458 0.219444
1 0.171875 0.681481 0.047917 0.237037
1 0.297135 0.142593 0.028646 0.151852
1 0.182552 0.130093 0.030729 0.150926
1 0.200521 0.182407 0.027083 0.162963
1 0.676042 0.568981 0.044792 0.187963
1 0.163021 0.194444 0.027083 0.157407
1 0.191406 0.162963 0.026562 0.161111
1 0.134115 0.200926 0.039062 0.142593
1 0.134375 0.180093 0.031250 0.163889
1 0.158333 0.156019 0.029167 0.160185
1 0.148177 0.140741 0.026562 0.151852
1 0.117708 0.174074 0.020833 0.159259
1 0.450000 0.047222 0.023958 0.151852
1 0.235937 0.177315 0.028125 0.160185
1 0.254167 0.313889 0.042708 0.185185
1 0.991927 0.481944 0.041146 0.178704
1 0.911458 0.454630 0.034375 0.188889
1 0.805208 0.013426 0.028125 0.136111
1 0.932031 0.200000 0.027604 0.150000
1 0.947396 0.141204 0.034375 0.152778
1 0.958073 0.143519 0.035937 0.161111
1 0.886198 0.149074 0.033854 0.159259
1 0.232292 0.049537 0.021875 0.136111
1 0.203646 0.050926 0.035417 0.127778
1 0.721354 -0.035185 0.030208 0.125926
7 0.646875 0.074074 0.033333 0.087037
1 0.651563 0.076389 0.034375 0.084259
