1 0.591667 0.329630 0.034375 0.151852
1 0.452083 0.316667 0.029167 0.140741
1 0.423958 0.333333 0.039583 0.192593
1 0.845833 0.557407 0.112500 0.707407
1 0.991406 0.561111 0.153646 0.757407
1 0.235156 0.329630 0.041146 0.216667
1 0.489063 0.311111 0.023958 0.124074
1 0.506771 0.292593 0.012500 0.048148
1 0.543229 0.312963 0.030208 0.133333
1 0.270313 0.307407 0.025000 0.105556
1 0.548698 0.315741 0.021354 0.122222
1 0.611719 0.312500 0.017188 0.110185
1 0.135156 0.339352 0.040104 0.204630
1 0.114583 0.345370 0.030208 0.179630
1 0.373958 0.316667 0.025000 0.105556
1 0.366667 0.308796 0.019792 0.112037
1 0.309375 0.324537 0.022917 0.121296
1 0.019792 0.299537 0.017708 0.087963
1 0.057552 0.318519 0.027604 0.129630
7 0.460417 0.305556 0.017708 0.050000
1 0.332292 0.300000 0.011458 0.053704
1 0.349219 0.287963 0.013021 0.055556
