0 0.613802 0.379167 0.032813 0.145370
0 0.449479 0.361574 0.029167 0.141667
0 0.348958 0.406481 0.064583 0.296296
0 0.976823 0.622685 0.095833 0.723148
0 0.201302 0.391204 0.069271 0.269444
0 0.485938 0.365741 0.028125 0.127778
0 0.521615 0.342593 0.013021 0.055556
0 0.566146 0.366667 0.030208 0.155556
0 0.572135 0.365278 0.025521 0.139815
0 0.655990 0.359259 0.022396 0.109259
0 0.278906 0.356019 0.023438 0.117593
0 0.299219 0.362037 0.022396 0.129630
0 0.499219 0.337500 0.009896 0.034259
2 0.443490 0.357870 0.022396 0.052778
2 0.464583 0.362037 0.018750 0.057407
0 0.385156 0.340741 0.010937 0.059259
