1 0.611979 0.375926 0.032292 0.140741
1 0.439063 0.375926 0.030208 0.159259
1 0.167969 0.498611 0.136979 0.491667
1 0.489583 0.374074 0.029167 0.144444
1 0.596354 0.350463 0.015625 0.082407
1 0.684375 0.400463 0.043750 0.275000
1 0.348698 0.364815 0.020313 0.098148
1 0.669531 0.401852 0.042188 0.240741
1 0.528646 0.352315 0.014583 0.060185
1 0.551562 0.344907 0.010417 0.039815
1 0.539323 0.343056 0.010937 0.043519
7 0.481510 0.374074 0.023438 0.070370
7 0.499479 0.377315 0.022917 0.069444
1 0.333594 0.353704 0.015104 0.066667
1 0.376563 0.352315 0.012500 0.060185
1 0.385937 0.353241 0.011458 0.058333
