1 0.812240 0.581019 0.026562 0.125000
1 0.889323 0.552778 0.017188 0.087037
1 0.858333 0.536574 0.017708 0.084259
1 0.220573 0.569907 0.020313 0.104630
1 0.243750 0.574074 0.020833 0.105556
1 0.319271 0.546296 0.016667 0.079630
1 0.304167 0.548611 0.014583 0.078704
1 0.342187 0.534722 0.015625 0.082407
1 0.326302 0.537500 0.014063 0.078704
1 0.832292 0.501852 0.011458 0.042593
1 0.720052 0.503704 0.009896 0.053704
1 0.823698 0.502315 0.011979 0.049074
1 0.552865 0.477315 0.006771 0.026852
1 0.295573 0.531481 0.008854 0.081481
1 0.307292 0.530093 0.013542 0.078704
1 0.643229 0.479630 0.008333 0.037037
1 0.876563 0.499074 0.013542 0.051852
1 0.416406 0.499537 0.008854 0.047222
1 0.434635 0.504630 0.009896 0.050000
1 0.399740 0.497685 0.010937 0.045370
1 0.728385 0.495833 0.009896 0.041667
1 0.779427 0.496296 0.009896 0.048148
