1 0.511458 0.427778 0.106250 0.581481
1 0.044531 0.512037 0.230729 1.090741
1 0.224479 0.399074 0.060417 0.312963
1 0.299740 0.399537 0.053646 0.308333
1 0.368490 0.368981 0.021354 0.117593
1 0.392448 0.357870 0.026562 0.121296
1 0.724479 0.358333 0.023958 0.125926
1 0.559115 0.412037 0.059896 0.381481
1 0.973437 0.361574 0.020833 0.104630
1 0.941667 0.360185 0.019792 0.098148
1 0.865885 0.353241 0.014063 0.075000
1 0.856250 0.356481 0.015625 0.075926
1 0.474479 0.378241 0.045833 0.282407
1 0.420573 0.360648 0.022396 0.110185
1 0.693490 0.360648 0.020313 0.100926
1 0.704427 0.364815 0.016146 0.087037
1 0.450000 0.362500 0.026042 0.110185
