1 0.844792 0.654630 0.048958 0.214815
1 0.265104 0.020833 0.031250 0.171296
1 0.326042 0.618056 0.045833 0.226852
1 0.914062 0.518981 0.047917 0.193519
1 0.530729 0.987037 0.039583 0.224074
1 0.351042 0.816667 0.036458 0.231481
7 0.377865 0.242593 0.040104 0.103704
7 0.367969 0.325463 0.029687 0.112037
1 0.433594 0.213426 0.033854 0.156481
1 0.515365 -0.009722 0.025521 0.130556
1 0.488542 -0.014352 0.027083 0.136111
1 0.333594 0.126852 0.020313 0.131481
1 0.141667 0.324537 0.031250 0.171296
1 0.105729 0.313426 0.031250 0.184259
1 0.601302 0.948611 0.061979 0.241667
1 0.638021 0.950926 0.048958 0.225926
1 0.403385 0.145370 0.021354 0.140741
1 0.420573 0.125926 0.027604 0.155556
1 0.297656 0.021296 0.022396 0.122222
7 0.327344 0.029167 0.031771 0.071296
1 0.268490 0.156481 0.023438 0.144444
7 0.651563 0.082407 0.031250 0.109259
1 0.153125 1.021759 0.043750 0.156481
1 0.191667 0.990278 0.052083 0.215741
1 0.303906 0.184722 0.026562 0.162037
1 0.162240 0.077778 0.028646 0.146296
1 0.200521 0.183333 0.026042 0.159259
1 0.163021 0.193056 0.025000 0.156481
1 0.197917 0.165741 0.026042 0.159259
1 0.129688 0.199074 0.027083 0.148148
1 0.117969 0.180093 0.026562 0.167593
1 0.155469 0.166667 0.029687 0.161111
1 0.158333 0.142593 0.027083 0.151852
1 0.467187 0.006944 0.026042 0.149074
1 0.204427 0.350926 0.033854 0.181481
1 0.266406 0.112963 0.031771 0.161111
1 0.869792 0.290741 0.036458 0.175926
1 0.821094 0.274074 0.026562 0.166667
1 0.786458 0.070370 0.030208 0.131481
1 1.004167 0.356944 0.036458 0.163889
1 0.851302 0.024074 0.027604 0.140741
1 0.805990 0.012037 0.026562 0.150000
1 0.241146 0.149537 0.023958 0.156481
1 0.220573 0.159259 0.025521 0.140741
1 0.195312 0.019444 0.025000 0.127778
1 0.234115 0.035185 0.030729 0.144444
1 0.198177 0.029167 0.026562 0.141667
7 0.647917 0.067593 0.033333 0.090741
