1 0.817187 0.579167 0.042708 0.150926
1 0.088021 0.600463 0.018750 0.093519
1 0.781771 0.613426 0.034375 0.163889
1 0.490625 0.501852 0.011458 0.046296
1 0.676562 0.517593 0.012500 0.074074
1 0.079948 0.601852 0.015104 0.088889
1 0.079427 0.614815 0.015104 0.090741
1 0.012240 0.611111 0.016146 0.090741
1 0.608594 0.551389 0.020313 0.089815
1 0.234375 0.516667 0.008333 0.035185
1 0.617708 0.542593 0.023958 0.100000
1 0.633594 0.540278 0.018229 0.104630
1 0.005729 0.612037 0.016667 0.094444
1 0.543229 0.520833 0.015625 0.071296
1 0.519531 0.522685 0.013021 0.062037
