1 0.884115 0.579167 0.038021 0.128704
1 0.708333 0.573148 0.026042 0.122222
1 0.089844 0.568981 0.015104 0.073148
1 0.624479 0.564352 0.025000 0.108333
1 0.569792 0.536111 0.012500 0.068519
1 0.009375 0.576389 0.010417 0.071296
1 0.433333 0.504630 0.007292 0.042593
1 0.083073 0.572685 0.011979 0.076852
1 0.082292 0.584259 0.013542 0.072222
1 0.020833 0.577315 0.014583 0.080556
1 0.031250 0.569444 0.014583 0.081481
1 0.517448 0.521759 0.013021 0.058333
1 0.507292 0.524074 0.011458 0.061111
1 0.568750 0.540278 0.015625 0.067593
1 0.582812 0.538426 0.014583 0.078704
1 0.536719 0.520370 0.014063 0.064815
1 0.553646 0.519444 0.012500 0.062963
1 0.487760 0.526852 0.011979 0.066667
1 0.463281 0.521759 0.011979 0.056481
