1 0.734375 0.637037 0.053125 0.224074
1 0.240365 0.356944 0.039062 0.199074
1 0.073698 0.622685 0.043229 0.230556
1 0.916146 0.519907 0.039583 0.193519
1 0.589583 0.975000 0.042708 0.238889
1 0.353646 0.820833 0.052083 0.232407
7 0.377865 0.242593 0.040104 0.103704
7 0.367969 0.325463 0.029687 0.112037
1 0.429688 0.218519 0.031250 0.161111
1 0.789323 0.131944 0.027604 0.136111
1 0.727344 0.242130 0.026562 0.150926
1 0.710677 0.250926 0.028646 0.168519
1 0.352604 0.241204 0.025000 0.149074
1 0.488542 0.283333 0.036458 0.174074
1 0.069010 0.410648 0.024479 0.173148
1 0.078646 0.393056 0.028125 0.187963
1 0.422656 0.290741 0.032813 0.174074
1 0.443750 0.298611 0.026042 0.158333
1 0.644531 0.238889 0.022396 0.150000
1 0.584635 0.210185 0.029687 0.161111
1 0.380469 0.071296 0.027604 0.150000
1 0.296615 0.020370 0.021354 0.125926
7 0.327344 0.029167 0.031771 0.071296
1 0.072135 0.700926 0.030729 0.201852
7 0.651563 0.081944 0.031250 0.108333
1 0.307292 0.308333 0.028125 0.172222
1 0.290885 0.325000 0.035937 0.190741
1 0.245573 0.062500 0.025521 0.139815
1 0.208594 0.056481 0.023438 0.148148
1 0.293229 0.136574 0.025000 0.154630
1 0.263802 0.112037 0.029687 0.148148
1 0.199479 0.178704 0.028125 0.162963
1 0.263542 0.237500 0.030208 0.154630
1 0.164062 0.193519 0.027083 0.157407
1 0.189583 0.163889 0.022917 0.162963
1 0.126823 0.193056 0.024479 0.152778
1 0.147396 0.169444 0.027083 0.170370
1 0.158594 0.150926 0.028646 0.155556
1 0.153125 0.142593 0.028125 0.153704
1 0.117188 0.174074 0.020833 0.159259
1 0.488802 -0.045370 0.021354 0.107407
1 0.202865 -0.006944 0.020313 0.137963
1 0.232292 0.833796 0.047917 0.249074
1 0.788542 -0.011574 0.025000 0.126852
7 0.646875 0.075463 0.033333 0.097222
1 0.651042 0.075463 0.036458 0.087963
