1 0.863281 0.571759 0.029687 0.123148
1 0.707812 0.568519 0.026042 0.118519
1 0.104427 0.566667 0.015104 0.070370
1 0.620573 0.560185 0.022396 0.094444
1 0.578125 0.534722 0.012500 0.065741
1 0.034115 0.569444 0.013021 0.070370
1 0.436198 0.500926 0.006771 0.044444
1 0.096875 0.566204 0.011458 0.075000
1 0.098177 0.574537 0.013021 0.069444
1 0.038542 0.570833 0.013542 0.076852
1 0.052083 0.562963 0.014583 0.079630
1 0.521354 0.516667 0.015625 0.057407
1 0.511458 0.518981 0.011458 0.060185
1 0.578646 0.534722 0.013542 0.063889
1 0.591146 0.526852 0.013542 0.074074
1 0.500000 0.515741 0.011458 0.048148
1 0.602344 0.527778 0.016146 0.075926
1 0.546615 0.516204 0.015104 0.063889
1 0.559896 0.512037 0.013542 0.059259
1 0.491146 0.514815 0.011458 0.062963
1 0.467969 0.518981 0.011979 0.052778
