1 0.619010 0.362963 0.030729 0.137037
1 0.453646 0.351852 0.029167 0.140741
1 0.364844 0.392593 0.058854 0.270370
1 0.977344 0.603241 0.128646 0.739815
1 0.201563 0.386111 0.059375 0.259259
1 0.491927 0.356944 0.026562 0.125000
1 0.526563 0.325000 0.012500 0.055556
1 0.567969 0.350000 0.024479 0.151852
1 0.574219 0.356481 0.024479 0.137037
1 0.653125 0.343056 0.018750 0.110185
1 0.314583 0.349537 0.019792 0.115741
1 0.298698 0.342593 0.023438 0.111111
1 0.305729 0.354630 0.022917 0.125926
1 0.020313 0.358796 0.027083 0.141667
1 0.503385 0.326389 0.009896 0.034259
7 0.466667 0.348148 0.018750 0.057407
