1 0.617448 0.367593 0.031771 0.138889
1 0.451562 0.357407 0.029167 0.140741
1 0.352083 0.401389 0.062500 0.287963
1 0.977083 0.616204 0.139583 0.728704
1 0.201563 0.392593 0.073958 0.274074
1 0.487500 0.363426 0.030208 0.126852
1 0.523177 0.337037 0.013021 0.055556
1 0.567708 0.362500 0.026042 0.154630
1 0.573177 0.362500 0.025521 0.137963
1 0.654948 0.353704 0.021354 0.109259
1 0.304167 0.355556 0.019792 0.120370
1 0.285677 0.351852 0.023438 0.114815
1 0.302344 0.360185 0.022396 0.129630
1 0.010677 0.363426 0.027604 0.143519
1 0.500781 0.333796 0.009896 0.034259
7 0.445833 0.351852 0.021875 0.051852
7 0.465104 0.357407 0.018750 0.057407
1 0.384635 0.337037 0.010937 0.059259
