1 0.833333 0.583796 0.045833 0.150926
1 0.092188 0.599074 0.017708 0.092593
1 0.803646 0.620370 0.040625 0.168519
1 0.623437 0.548611 0.019792 0.089815
1 0.499479 0.503241 0.011458 0.045370
1 0.686458 0.523611 0.013542 0.086111
1 0.084115 0.600926 0.015104 0.090741
1 0.083594 0.614352 0.015104 0.091667
1 0.015104 0.612500 0.015625 0.093519
1 0.617969 0.556019 0.020313 0.091667
1 0.241146 0.516667 0.008333 0.037037
1 0.640625 0.543519 0.018750 0.101852
1 0.004687 0.611574 0.017708 0.097222
1 0.550260 0.523611 0.017188 0.069444
1 0.527344 0.522685 0.013021 0.062037
