1 0.845833 0.654630 0.051042 0.214815
1 0.301823 0.643056 0.050521 0.226852
1 0.917708 0.516667 0.039583 0.194444
1 0.477604 0.992593 0.045833 0.214815
1 0.351042 0.816667 0.036458 0.231481
7 0.377865 0.242593 0.040104 0.103704
7 0.367969 0.325463 0.029687 0.112037
1 0.423438 0.203704 0.033333 0.159259
1 0.336979 0.125463 0.020833 0.128704
1 0.185417 0.255556 0.028125 0.157407
1 0.158073 0.248148 0.028646 0.177778
1 0.403646 0.142130 0.026042 0.143519
1 0.403646 0.118519 0.030208 0.157407
1 0.299740 0.018981 0.025521 0.121296
7 0.327344 0.029167 0.031771 0.071296
1 0.251563 0.037963 0.021875 0.129630
7 0.651563 0.081481 0.031250 0.109259
1 0.300000 0.187500 0.031250 0.160185
1 0.174740 0.049074 0.023438 0.138889
1 0.200000 0.180556 0.025000 0.159259
1 0.163021 0.192593 0.026042 0.155556
1 0.194010 0.169444 0.024479 0.161111
1 0.134375 0.200463 0.025000 0.150926
1 0.121615 0.180093 0.025521 0.169444
1 0.147917 0.165278 0.029167 0.162037
1 0.168229 0.151389 0.028125 0.150926
1 0.118229 0.174074 0.020833 0.159259
1 0.467187 -0.025463 0.026042 0.147222
1 0.173177 0.548148 0.039062 0.209259
1 0.219531 -0.036574 0.030729 0.125000
1 0.609896 0.715278 0.045833 0.236111
1 0.573698 0.731019 0.040104 0.232407
1 0.834375 0.151389 0.031250 0.160185
1 0.767188 0.149537 0.030208 0.149074
1 0.825260 0.025926 0.026562 0.127778
1 0.800260 0.008796 0.022396 0.134259
1 0.791927 0.086111 0.029687 0.135185
1 0.562760 -0.037500 0.021354 0.117593
1 0.384115 -0.034722 0.022396 0.123148
1 0.280990 -0.021296 0.019271 0.122222
1 0.249479 0.277315 0.027083 0.171296
1 0.222917 0.277778 0.036458 0.159259
1 0.146094 0.046759 0.025521 0.130556
1 0.258594 0.145370 0.030729 0.153704
1 0.228385 0.147685 0.028646 0.154630
1 0.258073 0.123148 0.025521 0.142593
1 0.443229 -0.004167 0.025000 0.132407
