1 0.604688 0.377778 0.032292 0.138889
1 0.432812 0.380093 0.031250 0.154630
1 0.176302 0.479630 0.133854 0.496296
1 0.490104 0.379630 0.029167 0.142593
1 0.585156 0.352315 0.018229 0.078704
1 0.669531 0.399537 0.039062 0.263889
1 0.338281 0.368981 0.020313 0.097222
1 0.656771 0.400463 0.038542 0.230556
1 0.521875 0.352315 0.014583 0.060185
1 0.546094 0.346759 0.010937 0.037963
1 0.529948 0.342593 0.010937 0.042593
7 0.473698 0.375926 0.023438 0.070370
7 0.493490 0.374074 0.023438 0.068519
1 0.333594 0.351852 0.015104 0.066667
1 0.365104 0.354167 0.012500 0.060185
1 0.375000 0.355093 0.011458 0.058333
