1 0.989583 0.774537 0.061458 0.289815
1 0.897656 0.571296 0.031771 0.105556
1 0.825260 0.561574 0.022396 0.108333
1 0.074740 0.599537 0.023438 0.123148
1 0.011979 0.645370 0.033333 0.157407
1 0.702604 0.518519 0.013542 0.050000
1 0.657292 0.530093 0.015625 0.076852
1 0.704688 0.513426 0.010417 0.052778
1 0.372917 0.487037 0.006250 0.029630
1 0.014323 0.578704 0.024479 0.098148
1 0.229167 0.517593 0.009375 0.053704
1 0.527344 0.488426 0.008854 0.041667
1 0.726562 0.513426 0.016667 0.065741
1 0.260156 0.521296 0.009896 0.059259
1 0.265104 0.528241 0.011458 0.062037
1 0.217708 0.522222 0.011458 0.062963
1 0.240625 0.514352 0.011458 0.056481
1 0.557552 0.504630 0.009896 0.048148
1 0.566927 0.505556 0.013021 0.048148
1 0.632292 0.506481 0.011458 0.051852
1 0.622396 0.509722 0.011458 0.054630
1 0.732812 0.516204 0.010417 0.063889
1 0.677865 0.509722 0.009896 0.058333
1 0.687760 0.508796 0.013021 0.058333
1 0.717187 0.513426 0.010417 0.058333
1 0.584635 0.506481 0.009896 0.044444
1 0.641146 0.507407 0.012500 0.048148
