1 0.735677 0.637500 0.053646 0.223148
1 0.230208 0.429167 0.043750 0.213889
1 0.074740 0.623611 0.043229 0.230556
1 0.916406 0.519907 0.039062 0.193519
1 0.646354 1.000000 0.042708 0.198148
1 0.354167 0.820833 0.052083 0.232407
7 0.377865 0.242593 0.040104 0.103704
7 0.367969 0.325463 0.029687 0.112037
1 0.429688 0.218519 0.031250 0.161111
1 0.990885 0.353241 0.036979 0.176852
1 0.788542 0.132407 0.027083 0.135185
1 0.817708 0.281944 0.026042 0.160185
1 0.782552 0.284722 0.030729 0.180556
1 0.463802 0.263426 0.038021 0.160185
1 0.540365 0.245370 0.038021 0.161111
1 0.095573 0.422222 0.030729 0.174074
1 0.096615 0.399074 0.034896 0.190741
1 0.459635 0.231944 0.029687 0.171296
1 0.481250 0.237500 0.028125 0.154630
1 0.552083 -0.026852 0.023958 0.112963
1 0.533333 -0.025463 0.021875 0.110185
1 0.722917 0.274537 0.020833 0.154630
1 0.696094 0.240741 0.029687 0.153704
1 0.380469 0.070833 0.027604 0.150926
1 0.295833 0.022222 0.018750 0.120370
7 0.327344 0.029167 0.031771 0.071296
1 0.021615 0.816667 0.034896 0.216667
7 0.651563 0.080093 0.031250 0.106481
1 0.269792 0.245833 0.028125 0.163889
1 0.275781 0.258796 0.042188 0.180556
1 0.241927 0.106944 0.025521 0.147222
1 0.215365 0.118056 0.025521 0.150926
1 0.292708 0.136574 0.022917 0.154630
1 0.267448 0.112963 0.027604 0.148148
1 0.199219 0.179167 0.027604 0.163889
1 0.244271 0.167130 0.027083 0.141667
1 0.161458 0.192593 0.027083 0.157407
1 0.190885 0.161574 0.021354 0.158333
1 0.122917 0.195370 0.025000 0.151852
1 0.145313 0.169907 0.023958 0.171296
1 0.151042 0.155093 0.030208 0.156481
1 0.152083 0.142593 0.028125 0.153704
1 0.118229 0.174074 0.020833 0.159259
1 0.486979 -0.045833 0.020833 0.106481
1 0.228646 0.989815 0.052083 0.222222
7 0.648698 0.068981 0.033854 0.100926
