1 0.736198 0.637500 0.053646 0.223148
1 0.219271 0.472685 0.043750 0.219444
1 0.074740 0.624074 0.043229 0.231481
1 0.917708 0.520833 0.038542 0.193519
1 0.614583 1.000926 0.039583 0.198148
1 0.354687 0.820833 0.052083 0.232407
7 0.377865 0.242593 0.040104 0.103704
7 0.367969 0.325463 0.029687 0.112037
1 0.429688 0.218519 0.031250 0.161111
1 0.959115 0.290741 0.032813 0.168519
1 0.788281 0.132407 0.027604 0.135185
1 0.857031 0.316667 0.030729 0.170370
1 0.815104 0.314815 0.031250 0.177778
1 0.554427 0.269907 0.043229 0.165741
1 0.553385 0.211574 0.032813 0.158333
1 0.123698 0.447222 0.032813 0.181481
1 0.138281 0.422222 0.031771 0.198148
1 0.472656 0.205556 0.029687 0.164815
1 0.489323 0.206944 0.026562 0.147222
1 0.552604 0.007407 0.023958 0.112963
1 0.533594 0.006944 0.023438 0.110185
1 0.757292 0.299537 0.026042 0.156481
1 0.737760 0.255093 0.025521 0.158333
1 0.380469 0.070833 0.027604 0.150926
1 0.400521 -0.018981 0.020833 0.100926
1 0.297396 0.020833 0.020833 0.121296
7 0.327344 0.029167 0.031771 0.071296
1 0.005208 0.900926 0.037500 0.229630
7 0.644792 0.085185 0.037500 0.105556
1 0.273438 0.215278 0.028125 0.162037
1 0.285677 0.229167 0.053646 0.175000
1 0.252865 0.140741 0.025521 0.157407
1 0.231250 0.150926 0.028125 0.155556
1 0.292187 0.136574 0.021875 0.154630
1 0.267969 0.112963 0.026562 0.148148
1 0.198958 0.179630 0.027083 0.164815
1 0.203125 0.144444 0.023958 0.142593
1 0.162240 0.192593 0.027604 0.157407
1 0.187240 0.160185 0.025521 0.161111
1 0.124740 0.194444 0.023438 0.151852
1 0.147656 0.171296 0.030729 0.166667
1 0.141667 0.156944 0.030208 0.156481
1 0.151562 0.142593 0.028125 0.153704
1 0.119271 0.173148 0.020833 0.161111
1 0.485938 -0.045833 0.019792 0.106481
1 0.647917 0.056481 0.040625 0.129630
