1 0.630990 0.512963 0.009896 0.053704
1 0.746875 0.568981 0.025000 0.113889
1 0.721094 0.565741 0.023438 0.100000
1 0.701823 0.573611 0.013021 0.106481
1 0.712500 0.573611 0.022917 0.104630
1 0.620313 0.517593 0.014583 0.066667
1 0.672396 0.893981 0.063542 0.310185
1 0.652604 0.840741 0.059375 0.288889
1 0.527865 0.741204 0.042188 0.243519
1 0.736979 0.570833 0.017708 0.093519
1 0.549479 0.754630 0.057292 0.264815
1 0.639062 0.577315 0.023958 0.108333
1 0.672656 0.575926 0.026562 0.109259
1 0.889583 0.657870 0.035417 0.173148
1 0.682813 0.800463 0.046875 0.267593
1 0.915885 0.642130 0.043229 0.150926
1 0.880208 0.624537 0.031250 0.152778
1 0.637240 0.564815 0.025521 0.098148
