1 0.846354 0.654630 0.052083 0.214815
1 0.358333 0.647685 0.041667 0.230556
1 0.916146 0.517130 0.039583 0.195370
1 0.474479 0.984259 0.044792 0.227778
1 0.351042 0.816667 0.036458 0.231481
7 0.377865 0.242593 0.040104 0.103704
7 0.367969 0.325463 0.029687 0.112037
1 0.434635 0.208796 0.040104 0.160185
1 0.336979 0.125463 0.020833 0.128704
1 0.194792 0.236111 0.025000 0.155556
1 0.173437 0.239352 0.037500 0.176852
1 0.405729 0.141204 0.028125 0.147222
1 0.398438 0.116667 0.029167 0.155556
1 0.301042 0.017593 0.027083 0.122222
7 0.327344 0.029167 0.031771 0.071296
1 0.265365 -0.012500 0.022396 0.115741
7 0.651563 0.081481 0.031250 0.109259
1 0.306250 0.188426 0.030208 0.158333
1 0.174740 0.049074 0.023438 0.138889
1 0.200000 0.177778 0.025000 0.159259
1 0.163021 0.192593 0.026042 0.155556
1 0.191927 0.161111 0.024479 0.161111
1 0.137500 0.199074 0.027083 0.155556
1 0.125521 0.180556 0.025000 0.168519
1 0.150521 0.165741 0.025000 0.161111
1 0.175000 0.150000 0.026042 0.150000
1 0.118750 0.171296 0.020833 0.159259
1 0.467187 -0.025463 0.026042 0.147222
1 0.159635 0.669444 0.042188 0.220370
1 0.544271 0.574074 0.039583 0.216667
1 0.500781 0.591204 0.035937 0.217593
1 0.755208 1.031019 0.038542 0.134259
1 0.977604 0.765278 0.047917 0.228704
1 0.800260 0.089352 0.036979 0.149074
1 0.749479 0.097685 0.026042 0.145370
1 0.880469 0.102315 0.026562 0.145370
1 0.827604 0.072222 0.023958 0.133333
1 0.780469 0.129630 0.030729 0.138889
1 0.573177 0.035185 0.030729 0.144444
1 0.431771 -0.042130 0.020833 0.113889
1 0.392448 0.003241 0.022396 0.125000
1 0.266927 0.041204 0.024479 0.123148
1 0.240625 0.350926 0.027083 0.183333
1 0.200260 0.353704 0.039062 0.166667
1 0.193229 0.131944 0.025000 0.160185
1 0.233073 -0.010185 0.022396 0.125926
1 0.213281 -0.031481 0.020313 0.111111
1 0.145833 0.047685 0.027083 0.128704
1 0.261198 0.214815 0.030729 0.162963
1 0.231250 0.207407 0.031250 0.157407
1 0.260417 0.191667 0.028125 0.155556
1 0.411458 -0.003241 0.022917 0.128704
