1 0.626823 0.346759 0.032813 0.136111
1 0.451042 0.353704 0.031250 0.162963
1 0.089063 0.528241 0.169792 0.649074
1 0.492708 0.355556 0.029167 0.144444
1 0.731771 0.386111 0.045833 0.320370
1 0.377604 0.343519 0.019792 0.100000
1 0.712760 0.388889 0.045312 0.281481
1 0.550000 0.325463 0.014583 0.060185
1 0.192188 0.404630 0.037500 0.257407
1 0.178125 0.327778 0.021875 0.105556
1 0.574740 0.322685 0.009896 0.047222
1 0.561979 0.316667 0.010417 0.051852
7 0.500521 0.346759 0.022917 0.073148
7 0.520312 0.355093 0.022917 0.073148
1 0.336979 0.327315 0.016667 0.065741
1 0.396094 0.325000 0.011979 0.059259
1 0.403125 0.330093 0.011458 0.058333
