0 0.853646 0.698148 0.041667 0.224074
0 0.253125 0.157870 0.035417 0.178704
0 0.345573 0.632407 0.048438 0.227778
0 0.915365 0.519907 0.041146 0.193519
0 0.530729 0.967130 0.046875 0.163889
0 0.351042 0.816667 0.036458 0.231481
2 0.377865 0.242593 0.040104 0.103704
2 0.367969 0.325463 0.029687 0.112037
0 0.429427 0.218519 0.030729 0.161111
0 0.541927 0.118519 0.027604 0.148148
0 0.511198 0.107870 0.030729 0.162037
0 0.275260 0.149074 0.025521 0.155556
0 0.070052 0.410648 0.026562 0.173148
0 0.054427 0.392130 0.036979 0.186111
0 0.465104 0.569444 0.044792 0.212963
0 0.495312 0.574537 0.036458 0.195370
0 0.406250 0.159259 0.029167 0.116667
0 0.382552 0.163426 0.028646 0.154630
0 0.122135 0.356944 0.027604 0.169444
2 0.651563 0.082407 0.031250 0.109259
0 0.249479 0.631944 0.036458 0.212037
0 0.194792 0.618981 0.046875 0.226852
0 0.295312 0.135185 0.028125 0.151852
0 0.181771 0.127315 0.032292 0.150926
0 0.200521 0.180556 0.027083 0.162963
0 0.597396 0.518519 0.036458 0.185185
0 0.160938 0.195833 0.027083 0.156481
0 0.194531 0.163426 0.025521 0.162037
0 0.128906 0.201852 0.028646 0.144444
0 0.133594 0.186574 0.032813 0.158333
0 0.148438 0.155556 0.029167 0.161111
0 0.147917 0.142130 0.025000 0.152778
0 0.117708 0.174074 0.020833 0.159259
0 0.236979 0.152315 0.029167 0.160185
0 0.252344 0.367130 0.041146 0.195370
0 0.946094 0.500000 0.034896 0.192593
0 0.940365 0.174537 0.032813 0.149074
0 0.948698 0.136111 0.033854 0.153704
0 0.871875 0.103241 0.038542 0.154630
2 0.646615 0.075463 0.032813 0.086111
0 0.651042 0.075926 0.034375 0.083333
