1 0.980208 0.655556 0.141667 0.775926
1 0.460417 0.456481 0.037500 0.161111
1 0.387500 0.433333 0.025000 0.116667
1 0.289062 0.425926 0.017708 0.088889
1 0.222917 0.433333 0.032292 0.124074
1 0.365104 0.425000 0.021875 0.107407
1 0.441667 0.428241 0.020833 0.113889
1 0.395573 0.426852 0.017188 0.103704
1 0.177865 0.421759 0.018229 0.084259
1 0.166146 0.428241 0.014583 0.073148
1 0.198958 0.432870 0.017708 0.087963
1 0.154427 0.419907 0.009896 0.054630
1 0.319792 0.412500 0.013542 0.063889
7 0.261198 0.420833 0.019271 0.045370
7 0.273958 0.420833 0.015625 0.043519
7 0.650000 0.442130 0.021875 0.113889
