1 0.846615 0.655556 0.052604 0.216667
1 0.360677 0.642130 0.036979 0.225000
1 0.916146 0.518981 0.039583 0.195370
1 0.501042 0.981481 0.041667 0.235185
1 0.351042 0.816667 0.036458 0.231481
7 0.377865 0.242593 0.040104 0.103704
7 0.367969 0.325463 0.029687 0.112037
1 0.431510 0.208333 0.036979 0.157407
1 0.337240 0.125463 0.020313 0.128704
1 0.196094 0.235185 0.027604 0.153704
1 0.191406 0.242130 0.033854 0.176852
1 0.405469 0.141667 0.028646 0.146296
1 0.397917 0.112500 0.027083 0.154630
1 0.302083 0.016204 0.028125 0.123148
7 0.327344 0.029167 0.031771 0.071296
7 0.651563 0.081481 0.031250 0.109259
1 0.299740 0.187037 0.024479 0.155556
1 0.174740 0.050000 0.023438 0.138889
1 0.203646 0.180556 0.029167 0.157407
1 0.164062 0.193981 0.026042 0.154630
1 0.198437 0.157870 0.023958 0.158333
1 0.133333 0.204167 0.028125 0.152778
1 0.123958 0.178704 0.027083 0.170370
1 0.153385 0.162037 0.030729 0.157407
1 0.191146 0.143519 0.026042 0.150000
1 0.119271 0.164815 0.020833 0.159259
1 0.467187 -0.025463 0.026042 0.147222
1 0.196354 0.871759 0.045833 0.247222
1 0.500781 0.400000 0.034896 0.198148
1 0.457292 0.407407 0.033333 0.192593
1 0.652604 0.778241 0.046875 0.249074
1 0.931510 0.742130 0.050521 0.228704
1 0.962500 0.697685 0.037500 0.226852
1 0.772396 0.025463 0.033333 0.134259
1 0.739583 0.023148 0.022917 0.137037
1 0.941667 0.234259 0.035417 0.166667
1 0.874740 0.196759 0.029687 0.156481
1 0.783073 0.217593 0.032813 0.150000
1 0.619792 0.174074 0.033333 0.153704
1 0.447396 -0.012500 0.025000 0.145370
1 0.416667 -0.015741 0.023958 0.142593
1 0.391146 0.008333 0.027083 0.135185
1 0.266146 0.127315 0.027083 0.141667
1 0.220312 0.488426 0.033333 0.197222
1 0.182292 0.491667 0.043750 0.181481
1 0.246094 0.143981 0.027604 0.162037
1 0.239583 0.072685 0.030208 0.145370
1 0.211979 0.048611 0.027083 0.137963
1 0.125000 0.056019 0.021875 0.126852
1 0.233073 0.322685 0.035937 0.176852
1 0.186979 0.323148 0.033333 0.175926
1 0.272135 0.306944 0.033854 0.167593
1 0.380208 -0.007407 0.021875 0.124074
