0 0.845313 0.654630 0.050000 0.214815
0 0.219271 0.614815 0.033333 0.227778
0 0.916146 0.518056 0.048958 0.191667
0 0.457813 0.982407 0.042708 0.235185
0 0.351042 0.816667 0.036458 0.231481
2 0.377865 0.242593 0.040104 0.103704
2 0.367969 0.325463 0.029687 0.112037
0 0.430208 0.211111 0.022917 0.161111
0 0.336979 0.125463 0.020833 0.128704
0 0.173437 0.275463 0.029167 0.163889
0 0.148177 0.271759 0.029687 0.182407
0 0.402865 0.145833 0.024479 0.139815
0 0.404167 0.123611 0.028125 0.158333
0 0.298958 0.019907 0.023958 0.121296
2 0.327344 0.029167 0.031771 0.071296
0 0.258594 0.085185 0.022396 0.127778
2 0.651563 0.081481 0.031250 0.109259
0 0.305729 0.183333 0.027083 0.162963
0 0.183073 0.049537 0.026562 0.139815
0 0.200000 0.182407 0.025000 0.159259
0 0.163021 0.193519 0.025000 0.155556
0 0.193750 0.164815 0.025000 0.161111
0 0.131510 0.197685 0.025521 0.150926
0 0.121875 0.179630 0.026042 0.170370
0 0.148698 0.167130 0.028646 0.162037
0 0.157552 0.141667 0.027604 0.151852
0 0.118229 0.174074 0.020833 0.159259
0 0.472135 -0.015278 0.025521 0.149074
0 0.173177 0.456019 0.039062 0.195370
0 0.255469 0.024074 0.030729 0.148148
0 0.704427 0.855093 0.043229 0.247222
0 0.657813 0.880556 0.045833 0.246296
0 0.852083 0.209259 0.035417 0.168519
0 0.781510 0.200926 0.026562 0.157407
0 0.740365 -0.018056 0.022396 0.117593
0 0.781510 -0.040741 0.022396 0.114815
0 0.786198 0.072222 0.029687 0.131481
0 0.808594 -0.035648 0.026562 0.125000
0 0.264844 0.218519 0.024479 0.162963
0 0.234115 0.220833 0.036979 0.150926
0 0.147135 0.046759 0.024479 0.130556
0 0.228646 0.098148 0.029167 0.148148
0 0.199479 0.096296 0.027083 0.140741
0 0.230729 0.082407 0.023958 0.140741
0 0.839323 -0.005093 0.020313 0.080556
0 0.542969 0.017593 0.033854 0.129630
