1 0.429948 0.545370 0.115104 0.622222
1 0.067969 0.658796 0.252604 1.176852
1 0.346354 0.460648 0.031250 0.145370
1 0.388281 0.450926 0.038021 0.174074
1 0.788021 0.421296 0.023958 0.125926
1 0.571354 0.503241 0.094792 0.423148
1 0.928125 0.425463 0.018750 0.093519
1 0.917708 0.428241 0.017708 0.087963
1 0.233854 0.497222 0.051042 0.301852
1 0.497917 0.466204 0.048958 0.302778
1 0.509375 0.458796 0.044792 0.212037
1 0.652083 0.436111 0.022917 0.109259
1 0.661979 0.439815 0.017708 0.101852
1 0.710938 0.736574 0.013542 0.047222
1 0.369010 0.447685 0.019271 0.099074
