1 0.735156 0.637500 0.053646 0.223148
1 0.236198 0.406944 0.042188 0.212037
1 0.074740 0.623148 0.043229 0.229630
1 0.916406 0.519907 0.039062 0.193519
1 0.635417 0.993519 0.043750 0.209259
1 0.354167 0.820833 0.052083 0.232407
7 0.377865 0.242593 0.040104 0.103704
7 0.367969 0.325463 0.029687 0.112037
1 0.429688 0.218519 0.031250 0.161111
1 1.008073 0.380093 0.036979 0.176852
1 0.788802 0.131944 0.027604 0.136111
1 0.790625 0.270370 0.026042 0.161111
1 0.760677 0.274074 0.035937 0.174074
1 0.415885 0.255556 0.028646 0.162963
1 0.527604 0.260648 0.036458 0.169444
1 0.079427 0.415741 0.023438 0.177778
1 0.084375 0.393519 0.033333 0.187037
1 0.451042 0.248148 0.027083 0.172222
1 0.472656 0.254630 0.027604 0.153704
1 0.551562 -0.042593 0.023958 0.111111
1 0.701562 0.263426 0.020833 0.150926
1 0.662240 0.229630 0.040104 0.150000
1 0.380469 0.070833 0.027604 0.150926
1 0.296094 0.022685 0.020313 0.119444
7 0.327344 0.029167 0.031771 0.071296
1 0.023438 0.779630 0.034375 0.214815
7 0.651563 0.080556 0.031250 0.107407
1 0.283854 0.264352 0.028125 0.163889
1 0.275781 0.277778 0.041146 0.181481
1 0.239844 0.093056 0.026562 0.149074
1 0.212240 0.100000 0.027604 0.150000
1 0.292708 0.136574 0.023958 0.154630
1 0.266927 0.112963 0.028646 0.148148
1 0.199479 0.178704 0.028125 0.162963
1 0.263021 0.185185 0.030208 0.142593
1 0.165104 0.192593 0.027083 0.157407
1 0.187500 0.160185 0.023958 0.162963
1 0.122656 0.196296 0.025521 0.151852
1 0.146615 0.169907 0.025521 0.171296
1 0.151823 0.150926 0.029687 0.155556
1 0.152604 0.142593 0.028125 0.153704
1 0.117708 0.174074 0.020833 0.159259
1 0.487500 -0.045370 0.020833 0.107407
1 0.188021 -0.022222 0.025000 0.120370
1 0.227604 0.943519 0.050000 0.248148
7 0.648438 0.073148 0.034375 0.101852
