0 0.846354 0.654630 0.052083 0.214815
0 0.358073 0.650926 0.041146 0.231481
0 0.916146 0.517130 0.039583 0.195370
0 0.493229 0.980093 0.042708 0.133333
0 0.351042 0.816667 0.036458 0.231481
2 0.377865 0.242593 0.040104 0.103704
2 0.367969 0.325463 0.029687 0.112037
0 0.433073 0.208796 0.039062 0.158333
0 0.337240 0.125463 0.020313 0.128704
0 0.195052 0.236111 0.025521 0.155556
0 0.174479 0.239352 0.035417 0.176852
0 0.405990 0.141204 0.027604 0.147222
0 0.399479 0.116667 0.027083 0.155556
2 0.651563 0.081481 0.031250 0.109259
0 0.306250 0.188426 0.030208 0.158333
0 0.200000 0.177778 0.025000 0.159259
0 0.163021 0.193981 0.026042 0.154630
0 0.195573 0.161111 0.024479 0.161111
0 0.138021 0.200000 0.026042 0.153704
0 0.126302 0.180556 0.024479 0.170370
0 0.141146 0.164815 0.025000 0.161111
0 0.177604 0.150000 0.026042 0.150000
0 0.118750 0.169444 0.020833 0.159259
0 0.170313 0.710185 0.043750 0.231481
0 0.528906 0.530093 0.033854 0.210185
0 0.483594 0.546759 0.035937 0.210185
0 0.735417 0.989352 0.051042 0.112037
0 0.938542 0.741667 0.050000 0.212963
0 0.975521 0.700000 0.041667 0.235185
0 0.793750 0.071296 0.028125 0.142593
0 0.753385 0.076852 0.026562 0.138889
0 0.896875 0.129630 0.027083 0.157407
0 0.835156 0.100463 0.031771 0.137963
0 0.786458 0.150926 0.030208 0.142593
0 0.237500 0.377778 0.028125 0.188889
0 0.194531 0.383796 0.042188 0.163889
0 0.217969 0.133333 0.028646 0.157407
0 0.264844 0.241667 0.031771 0.170370
0 0.226562 0.235648 0.029167 0.163889
0 0.258333 0.219907 0.029167 0.156481
