1 0.840104 0.658333 0.033333 0.220370
1 0.251563 0.076852 0.033333 0.162963
1 0.444010 0.680093 0.040104 0.241667
1 0.916406 0.522222 0.040104 0.198148
1 0.559115 0.981481 0.043229 0.237037
1 0.351042 0.816667 0.036458 0.231481
7 0.377865 0.242593 0.040104 0.103704
7 0.367969 0.325463 0.029687 0.112037
1 0.421094 0.213889 0.028646 0.157407
1 0.531250 0.031944 0.027083 0.137963
1 0.498698 0.025000 0.028646 0.148148
1 0.316667 0.130556 0.017708 0.137037
1 0.105208 0.382407 0.034375 0.179630
1 0.076823 0.358333 0.028646 0.188889
1 0.532031 0.800000 0.063021 0.240741
1 0.566667 0.798611 0.042708 0.208333
1 0.405729 0.148148 0.023958 0.133333
1 0.410677 0.160648 0.027604 0.154630
1 0.297135 0.022222 0.021354 0.122222
7 0.327344 0.029167 0.031771 0.071296
1 0.206510 0.223148 0.027604 0.151852
7 0.651563 0.082407 0.031250 0.109259
1 0.158333 0.892593 0.041667 0.240741
1 0.125521 0.863426 0.050000 0.258333
1 0.284375 0.177315 0.030208 0.160185
1 0.167708 0.116667 0.021875 0.151852
1 0.200521 0.182870 0.027083 0.162037
1 0.950000 0.709722 0.034375 0.199074
1 0.163802 0.193519 0.026562 0.157407
1 0.199219 0.166667 0.023438 0.164815
1 0.128646 0.200000 0.031250 0.146296
1 0.129167 0.182407 0.028125 0.161111
1 0.160938 0.163426 0.029167 0.160185
1 0.145313 0.146759 0.026042 0.145370
1 0.117708 0.174074 0.020833 0.159259
1 0.472917 0.032407 0.025000 0.150000
1 0.217708 0.273611 0.031250 0.176852
1 0.258333 0.194907 0.032292 0.167593
1 0.903125 0.376852 0.038542 0.185185
1 0.843229 0.352315 0.029167 0.176852
1 0.788542 0.062963 0.029167 0.129630
1 0.937760 0.282870 0.036979 0.158333
1 0.881771 0.085185 0.027083 0.151852
1 0.851042 0.079167 0.028125 0.158333
1 0.995052 0.302315 0.035937 0.176852
1 0.221615 0.106481 0.023438 0.146296
1 0.197396 0.112500 0.028125 0.136111
1 0.201302 -0.033333 0.023438 0.118519
1 0.222135 -0.022685 0.026562 0.141667
1 0.276302 -0.030556 0.023438 0.133333
7 0.647396 0.071759 0.033333 0.086111
