1 0.140365 0.647685 0.019271 0.126852
1 0.641667 0.513426 0.012500 0.052778
1 0.123438 0.650926 0.020833 0.122222
1 0.127865 0.662037 0.017188 0.120370
1 0.120313 0.670370 0.015625 0.116667
1 0.030208 0.662963 0.026042 0.120370
1 0.696354 0.503704 0.010417 0.053704
1 0.681510 0.505093 0.011979 0.054630
1 0.669010 0.501389 0.014063 0.052778
1 0.752344 0.629167 0.032813 0.136111
1 0.818750 0.610648 0.027083 0.137963
1 0.732031 0.608333 0.032813 0.138889
1 0.761719 0.537037 0.015104 0.075926
1 0.929427 0.553704 0.019271 0.094444
1 0.760417 0.608333 0.032292 0.151852
1 0.021354 0.664815 0.028125 0.129630
1 0.730729 0.538889 0.017708 0.075926
1 0.751042 0.536111 0.015625 0.062963
1 0.774219 0.553704 0.014063 0.072222
1 0.806771 0.602778 0.017708 0.137037
1 0.798438 0.553241 0.014583 0.071296
1 0.694792 0.535185 0.021875 0.070370
1 0.720833 0.538426 0.013542 0.058333
1 0.711458 0.537963 0.012500 0.059259
