1 0.845313 0.653704 0.050000 0.216667
1 0.261979 0.028704 0.031250 0.168519
1 0.355990 0.622222 0.040104 0.233333
1 0.913542 0.519444 0.046875 0.194444
1 0.535937 0.985185 0.039583 0.229630
1 0.351042 0.816667 0.036458 0.231481
7 0.377865 0.242593 0.040104 0.103704
7 0.367969 0.325463 0.029687 0.112037
1 0.433333 0.213889 0.032292 0.157407
1 0.519010 -0.003241 0.025521 0.130556
1 0.490885 -0.006481 0.027604 0.140741
1 0.333594 0.126852 0.020313 0.131481
1 0.138802 0.329167 0.031771 0.169444
1 0.103125 0.324074 0.030208 0.190741
1 0.591406 0.928704 0.065104 0.242593
1 0.631771 0.930556 0.051042 0.227778
1 0.403385 0.145370 0.021354 0.140741
1 0.428385 0.126389 0.028646 0.150926
1 0.297396 0.021296 0.021875 0.122222
7 0.327344 0.029167 0.031771 0.071296
1 0.265365 0.166667 0.023438 0.144444
7 0.651563 0.082407 0.031250 0.109259
1 0.154427 1.006944 0.043229 0.186111
1 0.191406 0.974537 0.053646 0.247222
1 0.305729 0.186574 0.025000 0.160185
1 0.165625 0.087037 0.028125 0.146296
1 0.200781 0.183796 0.026562 0.160185
1 0.163021 0.193056 0.025000 0.156481
1 0.195573 0.165741 0.024479 0.162963
1 0.126823 0.199074 0.027604 0.148148
1 0.117448 0.179167 0.026562 0.167593
1 0.161719 0.167593 0.027604 0.151852
1 0.157552 0.143519 0.027604 0.150000
1 0.466667 0.012500 0.026042 0.149074
1 0.206510 0.345370 0.032813 0.181481
1 0.267448 0.124074 0.031771 0.161111
1 0.877865 0.301389 0.036979 0.182407
1 0.823698 0.282870 0.026562 0.167593
1 0.786458 0.070370 0.030208 0.131481
1 0.995313 0.346759 0.036458 0.163889
1 0.860417 0.034259 0.027083 0.140741
1 0.813542 0.024537 0.027083 0.150926
1 0.236979 0.142593 0.025000 0.153704
1 0.216146 0.152315 0.023958 0.141667
1 0.196875 0.011574 0.025000 0.126852
1 0.235156 0.028704 0.029687 0.144444
1 0.202865 0.022685 0.026562 0.141667
7 0.647135 0.070833 0.032813 0.084259
