0 0.846094 0.654630 0.051562 0.214815
0 0.362240 0.647685 0.047396 0.232407
0 0.916146 0.516667 0.038542 0.196296
0 0.470052 0.982870 0.040104 0.131481
0 0.351042 0.816667 0.036458 0.231481
2 0.377865 0.242593 0.040104 0.103704
2 0.367969 0.325463 0.029687 0.112037
0 0.428385 0.207407 0.033854 0.161111
0 0.336979 0.125463 0.020833 0.128704
0 0.192969 0.242130 0.024479 0.154630
0 0.167708 0.240278 0.033333 0.176852
0 0.405990 0.141204 0.028646 0.147222
0 0.398958 0.116204 0.029167 0.156481
2 0.651563 0.081481 0.031250 0.109259
0 0.305729 0.188426 0.030208 0.158333
0 0.200000 0.178704 0.025000 0.159259
0 0.163021 0.192593 0.026042 0.155556
0 0.189323 0.165741 0.024479 0.161111
0 0.136458 0.199537 0.025000 0.152778
0 0.123698 0.181481 0.025521 0.166667
0 0.149479 0.166667 0.028125 0.161111
0 0.175521 0.150000 0.026042 0.150000
0 0.118750 0.172222 0.020833 0.159259
0 0.163021 0.632870 0.040625 0.221296
0 0.564063 0.614815 0.048958 0.224074
0 0.520573 0.631481 0.035937 0.220370
0 0.814844 0.112963 0.030729 0.151852
0 0.754687 0.111574 0.025000 0.145370
0 0.866927 0.073611 0.027604 0.145370
0 0.783073 0.112037 0.029687 0.140741
0 0.241927 0.325926 0.027604 0.177778
0 0.213021 0.326852 0.037500 0.164815
0 0.158854 0.134722 0.022917 0.160185
0 0.261979 0.193056 0.029167 0.163889
0 0.234375 0.189815 0.028125 0.159259
0 0.263021 0.170370 0.027083 0.157407
