1 0.846094 0.654630 0.051562 0.214815
1 0.363021 0.648148 0.046875 0.233333
1 0.916146 0.516667 0.038542 0.196296
1 0.469531 0.983796 0.040104 0.228704
1 0.351042 0.816667 0.036458 0.231481
7 0.377865 0.242593 0.040104 0.103704
7 0.367969 0.325463 0.029687 0.112037
1 0.428906 0.208333 0.034896 0.161111
1 0.336979 0.125463 0.020833 0.128704
1 0.192969 0.241204 0.024479 0.154630
1 0.169271 0.239352 0.032292 0.176852
1 0.405990 0.140278 0.028646 0.147222
1 0.398958 0.116204 0.029167 0.156481
1 0.300781 0.018056 0.026562 0.121296
7 0.327344 0.029167 0.031771 0.071296
1 0.249479 0.002315 0.022917 0.121296
7 0.651563 0.081481 0.031250 0.109259
1 0.305729 0.188426 0.030208 0.158333
1 0.174740 0.049074 0.023438 0.138889
1 0.200000 0.178704 0.025000 0.159259
1 0.163021 0.192593 0.026042 0.155556
1 0.188802 0.165741 0.024479 0.161111
1 0.136979 0.200000 0.025000 0.153704
1 0.124219 0.181481 0.025521 0.166667
1 0.149740 0.166204 0.027604 0.162037
1 0.175521 0.150000 0.026042 0.150000
1 0.118750 0.172222 0.020833 0.159259
1 0.467187 -0.025463 0.026042 0.147222
1 0.163021 0.639815 0.041667 0.220370
1 0.560937 0.603704 0.044792 0.218519
1 0.515625 0.623611 0.036458 0.219444
1 0.813281 0.109259 0.028646 0.151852
1 0.753385 0.108333 0.025521 0.144444
1 0.869271 0.078241 0.029167 0.145370
1 0.819531 0.052778 0.024479 0.133333
1 0.783073 0.114815 0.029687 0.138889
1 0.570052 0.006944 0.026562 0.145370
1 0.391146 -0.004167 0.021875 0.125000
1 0.271354 0.020833 0.019792 0.125000
1 0.241406 0.330093 0.027604 0.178704
1 0.209635 0.332407 0.041146 0.164815
1 0.165885 0.133796 0.023438 0.160185
1 0.238281 -0.027778 0.022396 0.125926
1 0.145833 0.047685 0.027083 0.128704
1 0.262500 0.197685 0.029167 0.163889
1 0.234115 0.192593 0.027604 0.159259
1 0.263021 0.175000 0.027083 0.157407
1 0.410677 -0.003241 0.023438 0.128704
