1 0.140885 0.624537 0.019271 0.110185
1 0.596354 0.503704 0.011458 0.051852
1 0.126823 0.628241 0.018229 0.106481
1 0.130990 0.636574 0.017188 0.102778
1 0.124479 0.646296 0.016667 0.103704
1 0.045312 0.639352 0.022917 0.106481
1 0.707292 0.593519 0.026042 0.116667
1 0.748437 0.574074 0.023958 0.112963
1 0.700781 0.560185 0.011979 0.094444
1 0.840885 0.539352 0.017188 0.097222
1 0.726042 0.562500 0.026042 0.104630
1 0.037500 0.642130 0.026042 0.112037
1 0.686198 0.531019 0.015104 0.080556
1 0.699219 0.542593 0.016146 0.077778
1 0.748958 0.570370 0.026042 0.109259
1 0.733333 0.538889 0.014583 0.075926
1 0.648958 0.522685 0.020833 0.060185
1 0.638281 0.518519 0.011979 0.046296
1 0.672656 0.527778 0.013021 0.068519
1 0.662500 0.527315 0.012500 0.063889
