1 0.851302 0.567130 0.025521 0.115741
1 0.746875 0.557870 0.021875 0.113889
1 0.178125 0.537963 0.014583 0.064815
1 0.623698 0.538426 0.018229 0.084259
1 0.635417 0.520833 0.011458 0.058333
1 0.127604 0.537037 0.009375 0.059259
1 0.469531 0.489352 0.009896 0.043519
1 0.172396 0.538426 0.009375 0.065741
1 0.174740 0.547222 0.011979 0.061111
1 0.122917 0.539352 0.012500 0.067593
1 0.144010 0.534259 0.013021 0.062963
1 0.502344 0.508333 0.010937 0.053704
1 0.564844 0.507407 0.011979 0.055556
1 0.554167 0.510185 0.011458 0.057407
1 0.652344 0.514815 0.015104 0.068519
1 0.601042 0.504630 0.008333 0.057407
1 0.614844 0.504167 0.015104 0.060185
1 0.510677 0.506019 0.008854 0.056481
