1 0.511458 0.426852 0.102083 0.581481
1 0.036458 0.512963 0.225000 1.094444
1 0.220312 0.398611 0.060417 0.315741
1 0.296875 0.399537 0.053125 0.312037
1 0.366927 0.368056 0.021354 0.117593
1 0.390885 0.357870 0.026562 0.121296
1 0.723437 0.359259 0.023958 0.125926
1 0.557552 0.412500 0.059896 0.384259
1 0.972396 0.363426 0.020833 0.104630
1 0.941146 0.360185 0.019792 0.098148
1 0.865104 0.355556 0.013542 0.075926
1 0.855990 0.357870 0.016146 0.076852
1 0.473958 0.379630 0.045833 0.283333
1 0.419792 0.361574 0.021875 0.110185
1 0.692969 0.362963 0.020313 0.101852
1 0.702865 0.366204 0.016146 0.087963
1 0.449219 0.363426 0.025521 0.110185
