1 0.669010 0.531019 0.050521 0.304630
1 0.606250 0.498148 0.038542 0.162963
1 0.164062 0.533796 0.061458 0.258333
1 0.493750 0.468519 0.023958 0.112963
1 0.066667 0.509722 0.044792 0.186111
1 0.185417 0.501389 0.034375 0.180556
1 0.112500 0.515278 0.033333 0.169444
1 0.361979 0.463889 0.022917 0.111111
1 0.468750 0.471296 0.020833 0.100000
1 0.150000 0.509259 0.034375 0.177778
1 0.445312 0.464352 0.015625 0.080556
1 0.481250 0.466667 0.015625 0.094444
1 0.289844 0.456481 0.011979 0.064815
1 0.279948 0.462963 0.010937 0.057407
1 0.298438 0.466667 0.011458 0.068519
1 0.269792 0.457870 0.011458 0.058333
1 0.254948 0.458333 0.010937 0.059259
1 0.242188 0.458796 0.010417 0.050926
7 0.704427 0.481944 0.021354 0.099074
