1 0.401302 0.375000 0.091146 0.442593
1 0.483594 0.368981 0.091146 0.484259
1 0.210417 0.392130 0.163542 0.660185
1 0.280990 0.387037 0.081771 0.455556
1 0.604427 0.383333 0.066146 0.368519
1 0.687500 0.340278 0.018750 0.110185
1 0.333333 0.333333 0.034375 0.183333
1 0.314844 0.369907 0.042188 0.276852
1 0.554167 0.339352 0.022917 0.115741
1 0.669010 0.336111 0.015104 0.096296
1 0.650781 0.331944 0.014063 0.084259
1 0.796094 0.338426 0.017188 0.095370
1 0.923177 0.339815 0.026562 0.112963
1 0.886458 0.345833 0.017708 0.086111
1 0.900781 0.340278 0.018229 0.089815
1 0.713542 0.331481 0.012500 0.057407
1 0.952865 0.345833 0.018229 0.106481
