1 0.497396 0.435648 0.104167 0.595370
1 0.202344 0.419444 0.071354 0.335185
1 0.282813 0.408796 0.059375 0.332407
1 0.359635 0.374074 0.021354 0.118519
1 0.382031 0.361111 0.026562 0.122222
1 0.723437 0.366667 0.023958 0.125926
1 0.550781 0.415741 0.059896 0.390741
1 0.969792 0.374537 0.020833 0.104630
1 0.941667 0.371296 0.019792 0.098148
1 0.862500 0.355556 0.013542 0.075926
1 0.848177 0.369444 0.018229 0.087037
1 0.415365 0.363426 0.023438 0.110185
1 0.678646 0.370370 0.019792 0.101852
1 0.694531 0.375463 0.016146 0.089815
1 0.443229 0.366667 0.026042 0.111111
