1 0.833073 0.664815 0.031771 0.224074
1 0.253646 0.083333 0.039583 0.164815
1 0.448437 0.680093 0.035417 0.237963
1 0.916146 0.517593 0.040625 0.194444
1 0.560677 0.979630 0.043229 0.237037
1 0.351042 0.816667 0.036458 0.231481
7 0.377865 0.242593 0.040104 0.103704
7 0.367969 0.325463 0.029687 0.112037
1 0.424740 0.212963 0.028646 0.157407
1 0.531250 0.042130 0.027083 0.137963
1 0.499219 0.030556 0.028646 0.148148
1 0.311198 0.131944 0.020313 0.143519
1 0.100781 0.387037 0.034896 0.174074
1 0.073958 0.366204 0.036458 0.195370
1 0.525781 0.780093 0.060937 0.237963
1 0.557813 0.786111 0.038542 0.216667
1 0.405990 0.150000 0.024479 0.127778
1 0.398958 0.162963 0.033333 0.155556
1 0.297135 0.022222 0.021354 0.122222
7 0.327344 0.029167 0.031771 0.071296
1 0.194531 0.227315 0.023438 0.152778
7 0.651563 0.082407 0.031250 0.109259
1 0.162500 0.869444 0.041667 0.240741
1 0.125260 0.846296 0.047396 0.250000
1 0.283073 0.172222 0.027604 0.161111
1 0.171354 0.123148 0.021875 0.151852
1 0.200521 0.182870 0.027083 0.162037
1 0.926042 0.689352 0.035417 0.199074
1 0.163542 0.194444 0.027083 0.157407
1 0.201042 0.164352 0.023958 0.163889
1 0.128906 0.200000 0.031771 0.146296
1 0.132292 0.182407 0.028125 0.161111
1 0.161719 0.161574 0.029687 0.163889
1 0.146094 0.142593 0.026562 0.150000
1 0.117708 0.174074 0.020833 0.159259
1 0.474479 0.037037 0.025000 0.150000
1 0.219531 0.257407 0.031771 0.168519
1 0.256510 0.205093 0.034896 0.169444
1 0.913021 0.386574 0.043750 0.186111
1 0.849219 0.364352 0.031771 0.178704
1 0.790885 0.061574 0.029687 0.136111
1 0.933073 0.271296 0.029687 0.159259
1 0.884375 0.091667 0.027083 0.151852
1 0.852604 0.086111 0.028125 0.159259
1 0.984635 0.287963 0.034896 0.175926
1 0.220052 0.102778 0.023438 0.146296
1 0.196615 0.108333 0.029687 0.135185
1 0.201302 -0.040741 0.023438 0.116667
1 0.227865 -0.031944 0.025521 0.130556
1 0.701562 -0.041204 0.026042 0.115741
7 0.647396 0.071759 0.033333 0.086111
