1 0.636719 0.356019 0.029687 0.137963
1 0.462500 0.346296 0.029167 0.142593
1 0.272135 0.427315 0.086979 0.400926
1 1.037500 0.681481 0.162500 0.746296
1 0.226562 0.387037 0.065625 0.294444
1 0.502604 0.350000 0.029167 0.129630
1 0.552083 0.325926 0.014583 0.057407
1 0.597656 0.353704 0.026562 0.162963
1 0.321615 0.337500 0.021354 0.100926
1 0.603646 0.355556 0.025000 0.150000
1 0.708594 0.343981 0.022396 0.113889
1 0.306771 0.363889 0.021875 0.133333
1 0.001302 0.359722 0.026562 0.154630
1 0.518750 0.329630 0.009375 0.037037
7 0.464583 0.343981 0.026042 0.058333
7 0.483333 0.347222 0.018750 0.057407
1 0.394792 0.325463 0.015625 0.063889
1 0.372396 0.320833 0.015625 0.073148
1 0.357812 0.325463 0.012500 0.060185
1 0.368750 0.321759 0.011458 0.058333
