1 0.504167 0.430556 0.098958 0.588889
1 -0.004167 0.518519 0.197917 1.112963
1 0.205990 0.410185 0.069271 0.327778
1 0.287500 0.405093 0.056250 0.325000
1 0.362240 0.370833 0.021354 0.117593
1 0.384635 0.357870 0.026562 0.121296
1 0.722917 0.363889 0.023958 0.125926
1 0.551823 0.414815 0.059896 0.390741
1 0.968750 0.372685 0.020833 0.104630
1 0.937500 0.379630 0.019792 0.098148
1 0.863542 0.355556 0.013542 0.075926
1 0.850260 0.367130 0.018229 0.086111
1 0.471354 0.384722 0.045833 0.284259
1 0.415625 0.362500 0.022917 0.110185
1 0.683594 0.369444 0.020313 0.101852
1 0.695052 0.373148 0.016146 0.088889
1 0.444792 0.367593 0.026042 0.111111
