1 0.733854 0.637037 0.053125 0.224074
1 0.238542 0.312500 0.039583 0.202778
1 0.073698 0.621296 0.045312 0.229630
1 0.916146 0.519907 0.039583 0.193519
1 0.534896 0.971759 0.035417 0.256481
1 0.353646 0.820833 0.052083 0.232407
7 0.377865 0.242593 0.040104 0.103704
7 0.367969 0.325463 0.029687 0.112037
1 0.429688 0.218519 0.031250 0.161111
1 0.789844 0.131481 0.027604 0.137037
1 0.663542 0.221759 0.020833 0.150926
1 0.643490 0.226389 0.028646 0.165741
1 0.298958 0.212037 0.033333 0.155556
1 0.471094 0.248611 0.038021 0.167593
1 0.069010 0.410648 0.024479 0.173148
1 0.080208 0.393056 0.031250 0.187963
1 0.405729 0.345370 0.036458 0.181481
1 0.433073 0.355093 0.035937 0.169444
1 0.584115 0.211111 0.021354 0.146296
1 0.502865 0.192593 0.043229 0.157407
1 0.380469 0.071296 0.027604 0.150000
1 0.296875 0.020370 0.021875 0.124074
7 0.327344 0.029167 0.031771 0.071296
1 0.138542 0.625000 0.032292 0.198148
7 0.651563 0.082407 0.031250 0.109259
1 0.331771 0.362037 0.029167 0.175926
1 0.290885 0.367130 0.028646 0.189815
1 0.251563 0.026389 0.026042 0.137963
1 0.220573 0.018056 0.023438 0.147222
1 0.293229 0.136574 0.025000 0.154630
1 0.229687 0.113426 0.031250 0.147222
1 0.199219 0.180093 0.027604 0.162037
1 0.284635 0.292593 0.028646 0.155556
1 0.164062 0.195370 0.027083 0.157407
1 0.188542 0.165278 0.022917 0.163889
1 0.124479 0.193519 0.028125 0.151852
1 0.146615 0.172685 0.027604 0.169444
1 0.152604 0.153704 0.029167 0.155556
1 0.153125 0.142593 0.028125 0.153704
1 0.117188 0.174074 0.020833 0.159259
1 0.491667 -0.039352 0.017708 0.115741
1 0.191927 0.025463 0.026562 0.145370
1 0.237760 0.715741 0.044271 0.233333
1 0.807031 0.029167 0.024479 0.126852
1 0.031510 0.680556 0.058854 0.218519
7 0.645833 0.076852 0.032292 0.092593
