1 0.450781 0.445370 0.036979 0.153704
1 0.386458 0.417130 0.021875 0.115741
1 0.293750 0.415741 0.017708 0.090741
1 0.970833 0.587500 0.085417 0.487963
1 0.212760 0.422222 0.026562 0.125926
1 0.363542 0.421296 0.021875 0.107407
1 0.364844 0.411574 0.018229 0.091667
1 0.446094 0.416667 0.021354 0.114815
1 0.398698 0.413426 0.016146 0.102778
1 0.175781 0.411111 0.018229 0.085185
1 0.166406 0.418056 0.014063 0.069444
1 0.193229 0.421759 0.017708 0.087963
1 0.152604 0.404167 0.010417 0.056481
1 0.320833 0.401389 0.013542 0.063889
7 0.263281 0.410648 0.019271 0.045370
7 0.273958 0.412963 0.015625 0.044444
7 0.655990 0.431019 0.022396 0.113889
