1 0.736198 0.637500 0.053646 0.223148
1 0.216927 0.480093 0.043229 0.219444
1 0.074740 0.624074 0.043229 0.231481
1 0.918490 0.520370 0.039062 0.194444
1 0.607031 1.000463 0.040104 0.199074
1 0.354687 0.820833 0.052083 0.232407
7 0.377865 0.242593 0.040104 0.103704
7 0.367969 0.325463 0.029687 0.112037
1 0.429688 0.218519 0.031250 0.161111
1 0.954167 0.281944 0.033333 0.165741
1 0.788281 0.132407 0.027604 0.135185
1 0.862240 0.325000 0.030729 0.170370
1 0.820312 0.317593 0.031250 0.177778
1 0.571615 0.274537 0.050521 0.165741
1 0.555469 0.210648 0.036979 0.163889
1 0.127865 0.450463 0.033854 0.180556
1 0.144531 0.426852 0.029687 0.198148
1 0.473177 0.200926 0.031771 0.164815
1 0.489323 0.203241 0.026562 0.147222
1 0.553125 0.015741 0.023958 0.112963
1 0.533073 0.012963 0.024479 0.111111
1 0.762760 0.302315 0.025521 0.156481
1 0.744792 0.256944 0.023958 0.158333
1 0.380469 0.070833 0.027604 0.150926
1 0.403125 -0.010648 0.020833 0.100926
1 0.297135 0.020833 0.020313 0.121296
7 0.327344 0.029167 0.031771 0.071296
1 0.003646 0.917130 0.037500 0.236111
7 0.643229 0.086574 0.038542 0.104630
1 0.276302 0.211574 0.028646 0.160185
1 0.289844 0.225463 0.053646 0.176852
1 0.254167 0.148148 0.026042 0.159259
1 0.230990 0.159722 0.027604 0.158333
1 0.292187 0.136574 0.021875 0.154630
1 0.268229 0.112963 0.026042 0.148148
1 0.198958 0.179630 0.027083 0.164815
1 0.204427 0.142593 0.024479 0.142593
1 0.162760 0.192593 0.027604 0.157407
1 0.187760 0.160185 0.025521 0.161111
1 0.125260 0.194907 0.023438 0.152778
1 0.149219 0.170370 0.030729 0.166667
1 0.141146 0.156944 0.030208 0.156481
1 0.151562 0.142593 0.028125 0.153704
1 0.119531 0.172222 0.021354 0.162963
1 0.485938 -0.045833 0.019792 0.106481
1 0.648438 0.054630 0.038542 0.135185
