1 0.506250 0.504630 0.012500 0.057407
1 0.645833 0.562500 0.023958 0.119444
1 0.623698 0.564815 0.023438 0.116667
1 0.597135 0.568519 0.013021 0.112963
1 0.610417 0.567130 0.021875 0.113889
1 0.505469 0.961574 0.066146 0.352778
1 0.466146 0.890278 0.065625 0.310185
1 0.482292 0.499074 0.013542 0.062963
1 0.360156 0.766204 0.055729 0.275000
1 0.922135 0.631481 0.032813 0.179630
1 0.361458 0.785648 0.072917 0.295370
1 0.530208 0.568519 0.022917 0.112963
1 0.563021 0.568056 0.027083 0.121296
1 0.806250 0.667593 0.040625 0.181481
1 0.494010 0.849074 0.034896 0.307407
1 0.837500 0.644907 0.039583 0.162037
1 0.802604 0.625926 0.032292 0.155556
1 0.534896 0.553704 0.025000 0.107407
