1 0.835677 0.689815 0.046354 0.222222
1 0.248958 0.175000 0.036458 0.181481
1 0.282031 0.642593 0.051562 0.222222
1 0.915625 0.519907 0.040625 0.193519
1 0.518229 0.975463 0.040625 0.241667
1 0.351042 0.816667 0.036458 0.231481
7 0.377865 0.242593 0.040104 0.103704
7 0.367969 0.325463 0.029687 0.112037
1 0.429427 0.218519 0.030729 0.161111
1 0.761458 0.036574 0.025000 0.123148
1 0.549740 0.131481 0.027604 0.148148
1 0.515885 0.128704 0.032813 0.164815
1 0.278646 0.162500 0.021875 0.156481
1 0.497135 0.081944 0.031771 0.150926
1 0.069792 0.411111 0.026042 0.174074
1 0.053906 0.392130 0.038021 0.186111
1 0.460677 0.534722 0.043229 0.206481
1 0.492188 0.538889 0.041667 0.190741
1 0.408854 0.153704 0.020833 0.135185
1 0.383333 0.167593 0.029167 0.155556
1 0.380208 0.077315 0.026042 0.141667
1 0.297135 0.022685 0.021354 0.123148
7 0.327344 0.029167 0.031771 0.071296
1 0.129688 0.387500 0.028125 0.169444
7 0.651563 0.082407 0.031250 0.109259
1 0.266146 0.588426 0.033333 0.206481
1 0.222917 0.575463 0.045833 0.217593
1 0.294531 0.135648 0.025521 0.152778
1 0.185417 0.123611 0.028125 0.150926
1 0.203646 0.179630 0.027083 0.162963
1 0.549479 0.482870 0.033333 0.180556
1 0.163021 0.199074 0.027083 0.157407
1 0.196875 0.165741 0.025000 0.155556
1 0.122396 0.202315 0.031250 0.145370
1 0.129948 0.183333 0.025521 0.170370
1 0.147656 0.155556 0.028646 0.161111
1 0.151562 0.142593 0.028125 0.153704
1 0.450000 0.021296 0.026042 0.144444
1 0.236719 0.142593 0.029687 0.159259
1 0.242969 0.408333 0.042188 0.200000
1 0.966146 0.536574 0.034375 0.193519
1 0.833854 -0.020370 0.025000 0.129630
1 0.926823 0.153241 0.031771 0.147222
1 0.978906 0.130556 0.026562 0.151852
1 0.861719 0.071759 0.038021 0.145370
1 0.255208 1.012963 0.053125 0.174074
1 0.273438 0.970370 0.045833 0.242593
1 0.231250 0.011574 0.023958 0.128704
1 0.208333 0.015278 0.021875 0.126852
1 0.721354 -0.034259 0.031250 0.129630
7 0.646354 0.076389 0.032292 0.086111
1 0.651302 0.076389 0.034896 0.084259
