1 0.853646 0.695370 0.043750 0.224074
1 0.255208 0.156944 0.035417 0.178704
1 0.355208 0.630093 0.054167 0.226852
1 0.915365 0.519907 0.041146 0.193519
1 0.531771 0.967130 0.046875 0.262037
1 0.351042 0.816667 0.036458 0.231481
7 0.377865 0.242593 0.040104 0.103704
7 0.367969 0.325463 0.029687 0.112037
1 0.429427 0.218519 0.030729 0.161111
1 0.761719 0.012500 0.026562 0.121296
1 0.540885 0.115741 0.027604 0.148148
1 0.510677 0.104630 0.031771 0.161111
1 0.274219 0.147222 0.025521 0.155556
1 0.493490 0.050463 0.028646 0.141667
1 0.070052 0.410648 0.026562 0.173148
1 0.054688 0.392130 0.036458 0.186111
1 0.463281 0.573611 0.043229 0.213889
1 0.497135 0.580556 0.039062 0.198148
1 0.406250 0.160185 0.031250 0.112963
1 0.382552 0.163426 0.028646 0.154630
1 0.382292 0.064815 0.027083 0.137037
1 0.297135 0.022685 0.021354 0.123148
7 0.327344 0.029167 0.031771 0.071296
1 0.121615 0.351852 0.027604 0.168519
7 0.651563 0.082407 0.031250 0.109259
1 0.246094 0.636574 0.036979 0.210185
1 0.193229 0.626852 0.048958 0.229630
1 0.295833 0.135185 0.029167 0.151852
1 0.181771 0.127315 0.032292 0.150926
1 0.200521 0.180556 0.027083 0.162963
1 0.603385 0.525926 0.041146 0.185185
1 0.161458 0.195833 0.027083 0.156481
1 0.193750 0.162963 0.026042 0.161111
1 0.128906 0.201852 0.028646 0.144444
1 0.133854 0.187500 0.033333 0.156481
1 0.149479 0.155556 0.029167 0.161111
1 0.147656 0.142130 0.024479 0.152778
1 0.117708 0.174074 0.020833 0.159259
1 0.444792 0.034259 0.028125 0.146296
1 0.236979 0.155093 0.029167 0.162037
1 0.252604 0.360648 0.042708 0.193519
1 0.942448 0.493519 0.035937 0.192593
1 0.820833 -0.005093 0.027083 0.134259
1 0.941146 0.177315 0.035417 0.150926
1 0.946875 0.135648 0.032292 0.154630
1 0.871354 0.107870 0.036458 0.154630
1 0.319531 1.016667 0.045312 0.166667
1 0.234375 0.025000 0.023958 0.127778
1 0.206771 0.031481 0.032292 0.129630
1 0.722135 -0.034722 0.032813 0.128704
7 0.646615 0.075463 0.032813 0.086111
1 0.651042 0.075926 0.034375 0.083333
