1 0.730990 0.470833 0.039062 0.212037
1 0.785417 0.469444 0.038542 0.162963
1 0.368490 0.471296 0.036979 0.187037
1 0.647135 0.433796 0.020313 0.106481
1 0.260677 0.481019 0.038021 0.163889
1 0.390625 0.471296 0.030208 0.162963
1 0.299219 0.482407 0.031771 0.157407
1 0.507552 0.437037 0.020313 0.101852
1 0.616146 0.437037 0.019792 0.096296
1 0.319010 0.477778 0.028646 0.164815
1 0.584896 0.424537 0.015625 0.075000
1 0.209375 0.433796 0.014583 0.063889
1 0.342187 0.457870 0.027083 0.126852
1 0.626823 0.431019 0.015104 0.087963
1 0.440625 0.426389 0.010417 0.062037
1 0.431510 0.427315 0.010937 0.052778
1 0.448698 0.432870 0.010937 0.065741
1 0.422656 0.425926 0.009896 0.057407
1 0.408073 0.425926 0.010937 0.062963
7 0.838281 0.441204 0.021354 0.099074
