0 0.437500 0.547222 0.115625 0.620370
0 0.105469 0.675000 0.219271 1.138889
0 0.353125 0.465278 0.031250 0.145370
0 0.392448 0.451852 0.038021 0.168519
0 0.790625 0.423148 0.023958 0.125926
0 0.576823 0.503241 0.093229 0.423148
0 0.932031 0.426389 0.018229 0.086111
0 0.918750 0.431944 0.017708 0.087963
0 0.241927 0.498611 0.049479 0.297222
0 0.501563 0.468519 0.050000 0.301852
0 0.512760 0.464352 0.045312 0.212037
0 0.655469 0.439815 0.022396 0.109259
0 0.668750 0.443981 0.017708 0.102778
0 0.714063 0.740278 0.013542 0.047222
0 0.370833 0.450463 0.019792 0.099074
