1 0.847656 0.697685 0.041146 0.223148
1 0.249479 0.164352 0.035417 0.180556
1 0.316927 0.641204 0.053646 0.223148
1 0.915365 0.519907 0.041146 0.193519
1 0.525000 0.969444 0.043750 0.250000
1 0.351042 0.816667 0.036458 0.231481
7 0.377865 0.242593 0.040104 0.103704
7 0.367969 0.325463 0.029687 0.112037
1 0.429427 0.218519 0.030729 0.161111
1 0.760156 0.029167 0.026562 0.121296
1 0.543490 0.125000 0.027604 0.148148
1 0.511719 0.117593 0.031771 0.162963
1 0.277344 0.156481 0.025521 0.157407
1 0.496615 0.062500 0.029687 0.143519
1 0.069792 0.411111 0.026042 0.174074
1 0.054167 0.392130 0.037500 0.186111
1 0.463021 0.554167 0.042708 0.210185
1 0.494792 0.557870 0.037500 0.191667
1 0.405990 0.154630 0.022396 0.129630
1 0.382552 0.163889 0.028646 0.155556
1 0.379948 0.074074 0.025521 0.144444
1 0.297135 0.022685 0.021354 0.123148
7 0.327344 0.029167 0.031771 0.071296
1 0.123698 0.367130 0.027604 0.169444
7 0.651563 0.082407 0.031250 0.109259
1 0.257292 0.612037 0.033333 0.214815
1 0.204687 0.600463 0.045833 0.226852
1 0.294531 0.135648 0.026562 0.152778
1 0.182552 0.127778 0.030729 0.151852
1 0.201563 0.179630 0.027083 0.162963
1 0.576562 0.501389 0.031250 0.186111
1 0.161458 0.197222 0.027083 0.157407
1 0.194792 0.165278 0.022917 0.160185
1 0.126042 0.202315 0.030208 0.145370
1 0.132031 0.183333 0.029687 0.164815
1 0.147656 0.155556 0.028646 0.161111
1 0.149740 0.142130 0.026562 0.152778
1 0.117708 0.174074 0.020833 0.159259
1 0.445833 0.029630 0.029167 0.146296
1 0.236719 0.147222 0.029687 0.159259
1 0.250260 0.382870 0.035937 0.195370
1 0.955990 0.514352 0.032813 0.193519
1 0.826823 -0.012963 0.024479 0.135185
1 0.933073 0.163426 0.028646 0.145370
1 0.961198 0.138889 0.033854 0.148148
1 0.864062 0.086111 0.029167 0.150000
1 0.266667 1.034259 0.053125 0.133333
1 0.301302 0.994444 0.056771 0.212963
1 0.233073 0.012963 0.024479 0.127778
1 0.210938 0.021759 0.022917 0.126852
1 0.722135 -0.034259 0.032813 0.129630
7 0.646354 0.075463 0.032292 0.086111
1 0.651042 0.075926 0.034375 0.083333
