0 0.826042 0.581019 0.045833 0.150926
0 0.090885 0.600000 0.018229 0.092593
0 0.796094 0.617130 0.038021 0.167593
0 0.495833 0.503704 0.011458 0.046296
0 0.684115 0.523148 0.011979 0.085185
0 0.082552 0.601389 0.015104 0.089815
0 0.082031 0.614815 0.015104 0.090741
0 0.014063 0.611574 0.015625 0.091667
0 0.614844 0.554167 0.020313 0.091667
0 0.238802 0.516667 0.007812 0.037037
0 0.620573 0.546759 0.021354 0.099074
0 0.638021 0.539815 0.016667 0.107407
0 0.004948 0.610185 0.017188 0.092593
0 0.547917 0.522222 0.016667 0.070370
0 0.524740 0.522685 0.013021 0.062037
