0 0.845833 0.654630 0.051042 0.214815
0 0.336458 0.651852 0.037500 0.224074
0 0.916667 0.516667 0.037500 0.196296
0 0.475781 0.986574 0.045312 0.125000
0 0.351042 0.816667 0.036458 0.231481
2 0.377865 0.242593 0.040104 0.103704
2 0.367969 0.325463 0.029687 0.112037
0 0.421094 0.202778 0.025521 0.162963
0 0.336979 0.125463 0.020833 0.128704
0 0.191667 0.250926 0.025000 0.161111
0 0.159896 0.247222 0.029167 0.181481
0 0.404948 0.139815 0.028646 0.146296
0 0.400000 0.115278 0.030208 0.156481
2 0.651563 0.081481 0.031250 0.109259
0 0.301042 0.187500 0.031250 0.160185
0 0.200000 0.179630 0.025000 0.159259
0 0.163021 0.192593 0.026042 0.155556
0 0.191406 0.165741 0.024479 0.161111
0 0.134115 0.200463 0.025521 0.150926
0 0.121615 0.181019 0.025521 0.167593
0 0.147656 0.166204 0.028646 0.162037
0 0.178125 0.150000 0.026042 0.150000
0 0.118229 0.174074 0.020833 0.159259
0 0.169271 0.587963 0.040625 0.216667
0 0.586458 0.671296 0.048958 0.235185
0 0.549219 0.685648 0.040104 0.223148
0 0.827344 0.133796 0.030729 0.160185
0 0.763021 0.129167 0.023958 0.147222
0 0.786719 0.095370 0.030729 0.135185
0 0.244531 0.300000 0.027604 0.175926
0 0.221094 0.303241 0.032813 0.163889
0 0.265104 0.166667 0.032292 0.159259
0 0.234375 0.164352 0.028125 0.156481
0 0.261458 0.145370 0.027083 0.150000
