1 0.432552 0.545833 0.115104 0.621296
1 0.080208 0.664352 0.241667 1.163889
1 0.346875 0.461574 0.031250 0.145370
1 0.389844 0.450926 0.038021 0.172222
1 0.789062 0.421296 0.023958 0.125926
1 0.573177 0.503241 0.094271 0.423148
1 0.929427 0.425463 0.018229 0.091667
1 0.918229 0.429167 0.017708 0.087963
1 0.236198 0.496296 0.050521 0.300000
1 0.499219 0.466204 0.049479 0.302778
1 0.510417 0.460648 0.044792 0.212037
1 0.652604 0.437037 0.022917 0.109259
1 0.664062 0.441204 0.017708 0.102778
1 0.711458 0.737037 0.013542 0.048148
1 0.368490 0.448611 0.019271 0.099074
