1 0.635938 0.357407 0.032292 0.144444
1 0.462500 0.348148 0.029167 0.144444
1 0.246354 0.433796 0.098958 0.428704
1 1.025521 0.673148 0.179167 0.746296
1 0.222917 0.388426 0.078125 0.310185
1 0.502083 0.349074 0.029167 0.131481
1 0.554688 0.329167 0.014583 0.058333
1 0.601562 0.357870 0.029167 0.162037
1 0.323177 0.337500 0.021354 0.100926
1 0.608073 0.358333 0.025521 0.151852
1 0.715625 0.349537 0.020833 0.113889
1 0.512760 0.327315 0.014063 0.054630
1 0.308854 0.361111 0.021875 0.135185
1 -0.002604 0.361574 0.027083 0.150926
1 0.521615 0.327778 0.009896 0.037037
7 0.466927 0.345370 0.026562 0.059259
7 0.485417 0.350000 0.018750 0.057407
1 0.395573 0.327778 0.015104 0.064815
1 0.372656 0.323611 0.015104 0.073148
1 0.360938 0.328241 0.012500 0.060185
1 0.370312 0.319907 0.011458 0.058333
