0 0.846615 0.654630 0.052604 0.214815
0 0.356510 0.650000 0.041146 0.225926
0 0.916146 0.518056 0.039583 0.195370
0 0.494010 0.985185 0.042188 0.225926
0 0.351042 0.816667 0.036458 0.231481
2 0.377865 0.242593 0.040104 0.103704
2 0.367969 0.325463 0.029687 0.112037
0 0.432292 0.208333 0.038542 0.157407
0 0.337240 0.125463 0.020313 0.128704
0 0.195312 0.235648 0.026042 0.154630
0 0.174479 0.239352 0.034375 0.176852
0 0.406510 0.142130 0.026562 0.147222
0 0.400260 0.116204 0.025521 0.154630
0 0.301823 0.017130 0.028646 0.121296
2 0.327344 0.029167 0.031771 0.071296
2 0.651563 0.081481 0.031250 0.109259
0 0.305469 0.187963 0.029687 0.157407
0 0.174740 0.050000 0.023438 0.138889
0 0.208073 0.177315 0.027604 0.158333
0 0.163542 0.193981 0.026042 0.154630
0 0.196094 0.163889 0.024479 0.161111
0 0.140365 0.200463 0.029687 0.152778
0 0.123438 0.181019 0.025000 0.171296
0 0.139323 0.165741 0.027604 0.159259
0 0.188021 0.150000 0.026042 0.150000
0 0.118750 0.168519 0.020833 0.159259
0 0.467187 -0.025463 0.026042 0.147222
0 0.179948 0.738889 0.050521 0.227778
0 0.523698 0.498148 0.038021 0.211111
0 0.473958 0.514352 0.033333 0.206481
0 0.713542 0.950463 0.050000 0.239815
0 0.933594 0.739352 0.047396 0.221296
0 0.963021 0.702778 0.038542 0.233333
0 0.796615 0.062963 0.029687 0.137037
0 0.756510 0.064815 0.023438 0.137037
0 0.905208 0.151852 0.028125 0.157407
0 0.844531 0.120370 0.025521 0.144444
0 0.788802 0.162037 0.028646 0.140741
0 0.591927 0.089352 0.027604 0.145370
0 0.434375 -0.029630 0.021875 0.129630
0 0.410156 -0.029630 0.023438 0.129630
0 0.390625 0.005556 0.026042 0.124074
0 0.257031 0.072222 0.025521 0.133333
0 0.232292 0.401852 0.029167 0.188889
0 0.194792 0.408333 0.040625 0.172222
0 0.231250 0.138889 0.027083 0.161111
0 0.230729 0.023148 0.035417 0.131481
0 0.212500 0.003704 0.021875 0.118519
0 0.145833 0.047222 0.027083 0.127778
0 0.265104 0.258333 0.031250 0.174074
0 0.218229 0.256481 0.028125 0.170370
0 0.260156 0.236111 0.033854 0.159259
0 0.394010 -0.015278 0.023438 0.128704
