1 0.735417 0.637500 0.053125 0.223148
1 0.233333 0.417593 0.042708 0.212963
1 0.074740 0.623611 0.043229 0.230556
1 0.916406 0.519907 0.039062 0.193519
1 0.640104 0.997222 0.043750 0.201852
1 0.354167 0.820833 0.052083 0.232407
7 0.377865 0.242593 0.040104 0.103704
7 0.367969 0.325463 0.029687 0.112037
1 0.429688 0.218519 0.031250 0.161111
1 1.001302 0.369907 0.036979 0.176852
1 0.788802 0.132407 0.027604 0.135185
1 0.803385 0.273148 0.026562 0.161111
1 0.770573 0.277315 0.040104 0.178704
1 0.434635 0.262500 0.041146 0.158333
1 0.534635 0.255556 0.033854 0.162963
1 0.088021 0.419444 0.029167 0.177778
1 0.090365 0.397685 0.036979 0.187963
1 0.455469 0.236111 0.027604 0.168519
1 0.477083 0.247685 0.029167 0.156481
1 0.552083 -0.032407 0.023958 0.112963
1 0.534115 -0.032870 0.022396 0.110185
1 0.711198 0.265741 0.020313 0.151852
1 0.678125 0.235648 0.029167 0.150926
1 0.380469 0.070833 0.027604 0.150926
1 0.296354 0.022222 0.019792 0.120370
7 0.327344 0.029167 0.031771 0.071296
1 0.023177 0.795833 0.034896 0.212037
7 0.651563 0.080556 0.031250 0.107407
1 0.277083 0.255093 0.028125 0.163889
1 0.273698 0.268519 0.039062 0.177778
1 0.239844 0.097685 0.026562 0.145370
1 0.212240 0.105093 0.027604 0.150926
1 0.292708 0.136574 0.022917 0.154630
1 0.267188 0.112963 0.028125 0.148148
1 0.199219 0.179167 0.027604 0.163889
1 0.257031 0.175000 0.029687 0.142593
1 0.163542 0.192593 0.027083 0.157407
1 0.188542 0.159722 0.022917 0.162037
1 0.122656 0.196296 0.025521 0.151852
1 0.146094 0.169907 0.024479 0.171296
1 0.151562 0.151389 0.030208 0.156481
1 0.152083 0.142593 0.028125 0.153704
1 0.117708 0.174074 0.020833 0.159259
1 0.487500 -0.045833 0.020833 0.106481
1 0.229167 0.971296 0.051042 0.253704
7 0.648438 0.072222 0.034375 0.101852
