1 0.594531 0.315278 0.032813 0.145370
1 0.466667 0.309259 0.027083 0.138889
1 0.451042 0.321296 0.037500 0.183333
1 0.831510 0.539815 0.130729 0.692593
1 0.977083 0.553704 0.152083 0.759259
1 0.267708 0.328704 0.052083 0.212963
1 0.495312 0.309722 0.028125 0.123148
1 0.521875 0.277778 0.012500 0.046296
1 0.555469 0.302315 0.023438 0.128704
1 0.282813 0.307407 0.025000 0.105556
1 0.554688 0.309722 0.020833 0.121296
1 0.619531 0.296759 0.017188 0.110185
1 0.186719 0.320370 0.039062 0.185185
1 0.159375 0.330093 0.028125 0.165741
1 0.411458 0.304167 0.021875 0.104630
1 0.400000 0.305093 0.022917 0.106481
1 0.325521 0.311574 0.022917 0.121296
1 0.053646 0.285648 0.018750 0.087963
1 0.077083 0.309722 0.026042 0.123148
1 0.088281 0.288426 0.017188 0.071296
1 0.380729 0.284259 0.010417 0.064815
1 0.348958 0.285185 0.011458 0.053704
1 0.355208 0.286574 0.013542 0.052778
