1 0.735156 0.637500 0.053646 0.223148
1 0.240365 0.393519 0.041146 0.211111
1 0.074740 0.623148 0.043229 0.229630
1 0.916406 0.519907 0.039062 0.193519
1 0.627083 0.985648 0.043750 0.208333
1 0.353646 0.820833 0.052083 0.232407
7 0.377865 0.242593 0.040104 0.103704
7 0.367969 0.325463 0.029687 0.112037
1 0.429688 0.218519 0.031250 0.161111
1 0.789062 0.131944 0.027083 0.136111
1 0.773698 0.256944 0.028646 0.160185
1 0.747396 0.268981 0.029167 0.178704
1 0.392708 0.254630 0.033333 0.162963
1 0.520573 0.267593 0.035937 0.168519
1 0.072656 0.412037 0.024479 0.175926
1 0.078125 0.392593 0.027083 0.187037
1 0.444271 0.257407 0.030208 0.170370
1 0.464583 0.268981 0.027083 0.156481
1 0.683594 0.261111 0.022396 0.150000
1 0.640365 0.223611 0.032813 0.158333
1 0.380469 0.070833 0.027604 0.150926
1 0.296094 0.022685 0.020313 0.119444
7 0.327344 0.029167 0.031771 0.071296
1 0.030469 0.750463 0.033854 0.208333
7 0.651563 0.081019 0.031250 0.108333
1 0.288281 0.275926 0.026562 0.168519
1 0.280208 0.291204 0.037500 0.182407
1 0.240885 0.081019 0.025521 0.147222
1 0.209115 0.088426 0.026562 0.149074
1 0.292708 0.136574 0.023958 0.154630
1 0.266667 0.112963 0.029167 0.148148
1 0.199479 0.178704 0.028125 0.162963
1 0.265104 0.202315 0.027083 0.145370
1 0.166146 0.193519 0.027083 0.157407
1 0.188542 0.159722 0.022917 0.160185
1 0.121615 0.196296 0.025521 0.151852
1 0.149740 0.169907 0.031771 0.169444
1 0.151823 0.150926 0.029687 0.155556
1 0.152604 0.142593 0.028125 0.153704
1 0.117188 0.174074 0.020833 0.159259
1 0.488021 -0.045370 0.020833 0.107407
1 0.197396 -0.018519 0.016667 0.125926
1 0.234375 0.909722 0.055208 0.247222
1 0.757812 -0.034259 0.023958 0.122222
7 0.647917 0.074074 0.034375 0.100000
