0 0.679948 0.539352 0.068229 0.378704
0 0.527083 0.479630 0.037500 0.162963
0 0.011719 0.553704 0.094271 0.351852
0 0.431771 0.450926 0.023958 0.112963
0 0.081510 0.500926 0.041146 0.187037
0 0.101562 0.485648 0.037500 0.171296
0 0.294531 0.457407 0.023438 0.116667
0 0.405208 0.450000 0.020833 0.103704
0 0.048438 0.502778 0.034375 0.187037
0 0.388802 0.441667 0.018229 0.085185
0 0.453125 0.450000 0.020833 0.100000
0 0.424740 0.451389 0.015104 0.100926
0 0.223958 0.443981 0.012500 0.067593
0 0.211979 0.447685 0.010417 0.060185
0 0.233594 0.450926 0.016146 0.072222
0 0.197656 0.443519 0.010937 0.061111
0 0.178385 0.446759 0.009896 0.054630
0 0.190365 0.446759 0.010937 0.050926
0 0.346875 0.437500 0.013542 0.063889
