1 0.819010 0.678241 0.043229 0.225000
1 0.252604 0.194444 0.037500 0.185185
1 0.224740 0.651852 0.045312 0.229630
1 0.915625 0.519907 0.040625 0.193519
1 0.504948 0.971759 0.038021 0.254630
1 0.351042 0.816667 0.036458 0.231481
7 0.377865 0.242593 0.040104 0.103704
7 0.367969 0.325463 0.029687 0.112037
1 0.429427 0.218519 0.030729 0.161111
1 0.768490 0.058333 0.026562 0.127778
1 0.555208 0.144444 0.026042 0.150000
1 0.528125 0.144907 0.031250 0.167593
1 0.281510 0.169444 0.020313 0.155556
1 0.500000 0.105556 0.032292 0.155556
1 0.069792 0.411111 0.026042 0.174074
1 0.053125 0.392130 0.039583 0.186111
1 0.457813 0.505556 0.043750 0.196296
1 0.486198 0.507870 0.036979 0.184259
1 0.415885 0.159722 0.022396 0.141667
1 0.389583 0.167130 0.027083 0.156481
1 0.382812 0.077315 0.026042 0.141667
1 0.297135 0.022685 0.021354 0.123148
7 0.327344 0.029167 0.031771 0.071296
1 0.137240 0.415278 0.028646 0.175000
7 0.651563 0.082407 0.031250 0.109259
1 0.282031 0.555093 0.034896 0.202778
1 0.235677 0.542593 0.044271 0.212963
1 0.294271 0.136111 0.023958 0.153704
1 0.178125 0.121759 0.027083 0.149074
1 0.203385 0.181481 0.029687 0.164815
1 0.507812 0.453704 0.036458 0.175926
1 0.161458 0.200000 0.027083 0.157407
1 0.196875 0.166204 0.029167 0.156481
1 0.123698 0.201852 0.027604 0.150000
1 0.129948 0.182407 0.023438 0.175926
1 0.151562 0.157870 0.029167 0.152778
1 0.151562 0.142593 0.028125 0.153704
1 0.117188 0.174074 0.020833 0.159259
1 0.455990 0.010648 0.022396 0.141667
1 0.233073 0.123148 0.027604 0.155556
1 0.232813 0.444444 0.042708 0.200000
1 0.970573 0.562500 0.034896 0.193519
1 0.857552 -0.033333 0.027604 0.127778
1 0.912500 0.133333 0.032292 0.144444
1 0.841406 0.044907 0.031771 0.139815
1 0.222135 0.980093 0.051562 0.239815
1 0.241667 0.910648 0.043750 0.247222
1 0.228646 0.000463 0.021875 0.125000
1 0.204948 0.000463 0.022396 0.125000
1 0.719792 -0.034259 0.028125 0.129630
7 0.645833 0.076852 0.032292 0.087037
1 0.651302 0.076389 0.034896 0.084259
