1 0.942448 0.712037 0.053646 0.235185
1 0.920312 0.574074 0.029167 0.101852
1 0.860156 0.560648 0.020313 0.104630
1 0.014063 0.623611 0.031250 0.145370
1 0.091667 0.614815 0.025000 0.124074
1 0.063281 0.616667 0.025521 0.116667
1 0.157812 0.577778 0.020833 0.107407
1 0.126823 0.608333 0.024479 0.137037
1 0.748437 0.519444 0.013542 0.050000
1 0.682552 0.526389 0.016146 0.069444
1 0.739583 0.518056 0.010417 0.054630
1 0.425000 0.484259 0.008333 0.029630
1 0.101562 0.558796 0.023958 0.089815
1 0.284115 0.512500 0.008854 0.043519
1 0.080729 0.599074 0.021875 0.129630
1 0.564844 0.488426 0.009896 0.039815
1 0.773438 0.511574 0.012500 0.062037
1 0.307552 0.513889 0.009896 0.059259
1 0.315885 0.521296 0.010937 0.059259
1 0.271615 0.514815 0.009896 0.057407
1 0.295312 0.507407 0.010417 0.055556
1 0.727083 0.508333 0.012500 0.057407
1 0.592969 0.502778 0.009896 0.044444
1 0.600521 0.504630 0.011458 0.048148
1 0.672135 0.507870 0.011979 0.049074
1 0.664062 0.510185 0.010417 0.050000
1 0.048698 0.610185 0.016146 0.101852
1 0.773177 0.511111 0.013021 0.059259
1 0.734375 0.511111 0.011458 0.055556
1 0.757292 0.515278 0.009375 0.052778
1 0.676823 0.503241 0.011979 0.047222
