1 0.327604 0.511111 0.013542 0.061111
1 0.459635 0.581481 0.025521 0.124074
1 0.403125 0.586574 0.019792 0.113889
1 0.418750 0.598148 0.022917 0.142593
1 0.096615 1.096759 0.070312 0.308333
1 0.035417 1.052315 0.087500 0.378704
1 0.305208 0.504630 0.013542 0.062963
1 0.437760 0.590278 0.020313 0.126852
1 0.714323 0.658796 0.043229 0.193519
1 0.326042 0.583333 0.025000 0.111111
1 0.361719 0.577315 0.022396 0.119444
1 0.625000 0.720833 0.050000 0.206481
1 0.096615 0.992130 0.051562 0.391667
1 0.668490 0.677778 0.048438 0.183333
1 0.625260 0.655093 0.032813 0.173148
1 0.342187 0.565278 0.025000 0.108333
