1 0.846354 0.654630 0.052083 0.214815
1 0.358333 0.647685 0.041667 0.230556
1 0.916146 0.517130 0.039583 0.195370
1 0.476042 0.984259 0.044792 0.227778
1 0.351042 0.816667 0.036458 0.231481
7 0.377865 0.242593 0.040104 0.103704
7 0.367969 0.325463 0.029687 0.112037
1 0.434635 0.208796 0.040104 0.160185
1 0.336979 0.125463 0.020833 0.128704
1 0.194792 0.236111 0.025000 0.155556
1 0.173437 0.239352 0.037500 0.176852
1 0.405729 0.141667 0.028125 0.146296
1 0.398438 0.116667 0.029167 0.155556
1 0.301042 0.017593 0.027083 0.122222
7 0.327344 0.029167 0.031771 0.071296
7 0.651563 0.081481 0.031250 0.109259
1 0.306250 0.188426 0.030208 0.158333
1 0.174740 0.049074 0.023438 0.138889
1 0.200000 0.177778 0.025000 0.159259
1 0.163021 0.192593 0.026042 0.155556
1 0.192448 0.161111 0.024479 0.161111
1 0.137500 0.199074 0.027083 0.155556
1 0.126562 0.180556 0.025000 0.168519
1 0.149479 0.165741 0.025000 0.161111
1 0.175000 0.150000 0.026042 0.150000
1 0.118750 0.170370 0.020833 0.159259
1 0.467187 -0.025463 0.026042 0.147222
1 0.161719 0.675000 0.042188 0.222222
1 0.541146 0.566667 0.041667 0.216667
1 0.498437 0.581944 0.035417 0.215741
1 0.752604 1.023148 0.040625 0.140741
1 0.973437 0.759722 0.047917 0.228704
1 0.800260 0.087500 0.036979 0.149074
1 0.749219 0.092593 0.025521 0.144444
1 0.884635 0.104167 0.026562 0.145370
1 0.829427 0.075926 0.024479 0.133333
1 0.781250 0.132407 0.030208 0.138889
1 0.575260 0.038426 0.029687 0.143519
1 0.431771 -0.041204 0.020833 0.115741
1 0.392708 0.003241 0.021875 0.125000
1 0.266406 0.043519 0.024479 0.122222
1 0.239583 0.356481 0.027083 0.183333
1 0.197656 0.356019 0.041146 0.163889
1 0.197917 0.132407 0.026042 0.159259
1 0.231771 -0.007407 0.022917 0.125926
1 0.213281 -0.028704 0.020313 0.111111
1 0.145833 0.047685 0.027083 0.128704
1 0.261979 0.220370 0.030208 0.164815
1 0.231250 0.210648 0.031250 0.158333
1 0.259375 0.195370 0.027083 0.155556
1 0.411458 -0.003241 0.022917 0.128704
