1 0.845313 0.654630 0.050000 0.214815
1 0.232813 0.622685 0.050000 0.226852
1 0.915625 0.518056 0.046875 0.191667
1 0.463021 0.985185 0.042708 0.229630
1 0.351042 0.816667 0.036458 0.231481
7 0.377865 0.242593 0.040104 0.103704
7 0.367969 0.325463 0.029687 0.112037
1 0.421615 0.208333 0.025521 0.161111
1 0.336979 0.125463 0.020833 0.128704
1 0.180729 0.267130 0.033333 0.162037
1 0.149479 0.267593 0.029167 0.185185
1 0.403385 0.145833 0.024479 0.139815
1 0.404427 0.122222 0.027604 0.157407
1 0.299219 0.019444 0.024479 0.122222
7 0.327344 0.029167 0.031771 0.071296
1 0.253646 0.074537 0.021875 0.130556
7 0.651563 0.081481 0.031250 0.109259
1 0.302083 0.186574 0.029167 0.162037
1 0.180469 0.049074 0.025521 0.138889
1 0.200000 0.181481 0.025000 0.159259
1 0.163021 0.193519 0.025000 0.155556
1 0.194531 0.165741 0.025521 0.162963
1 0.136198 0.200463 0.025521 0.150926
1 0.121615 0.179167 0.025521 0.171296
1 0.147917 0.165278 0.029167 0.162037
1 0.159635 0.141667 0.027604 0.151852
1 0.118229 0.174074 0.020833 0.159259
1 0.470052 -0.019907 0.025521 0.149074
1 0.174479 0.483796 0.037500 0.199074
1 0.255208 0.012037 0.031250 0.148148
1 0.669792 0.815278 0.053125 0.252778
1 0.629948 0.828704 0.041146 0.237037
1 0.847396 0.189815 0.031250 0.164815
1 0.780469 0.183333 0.026562 0.157407
1 0.761979 -0.005093 0.022917 0.125000
1 0.786979 -0.035648 0.021875 0.119444
1 0.785417 0.072222 0.030208 0.131481
1 0.261198 0.236111 0.024479 0.166667
1 0.232292 0.240741 0.032292 0.150000
1 0.147135 0.046759 0.024479 0.130556
1 0.235156 0.110648 0.030729 0.147222
1 0.204687 0.107407 0.027083 0.142593
1 0.235677 0.096296 0.025521 0.142593
1 0.834115 -0.001389 0.021354 0.078704
1 0.510417 0.010648 0.034375 0.128704
