1 0.825521 0.581019 0.027083 0.130556
1 0.897917 0.550463 0.022917 0.087963
1 0.870052 0.534722 0.019271 0.084259
1 0.213021 0.571296 0.020833 0.105556
1 0.237500 0.574537 0.023958 0.110185
1 0.312760 0.547222 0.017188 0.081481
1 0.298438 0.552778 0.015625 0.079630
1 0.338802 0.536574 0.016146 0.078704
1 0.323177 0.542130 0.014063 0.078704
1 0.831771 0.504630 0.011458 0.042593
1 0.723698 0.502778 0.010937 0.055556
1 0.827604 0.508333 0.012500 0.048148
1 0.551302 0.478704 0.006771 0.027778
1 0.292448 0.531019 0.009896 0.078704
1 0.301302 0.537500 0.014063 0.087963
1 0.644792 0.481481 0.008333 0.037037
1 0.876042 0.501389 0.016667 0.050926
1 0.414844 0.500463 0.008854 0.047222
1 0.433073 0.502778 0.009896 0.050000
1 0.398177 0.495833 0.010937 0.045370
1 0.728385 0.493981 0.010937 0.041667
1 0.289323 0.544444 0.015104 0.066667
1 0.779427 0.497222 0.009896 0.048148
