1 0.880729 0.575926 0.023958 0.112963
1 0.794531 0.564352 0.025521 0.108333
1 0.012500 0.611574 0.023958 0.130556
1 0.230208 0.526389 0.012500 0.062037
1 0.669271 0.518519 0.013542 0.055556
1 0.642708 0.534259 0.016667 0.074074
1 0.677604 0.518056 0.010417 0.052778
1 0.191146 0.523611 0.010417 0.054630
1 0.503906 0.488426 0.009896 0.043519
1 0.693229 0.515741 0.012500 0.062963
1 0.225781 0.527315 0.009896 0.060185
1 0.229167 0.534259 0.011458 0.062963
1 0.179948 0.527315 0.013021 0.063889
1 0.203125 0.519907 0.012500 0.063889
1 0.533594 0.506019 0.008854 0.054630
1 0.543750 0.508796 0.011458 0.050926
1 0.604688 0.503704 0.011458 0.055556
1 0.594271 0.508796 0.011458 0.056481
1 0.703385 0.516204 0.017188 0.065741
1 0.645573 0.506944 0.009896 0.056481
1 0.658073 0.506481 0.014063 0.059259
1 0.555990 0.505556 0.009896 0.046296
1 0.610677 0.507870 0.010937 0.049074
