0 0.734635 0.637037 0.053646 0.224074
0 0.241406 0.373148 0.040104 0.203704
0 0.074219 0.622685 0.043229 0.230556
0 0.916406 0.519907 0.039062 0.193519
0 0.610156 0.980556 0.043229 0.137963
0 0.353646 0.820833 0.052083 0.232407
2 0.377865 0.242593 0.040104 0.103704
2 0.367969 0.325463 0.029687 0.112037
0 0.429688 0.218519 0.031250 0.161111
0 0.789062 0.131944 0.027083 0.136111
0 0.748437 0.248611 0.026042 0.156481
0 0.728906 0.256019 0.032813 0.173148
0 0.372656 0.247685 0.026562 0.160185
0 0.502604 0.279167 0.034375 0.175000
0 0.068750 0.410648 0.025000 0.173148
0 0.078385 0.392593 0.027604 0.187037
0 0.430469 0.274074 0.032813 0.175926
0 0.452083 0.283333 0.027083 0.153704
0 0.662240 0.249074 0.022396 0.150000
0 0.610417 0.215741 0.028125 0.159259
0 0.049479 0.725000 0.042708 0.205556
2 0.651563 0.081019 0.031250 0.108333
0 0.299740 0.293519 0.026562 0.172222
0 0.285677 0.307407 0.035937 0.183333
0 0.208073 0.074074 0.024479 0.148148
0 0.292969 0.136574 0.024479 0.154630
0 0.266406 0.112963 0.029687 0.148148
0 0.199479 0.178704 0.028125 0.162963
0 0.264062 0.220833 0.028125 0.147222
0 0.166146 0.193519 0.027083 0.157407
0 0.189062 0.161111 0.022917 0.159259
0 0.121875 0.194444 0.025000 0.151852
0 0.152344 0.169444 0.036979 0.168519
0 0.152083 0.150926 0.029167 0.155556
0 0.152604 0.142593 0.028125 0.153704
0 0.117188 0.174074 0.020833 0.159259
0 0.228906 0.867593 0.051562 0.250000
2 0.647656 0.075000 0.033854 0.098148
0 0.651302 0.074537 0.036979 0.089815
