1 0.851302 0.571759 0.028646 0.119444
1 0.719271 0.562037 0.026042 0.112963
1 0.138281 0.549537 0.014063 0.067593
1 0.618750 0.548148 0.020833 0.096296
1 0.249479 0.500463 0.008333 0.034259
1 0.080990 0.547222 0.009896 0.059259
1 0.449479 0.493056 0.009375 0.041667
1 0.131771 0.550926 0.010417 0.070370
1 0.134375 0.557407 0.012500 0.064815
1 0.077604 0.555093 0.012500 0.067593
1 0.096354 0.544444 0.014583 0.072222
1 0.485677 0.514352 0.013021 0.056481
1 0.538542 0.511574 0.012500 0.056481
1 0.528385 0.512963 0.010937 0.059259
1 0.602604 0.526389 0.013542 0.060185
1 0.616146 0.517130 0.012500 0.065741
1 0.569271 0.510648 0.015625 0.065741
1 0.582031 0.507407 0.015104 0.057407
1 0.496615 0.512037 0.011979 0.059259
