1 0.846354 0.656019 0.052083 0.217593
1 0.343229 0.624074 0.050000 0.224074
1 0.916146 0.518981 0.039583 0.195370
1 0.492188 0.986111 0.041667 0.227778
1 0.351042 0.816667 0.036458 0.231481
7 0.377865 0.242593 0.040104 0.103704
7 0.367969 0.325463 0.029687 0.112037
1 0.431510 0.208333 0.036979 0.157407
1 0.337240 0.125463 0.020313 0.128704
1 0.197917 0.234259 0.028125 0.153704
1 0.218229 0.243519 0.033333 0.177778
1 0.405208 0.142130 0.027083 0.147222
1 0.395833 0.108333 0.030208 0.151852
1 0.302083 0.016204 0.028125 0.123148
7 0.327344 0.029167 0.031771 0.071296
7 0.651563 0.081481 0.031250 0.109259
1 0.297135 0.187963 0.028646 0.153704
1 0.174479 0.050926 0.022917 0.138889
1 0.210417 0.178704 0.029167 0.159259
1 0.164062 0.194444 0.026042 0.155556
1 0.198958 0.157870 0.023958 0.158333
1 0.133594 0.202315 0.027604 0.156481
1 0.119271 0.181944 0.026042 0.169444
1 0.151823 0.161574 0.031771 0.156481
1 0.190625 0.145370 0.026042 0.150000
1 0.119271 0.162963 0.020833 0.159259
1 0.467187 -0.025463 0.026042 0.147222
1 0.196354 0.914352 0.047917 0.245370
1 0.497917 0.372222 0.036458 0.192593
1 0.454427 0.374537 0.033854 0.182407
1 0.638802 0.726852 0.046354 0.240741
1 0.929948 0.741667 0.047396 0.227778
1 0.959635 0.700000 0.038021 0.224074
1 0.764844 0.010185 0.029687 0.133333
1 0.728385 0.010185 0.023438 0.137037
1 0.955990 0.260185 0.035937 0.170370
1 0.886198 0.220370 0.028646 0.155556
1 0.782552 0.234722 0.032813 0.147222
1 0.637760 0.198148 0.030729 0.155556
1 0.455208 -0.002315 0.026042 0.149074
1 0.414844 -0.008333 0.023438 0.142593
1 0.403385 0.011111 0.026562 0.135185
1 0.276302 0.146296 0.025521 0.140741
1 0.217969 0.517130 0.034896 0.206481
1 0.178385 0.521296 0.042188 0.188889
1 0.244792 0.142593 0.029167 0.161111
1 0.247656 0.090278 0.031771 0.143519
1 0.212240 0.059722 0.028646 0.141667
1 0.235417 0.060648 0.025000 0.139815
1 0.226042 0.345833 0.035417 0.180556
1 0.180469 0.346759 0.031771 0.178704
1 0.277865 0.329630 0.033854 0.168519
1 0.384115 -0.006019 0.021354 0.123148
