1 0.595313 0.323148 0.032292 0.131481
1 0.414583 0.327778 0.032292 0.161111
1 0.451042 0.334259 0.029167 0.146296
1 0.617969 0.309722 0.028646 0.106481
1 0.752083 0.378241 0.054167 0.386111
1 0.367188 0.316667 0.020833 0.103704
1 0.727865 0.374537 0.049479 0.334259
1 0.527604 0.300926 0.014583 0.064815
1 0.086458 0.399537 0.053125 0.306481
1 0.118750 0.308796 0.016667 0.078704
1 0.556250 0.299074 0.012500 0.053704
1 0.543229 0.295833 0.011458 0.052778
7 0.477604 0.331019 0.023958 0.084259
7 0.495312 0.332870 0.025000 0.082407
1 0.316406 0.295833 0.011979 0.045370
1 0.323437 0.297222 0.010417 0.046296
1 0.335417 0.292593 0.010417 0.038889
1 0.340885 0.291667 0.010937 0.042593
1 0.385937 0.312037 0.011458 0.057407
1 0.350781 0.292593 0.009896 0.035185
1 0.357552 0.292593 0.009896 0.033333
