0 0.578125 0.387037 0.035417 0.151852
0 0.517708 0.372222 0.027083 0.133333
0 0.494010 0.369907 0.026562 0.145370
0 0.778646 0.600926 0.121875 0.653704
0 0.922917 0.636111 0.152083 0.701852
0 0.365625 0.369444 0.032292 0.175926
0 0.526042 0.367593 0.022917 0.120370
0 0.020833 0.382407 0.047917 0.177778
0 0.563542 0.363426 0.023958 0.119444
0 0.279427 0.352778 0.025521 0.111111
0 0.821615 0.460185 0.073438 0.403704
0 0.621875 0.364352 0.017708 0.106481
0 0.292187 0.353704 0.025000 0.125926
0 0.277865 0.356944 0.021354 0.110185
0 0.141146 0.324074 0.013542 0.070370
0 0.155729 0.347222 0.020833 0.105556
2 0.476562 0.350926 0.018750 0.050000
0 0.167187 0.331019 0.015625 0.067593
0 0.420312 0.339815 0.011458 0.057407
0 0.409896 0.338426 0.009375 0.058333
0 0.377344 0.339815 0.010937 0.051852
0 0.387240 0.337500 0.011979 0.047222
