1 0.846354 0.657407 0.052083 0.220370
1 0.320573 0.614352 0.031771 0.234259
1 0.916146 0.519907 0.039583 0.195370
1 0.477083 0.981481 0.039583 0.235185
1 0.351042 0.816667 0.036458 0.231481
7 0.377865 0.242593 0.040104 0.103704
7 0.367969 0.325463 0.029687 0.112037
1 0.431510 0.208333 0.036979 0.157407
1 0.337760 0.125000 0.020313 0.127778
1 0.254427 0.237037 0.028646 0.155556
1 0.282813 0.245370 0.038542 0.174074
1 0.404948 0.143056 0.026562 0.149074
1 0.395573 0.108333 0.029687 0.151852
1 0.302083 0.016204 0.028125 0.123148
7 0.327344 0.029167 0.031771 0.071296
7 0.651563 0.081481 0.031250 0.109259
1 0.296875 0.187963 0.029167 0.153704
1 0.169531 0.052315 0.018229 0.139815
1 0.208333 0.176389 0.029167 0.160185
1 0.164062 0.195370 0.026042 0.155556
1 0.198698 0.158333 0.023438 0.159259
1 0.134115 0.205093 0.027604 0.149074
1 0.123438 0.181481 0.037500 0.168519
1 0.151823 0.162963 0.031771 0.157407
1 0.190625 0.147222 0.026042 0.150000
1 0.124740 0.164352 0.020313 0.154630
1 0.467187 -0.025463 0.026042 0.147222
1 0.233073 1.000463 0.051562 0.200926
1 0.505208 0.311111 0.034375 0.185185
1 0.459635 0.314352 0.033854 0.180556
1 0.606510 0.628704 0.044271 0.229630
1 0.885156 0.737500 0.047396 0.217593
1 0.882031 0.703704 0.049479 0.235185
1 0.741667 -0.017593 0.029167 0.133333
1 0.707292 -0.013889 0.022917 0.135185
1 0.985938 0.324074 0.034375 0.174074
1 0.909896 0.279630 0.029167 0.164815
1 0.797917 -0.020370 0.028125 0.148148
1 0.774219 -0.012037 0.024479 0.140741
1 0.784635 0.276852 0.038021 0.151852
1 0.692187 0.258333 0.032292 0.153704
1 0.458333 0.005556 0.028125 0.148148
1 0.432031 -0.007870 0.024479 0.141667
1 0.407552 0.011111 0.026562 0.135185
1 0.257812 0.188889 0.026042 0.148148
1 0.211458 0.582870 0.035417 0.212037
1 0.168490 0.596296 0.047396 0.198148
1 0.240885 0.143981 0.033854 0.158333
1 0.271354 0.137963 0.031250 0.151852
1 0.222656 0.097685 0.032813 0.156481
1 0.250000 0.092593 0.027083 0.140741
1 0.246354 0.036574 0.027083 0.132407
1 0.205990 0.394907 0.038021 0.186111
1 0.169792 0.397222 0.035417 0.190741
1 0.267188 0.387037 0.037500 0.177778
1 0.392188 0.002315 0.031250 0.123148
