1 0.852344 0.570370 0.025521 0.116667
1 0.733594 0.560185 0.026562 0.107407
1 0.165365 0.538426 0.015104 0.063889
1 0.621354 0.538889 0.019792 0.088889
1 0.622656 0.522222 0.011979 0.059259
1 0.114844 0.536574 0.008854 0.062037
1 0.462760 0.490278 0.009896 0.043519
1 0.158333 0.538426 0.010417 0.065741
1 0.161979 0.548148 0.012500 0.062963
1 0.107292 0.543056 0.012500 0.067593
1 0.127865 0.533333 0.014063 0.066667
1 0.495573 0.508333 0.010937 0.053704
1 0.554427 0.508333 0.011979 0.057407
1 0.545312 0.510648 0.011458 0.058333
1 0.643229 0.519444 0.015625 0.068519
1 0.590104 0.506019 0.013542 0.058333
1 0.601042 0.503241 0.015625 0.060185
1 0.505990 0.506944 0.010937 0.056481
