1 0.734896 0.637500 0.053125 0.223148
1 0.241927 0.379630 0.040104 0.203704
1 0.074219 0.622685 0.043229 0.230556
1 0.916406 0.519907 0.039062 0.193519
1 0.617188 0.980556 0.043750 0.222222
1 0.353646 0.820833 0.052083 0.232407
7 0.377865 0.242593 0.040104 0.103704
7 0.367969 0.325463 0.029687 0.112037
1 0.429688 0.218519 0.031250 0.161111
1 0.789062 0.131944 0.027083 0.136111
1 0.758594 0.252778 0.028646 0.159259
1 0.736719 0.261111 0.030729 0.175926
1 0.379167 0.250463 0.027083 0.162037
1 0.509115 0.275463 0.035937 0.173148
1 0.069010 0.411574 0.025521 0.175000
1 0.078385 0.392130 0.027604 0.186111
1 0.435156 0.268981 0.031771 0.175000
1 0.456771 0.277778 0.028125 0.150000
1 0.669531 0.253704 0.022396 0.150000
1 0.622396 0.218981 0.035417 0.158333
1 0.380469 0.071296 0.027604 0.150000
1 0.296875 0.021296 0.020833 0.122222
7 0.327344 0.029167 0.031771 0.071296
1 0.040104 0.734722 0.039583 0.206481
7 0.651563 0.081019 0.031250 0.108333
1 0.296094 0.287963 0.026562 0.172222
1 0.282292 0.303241 0.035417 0.184259
1 0.242188 0.074074 0.026042 0.144444
1 0.208073 0.078704 0.024479 0.148148
1 0.292969 0.136574 0.024479 0.154630
1 0.266667 0.112963 0.029167 0.148148
1 0.199479 0.178704 0.028125 0.162963
1 0.264844 0.214352 0.027604 0.147222
1 0.166667 0.193981 0.027083 0.156481
1 0.188542 0.160648 0.022917 0.158333
1 0.121354 0.195370 0.025000 0.151852
1 0.152344 0.169907 0.036979 0.169444
1 0.151823 0.150926 0.029687 0.155556
1 0.152604 0.142593 0.028125 0.153704
1 0.117188 0.174074 0.020833 0.159259
1 0.488281 -0.045370 0.021354 0.107407
1 0.202604 -0.017593 0.016667 0.125926
1 0.228125 0.882407 0.051042 0.250000
1 0.768490 -0.026389 0.023438 0.125000
7 0.647656 0.074537 0.033854 0.099074
