1 0.626302 0.365278 0.031771 0.136111
1 0.449479 0.362037 0.030208 0.150000
1 0.219792 0.430556 0.108333 0.401852
1 0.496615 0.365741 0.026562 0.137037
1 0.572135 0.340278 0.015104 0.062037
1 0.644271 0.376852 0.026042 0.216667
1 0.331250 0.350926 0.020833 0.094444
1 0.631510 0.377315 0.030729 0.193519
1 0.094010 0.373611 0.036979 0.139815
1 0.030990 0.382870 0.052604 0.160185
1 0.517448 0.338426 0.014063 0.058333
1 0.535677 0.330556 0.009896 0.038889
1 0.523698 0.331481 0.008854 0.044444
7 0.475000 0.357407 0.023958 0.064815
7 0.491927 0.360648 0.021354 0.063889
1 0.362760 0.339352 0.015104 0.069444
1 0.340104 0.341204 0.018750 0.076852
1 0.373958 0.342130 0.011458 0.058333
