0 0.798958 0.573148 0.034375 0.146296
0 0.083594 0.600463 0.018229 0.087963
0 0.756250 0.609259 0.034375 0.157407
0 0.593750 0.545370 0.020833 0.083333
0 0.480469 0.501852 0.011979 0.044444
0 0.661198 0.513426 0.013021 0.069444
0 0.075000 0.600000 0.014583 0.088889
0 0.074740 0.613889 0.015104 0.088889
0 0.007812 0.607407 0.015625 0.092593
0 0.596094 0.547685 0.019271 0.087963
0 0.225521 0.517593 0.008333 0.033333
0 0.609115 0.541667 0.023438 0.096296
0 0.624479 0.536574 0.017708 0.095370
0 0.000781 0.609722 0.017188 0.095370
0 0.588802 0.514815 0.011979 0.066667
0 0.508594 0.522685 0.013021 0.062037
