1 0.845052 0.653704 0.049479 0.216667
1 0.262500 0.026389 0.031250 0.169444
1 0.347917 0.621296 0.042708 0.231481
1 0.913542 0.518981 0.046875 0.193519
1 0.534635 0.985648 0.039062 0.228704
1 0.351042 0.816667 0.036458 0.231481
7 0.377865 0.242593 0.040104 0.103704
7 0.367969 0.325463 0.029687 0.112037
1 0.433073 0.213426 0.032813 0.156481
1 0.517969 -0.005093 0.025521 0.130556
1 0.490104 -0.008796 0.027083 0.139815
1 0.333594 0.126852 0.020313 0.131481
1 0.139323 0.327778 0.031771 0.170370
1 0.103385 0.320370 0.029687 0.188889
1 0.594010 0.933333 0.065104 0.242593
1 0.633073 0.935185 0.050521 0.227778
1 0.403385 0.145370 0.021354 0.140741
1 0.426302 0.125926 0.028646 0.151852
1 0.297396 0.021296 0.021875 0.122222
7 0.327344 0.029167 0.031771 0.071296
1 0.265885 0.163889 0.023438 0.144444
7 0.651563 0.082407 0.031250 0.109259
1 0.154167 1.010648 0.043750 0.178704
1 0.191146 0.978241 0.053125 0.239815
1 0.304948 0.185648 0.025521 0.160185
1 0.164583 0.084259 0.028125 0.146296
1 0.200521 0.183333 0.026042 0.159259
1 0.163021 0.193056 0.025000 0.156481
1 0.195833 0.165278 0.025000 0.162037
1 0.127344 0.199074 0.027604 0.148148
1 0.117448 0.179167 0.026562 0.167593
1 0.159896 0.167130 0.028125 0.154630
1 0.157552 0.143056 0.027604 0.150926
1 0.466667 0.010648 0.026042 0.149074
1 0.206250 0.345370 0.033333 0.181481
1 0.266927 0.122222 0.031771 0.161111
1 0.875781 0.298611 0.035937 0.180556
1 0.823177 0.281019 0.026562 0.167593
1 0.786458 0.070370 0.030208 0.131481
1 0.997396 0.349537 0.036458 0.163889
1 0.858073 0.032407 0.027604 0.140741
1 0.811458 0.020833 0.027083 0.150926
1 0.238021 0.144444 0.025000 0.155556
1 0.216927 0.154167 0.024479 0.141667
1 0.196615 0.013426 0.024479 0.126852
1 0.234896 0.029630 0.030208 0.144444
1 0.202865 0.023611 0.026562 0.141667
7 0.647135 0.070833 0.032813 0.084259
