1 0.844792 0.650926 0.042708 0.218519
1 0.255208 0.045370 0.031250 0.162963
1 0.394010 0.653704 0.043229 0.229630
1 0.914844 0.518981 0.043229 0.193519
1 0.544792 0.975463 0.041667 0.237963
1 0.351042 0.816667 0.036458 0.231481
7 0.377865 0.242593 0.040104 0.103704
7 0.367969 0.325463 0.029687 0.112037
1 0.431510 0.213426 0.034896 0.156481
1 0.524219 0.009259 0.026562 0.133333
1 0.494792 0.005556 0.028125 0.144444
1 0.332552 0.127315 0.022396 0.132407
1 0.125260 0.350000 0.031771 0.174074
1 0.093750 0.334722 0.032292 0.191667
1 0.571094 0.882870 0.068229 0.247222
1 0.608594 0.883796 0.049479 0.230556
1 0.403906 0.145370 0.021354 0.140741
1 0.441406 0.138426 0.028646 0.152778
1 0.297135 0.021296 0.021354 0.122222
7 0.327344 0.029167 0.031771 0.071296
1 0.247656 0.187963 0.025521 0.146296
7 0.651563 0.082407 0.031250 0.109259
1 0.150521 0.975463 0.042708 0.234259
1 0.176563 0.927315 0.055208 0.254630
1 0.300781 0.185648 0.024479 0.156481
1 0.172396 0.096759 0.028125 0.149074
1 0.200521 0.183333 0.027083 0.161111
1 0.163281 0.193056 0.025521 0.156481
1 0.196094 0.163426 0.024479 0.163889
1 0.126302 0.200926 0.025521 0.148148
1 0.122396 0.180556 0.027083 0.164815
1 0.163281 0.165741 0.028646 0.155556
1 0.157031 0.144907 0.026562 0.147222
1 0.118229 0.174074 0.020833 0.159259
1 0.467969 0.022685 0.025521 0.149074
1 0.213542 0.313889 0.034375 0.177778
1 0.258594 0.150926 0.030729 0.164815
1 0.880990 0.329630 0.035937 0.185185
1 0.828906 0.312500 0.029687 0.171296
1 0.786458 0.070370 0.030208 0.131481
1 0.972917 0.321296 0.035417 0.164815
1 0.873177 0.054630 0.027604 0.140741
1 0.829427 0.042593 0.027604 0.153704
1 0.231771 0.131944 0.022917 0.154630
1 0.207292 0.138889 0.027083 0.138889
1 0.199219 -0.004630 0.024479 0.124074
1 0.241406 0.012037 0.026562 0.146296
1 0.205990 0.011574 0.026562 0.141667
7 0.647135 0.070833 0.032813 0.084259
