1 0.403646 0.511111 0.013542 0.059259
1 0.535677 0.574537 0.024479 0.121296
1 0.483594 0.579630 0.018229 0.111111
1 0.498437 0.590741 0.022917 0.138889
1 0.291927 1.057407 0.072396 0.374074
1 0.234896 1.002315 0.089583 0.386111
1 0.377865 0.498611 0.015104 0.060185
1 0.143490 0.819907 0.076563 0.299074
1 0.517448 0.581944 0.021354 0.119444
1 0.797135 0.647685 0.039062 0.187963
1 0.138542 0.839352 0.054167 0.326852
1 0.410677 0.577778 0.022396 0.109259
1 0.444271 0.576852 0.031250 0.114815
1 0.708333 0.700926 0.046875 0.192593
1 0.272917 0.937963 0.042708 0.372222
1 0.742969 0.663426 0.052604 0.171296
1 0.700000 0.647685 0.033333 0.163889
1 0.423958 0.564352 0.025000 0.108333
