1 0.635156 0.360648 0.030729 0.134259
1 0.464062 0.351852 0.030208 0.144444
1 0.193750 0.439815 0.116667 0.472222
1 1.032552 0.675463 0.165104 0.750926
1 0.226562 0.387963 0.066667 0.305556
1 0.499740 0.356481 0.024479 0.133333
1 0.554427 0.327778 0.015104 0.059259
1 0.603125 0.358796 0.030208 0.171296
1 0.326302 0.337500 0.021354 0.100926
1 0.607552 0.358333 0.026562 0.157407
1 0.724740 0.351852 0.018229 0.112963
1 0.511719 0.327315 0.014063 0.056481
1 0.307292 0.357870 0.021875 0.136111
1 0.526563 0.324537 0.009375 0.037963
7 0.466927 0.339815 0.027604 0.061111
7 0.487500 0.350926 0.018750 0.057407
1 0.395052 0.328704 0.015104 0.066667
1 0.373177 0.327315 0.015104 0.075000
1 0.359896 0.325463 0.012500 0.060185
1 0.373958 0.317130 0.011458 0.058333
