1 0.504687 0.422222 0.036458 0.159259
1 0.444271 0.406481 0.026042 0.120370
1 0.382552 0.399074 0.019271 0.105556
1 0.979427 0.575463 0.123438 0.525000
1 0.036198 0.448148 0.050521 0.220370
1 0.259896 0.407407 0.035417 0.131481
1 0.433854 0.405556 0.021875 0.107407
1 0.133854 0.421296 0.029167 0.131481
1 0.534896 0.399074 0.026042 0.138889
1 0.479427 0.391204 0.016146 0.102778
1 0.245052 0.399074 0.017188 0.094444
1 0.236198 0.401852 0.013021 0.077778
1 0.395833 0.385648 0.013542 0.063889
1 0.056510 0.388426 0.010937 0.063889
1 0.079948 0.409259 0.017188 0.094444
7 0.344792 0.391667 0.018750 0.048148
7 0.353646 0.391667 0.015625 0.044444
7 0.753125 0.411574 0.026042 0.128704
