1 0.464062 0.357407 0.030208 0.150000
1 0.216927 0.421296 0.094271 0.372222
1 0.512500 0.359259 0.027083 0.137037
1 0.579948 0.331944 0.016146 0.065741
1 0.646615 0.372685 0.029687 0.200926
1 0.346875 0.348148 0.020833 0.094444
1 0.635677 0.367130 0.025521 0.184259
1 0.147656 0.370833 0.034896 0.134259
1 0.109115 0.376389 0.048438 0.149074
1 0.526823 0.330093 0.014063 0.058333
1 0.285677 0.370833 0.025521 0.156481
1 0.548958 0.331481 0.009375 0.038889
1 0.536979 0.327315 0.009375 0.041667
7 0.487500 0.353704 0.023958 0.064815
7 0.504948 0.356944 0.021354 0.063889
1 0.386719 0.341667 0.015104 0.066667
1 0.367708 0.334259 0.014583 0.077778
1 0.372917 0.334722 0.012500 0.060185
1 0.388021 0.331944 0.011458 0.058333
