1 0.782813 0.658333 0.046875 0.229630
1 0.256250 0.217593 0.037500 0.188889
1 0.147135 0.652778 0.050521 0.235185
1 0.915625 0.519907 0.040625 0.193519
1 0.508854 0.971759 0.042708 0.247222
1 0.350260 0.820833 0.038021 0.230556
7 0.377865 0.242593 0.040104 0.103704
7 0.367969 0.325463 0.029687 0.112037
1 0.429427 0.218519 0.030729 0.161111
1 0.776302 0.087963 0.027604 0.133333
1 0.578906 0.157870 0.026562 0.147222
1 0.543229 0.168981 0.031250 0.167593
1 0.280469 0.178241 0.024479 0.158333
1 0.504167 0.146296 0.032292 0.162963
1 0.069531 0.410648 0.025521 0.173148
1 0.052083 0.392593 0.041667 0.187037
1 0.448437 0.462963 0.047917 0.200000
1 0.481771 0.465278 0.039583 0.178704
1 0.444010 0.173148 0.032813 0.142593
1 0.400521 0.172685 0.023958 0.156481
1 0.380469 0.072685 0.026562 0.149074
1 0.297135 0.022685 0.021354 0.123148
7 0.327344 0.029167 0.031771 0.071296
1 0.139063 0.465741 0.030208 0.181481
7 0.651563 0.082407 0.031250 0.109259
1 0.298177 0.498148 0.033854 0.196296
1 0.257292 0.493519 0.032292 0.209259
1 0.276042 -0.038889 0.026042 0.120370
1 0.250781 -0.036574 0.023438 0.125000
1 0.294010 0.136574 0.023438 0.154630
1 0.178646 0.122685 0.027083 0.149074
1 0.197917 0.182870 0.026042 0.162037
1 0.430469 0.412037 0.032813 0.170370
1 0.162500 0.200000 0.027083 0.157407
1 0.189583 0.165278 0.022917 0.162037
1 0.128906 0.195370 0.027604 0.148148
1 0.140104 0.176852 0.023958 0.170370
1 0.159375 0.165278 0.028125 0.141667
1 0.152083 0.142593 0.028125 0.153704
1 0.117188 0.174074 0.020833 0.159259
1 0.460938 -0.007870 0.018750 0.134259
1 0.224219 0.096759 0.028646 0.150926
1 0.221615 0.506019 0.041146 0.210185
1 0.979948 0.612037 0.033854 0.201852
1 0.886458 0.106019 0.029167 0.141667
1 0.813281 0.001389 0.025521 0.126852
1 0.179427 0.892593 0.050521 0.255556
1 0.191406 0.817593 0.043229 0.242593
1 0.226562 -0.023148 0.021875 0.124074
1 0.202604 -0.024074 0.022917 0.124074
1 0.718750 -0.033796 0.028125 0.130556
7 0.645833 0.076852 0.032292 0.087037
1 0.650781 0.076852 0.035937 0.085185
