1 0.852604 0.572222 0.026042 0.118519
1 0.721615 0.562963 0.025521 0.112963
1 0.142187 0.547685 0.014583 0.067593
1 0.618750 0.546759 0.020833 0.095370
1 0.254167 0.500000 0.007292 0.035185
1 0.084115 0.548148 0.010937 0.061111
1 0.450781 0.494444 0.009896 0.044444
1 0.135937 0.549074 0.010417 0.070370
1 0.139063 0.555556 0.012500 0.064815
1 0.082292 0.553241 0.012500 0.067593
1 0.101562 0.542130 0.014583 0.071296
1 0.486198 0.512037 0.011979 0.055556
1 0.541406 0.510648 0.011979 0.056481
1 0.531510 0.512500 0.010937 0.058333
1 0.605729 0.525000 0.013542 0.061111
1 0.617969 0.519444 0.011979 0.064815
1 0.572396 0.509722 0.015625 0.063889
1 0.584635 0.506019 0.015104 0.058333
1 0.496615 0.509722 0.013021 0.060185
