1 0.834896 0.663426 0.031250 0.223148
1 0.253385 0.081481 0.038021 0.164815
1 0.447656 0.679630 0.035937 0.238889
1 0.916406 0.518056 0.040104 0.195370
1 0.560156 0.980093 0.043229 0.237963
1 0.351042 0.816667 0.036458 0.231481
7 0.377865 0.242593 0.040104 0.103704
7 0.367969 0.325463 0.029687 0.112037
1 0.423698 0.212963 0.028646 0.157407
1 0.531250 0.039352 0.027083 0.137963
1 0.498698 0.028704 0.028646 0.148148
1 0.313021 0.131481 0.019792 0.142593
1 0.101823 0.385648 0.034896 0.175000
1 0.075000 0.364352 0.036458 0.193519
1 0.527604 0.785648 0.061458 0.239815
1 0.559896 0.790278 0.039583 0.213889
1 0.401562 0.162500 0.032292 0.156481
1 0.297135 0.022222 0.021354 0.122222
7 0.327344 0.029167 0.031771 0.071296
1 0.197656 0.225926 0.024479 0.151852
7 0.651563 0.082407 0.031250 0.109259
1 0.160938 0.875000 0.041667 0.240741
1 0.125000 0.850926 0.047917 0.251852
1 0.283333 0.173611 0.028125 0.160185
1 0.170313 0.121296 0.021875 0.151852
1 0.200521 0.182870 0.027083 0.162037
1 0.932813 0.694907 0.034375 0.199074
1 0.163802 0.193519 0.026562 0.157407
1 0.200521 0.164815 0.023958 0.164815
1 0.128906 0.200000 0.031771 0.146296
1 0.131250 0.182407 0.028125 0.161111
1 0.161198 0.161574 0.029687 0.163889
1 0.145573 0.143981 0.026562 0.149074
1 0.117708 0.174074 0.020833 0.159259
1 0.474479 0.036111 0.025000 0.150000
1 0.218490 0.261111 0.031771 0.170370
1 0.257552 0.202315 0.033854 0.169444
1 0.910156 0.383796 0.042188 0.186111
1 0.847396 0.360648 0.031250 0.178704
1 0.789844 0.061574 0.029687 0.134259
1 0.934635 0.274074 0.030729 0.159259
1 0.883854 0.090741 0.027083 0.151852
1 0.852083 0.083796 0.028125 0.158333
1 0.987760 0.291667 0.034896 0.175926
1 0.220052 0.103704 0.023438 0.146296
1 0.196615 0.109259 0.029687 0.135185
1 0.201302 -0.038889 0.023438 0.116667
1 0.226042 -0.030093 0.026042 0.134259
1 0.700521 -0.041204 0.026042 0.115741
7 0.647396 0.071759 0.033333 0.086111
