1 0.819531 0.673611 0.038021 0.228704
1 0.251563 0.113889 0.036458 0.170370
1 0.446615 0.662500 0.050521 0.234259
1 0.907292 0.519444 0.057292 0.192593
1 0.555208 0.975463 0.046875 0.243519
1 0.351042 0.816667 0.036458 0.231481
7 0.377865 0.242593 0.040104 0.103704
7 0.367969 0.325463 0.029687 0.112037
1 0.430469 0.214352 0.024479 0.160185
1 0.536719 0.068519 0.026562 0.142593
1 0.501563 0.059722 0.030208 0.149074
1 0.286719 0.125000 0.022396 0.148148
1 0.472917 -0.018981 0.027083 0.139815
1 0.077865 0.406019 0.028646 0.176852
1 0.062240 0.384722 0.027604 0.189815
1 0.502865 0.696296 0.060937 0.227778
1 0.535937 0.705556 0.041667 0.205556
1 0.405990 0.153704 0.025521 0.125926
1 0.384896 0.162037 0.027083 0.155556
1 0.398958 -0.014352 0.025000 0.134259
1 0.297135 0.022222 0.021354 0.122222
7 0.327344 0.029167 0.031771 0.071296
1 0.161719 0.272685 0.027604 0.160185
7 0.651563 0.082407 0.031250 0.109259
1 0.189062 0.781944 0.037500 0.228704
1 0.142969 0.762963 0.047396 0.244444
1 0.283073 0.156019 0.031771 0.154630
1 0.185417 0.127315 0.029167 0.150926
1 0.200521 0.182407 0.027083 0.162963
1 0.810677 0.619444 0.036979 0.190741
1 0.163542 0.194444 0.027083 0.157407
1 0.200000 0.164815 0.029167 0.159259
1 0.129427 0.200000 0.032813 0.146296
1 0.135677 0.180556 0.030729 0.159259
1 0.150000 0.160185 0.030208 0.161111
1 0.150781 0.141667 0.028646 0.150000
1 0.117708 0.174074 0.020833 0.159259
1 0.469271 0.045833 0.027083 0.150926
1 0.235937 0.216204 0.030208 0.165741
1 0.253906 0.258333 0.036979 0.175926
1 0.954688 0.436111 0.046875 0.196296
1 0.871094 0.406944 0.033854 0.184259
1 0.798698 0.037500 0.029687 0.136111
1 0.913281 0.236574 0.035937 0.152778
1 0.905729 0.129630 0.025000 0.155556
1 0.880208 0.122685 0.028125 0.160185
1 0.942187 0.212963 0.041667 0.162963
1 0.226302 0.073148 0.023438 0.146296
1 0.199740 0.073611 0.028646 0.125000
1 0.720313 -0.035648 0.027083 0.123148
7 0.647135 0.073148 0.033854 0.087037
1 0.651823 0.076389 0.033854 0.084259
