1 0.615104 0.325926 0.034375 0.151852
1 0.463542 0.312037 0.029167 0.140741
1 0.424219 0.340741 0.040104 0.211111
1 0.899479 0.556944 0.127083 0.741667
1 0.227083 0.337963 0.058333 0.224074
1 0.496094 0.316667 0.026562 0.124074
1 0.531771 0.285648 0.011458 0.052778
1 0.568490 0.308796 0.029687 0.137963
1 0.293750 0.314815 0.025000 0.105556
1 0.572917 0.310185 0.021875 0.133333
1 0.642708 0.300463 0.019792 0.110185
1 0.112240 0.347685 0.052604 0.228704
1 0.090365 0.361574 0.042188 0.197222
1 0.370052 0.310185 0.023438 0.107407
1 0.358854 0.313426 0.022917 0.110185
1 0.320833 0.322685 0.022917 0.121296
1 0.029167 0.307870 0.017708 0.093519
1 0.061458 0.330093 0.028125 0.134259
7 0.455990 0.308796 0.020313 0.049074
7 0.475000 0.309259 0.017708 0.053704
1 0.400781 0.291667 0.010937 0.059259
1 0.384375 0.292593 0.010417 0.064815
1 0.352604 0.289815 0.011458 0.053704
