1 0.433854 0.506481 0.013542 0.059259
1 0.568229 0.570370 0.023958 0.120370
1 0.547135 0.572685 0.023438 0.117593
1 0.516927 0.574537 0.017188 0.110185
1 0.531510 0.578704 0.019271 0.124074
1 0.360677 1.034722 0.071354 0.386111
1 0.308854 0.975000 0.081250 0.375926
1 0.404167 0.501852 0.012500 0.061111
1 0.208333 0.801389 0.083333 0.280556
1 0.547396 0.574537 0.020833 0.119444
1 0.833594 0.639352 0.039062 0.187963
1 0.215885 0.825463 0.064062 0.313889
1 0.444271 0.572685 0.021875 0.110185
1 0.481510 0.572685 0.030729 0.106481
1 0.736198 0.688426 0.045312 0.191667
1 0.337500 0.905093 0.039583 0.345370
1 0.764844 0.654630 0.044271 0.172222
1 0.728646 0.640741 0.033333 0.161111
1 0.454688 0.560648 0.025000 0.108333
