1 0.736198 0.637500 0.053646 0.223148
1 0.222396 0.460185 0.044792 0.218519
1 0.074740 0.624074 0.043229 0.231481
1 0.916667 0.520833 0.038542 0.193519
1 0.623698 1.002315 0.040104 0.195370
1 0.354687 0.820833 0.052083 0.232407
7 0.377865 0.242593 0.040104 0.103704
7 0.367969 0.325463 0.029687 0.112037
1 0.429688 0.218519 0.031250 0.161111
1 0.967187 0.308796 0.032292 0.173148
1 0.788281 0.132407 0.027604 0.135185
1 0.847396 0.305556 0.029167 0.166667
1 0.804167 0.305556 0.031250 0.177778
1 0.533854 0.266204 0.037500 0.163889
1 0.548698 0.221296 0.036979 0.161111
1 0.118750 0.437500 0.033333 0.180556
1 0.127083 0.415278 0.031250 0.195370
1 0.469271 0.211574 0.028125 0.165741
1 0.489063 0.213889 0.025000 0.148148
1 0.552604 -0.002778 0.023958 0.112963
1 0.534115 -0.003241 0.022396 0.110185
1 0.748698 0.293056 0.025521 0.156481
1 0.727344 0.252315 0.024479 0.156481
1 0.380469 0.070833 0.027604 0.150926
1 0.396354 -0.026389 0.020833 0.100926
1 0.298177 0.020833 0.022396 0.121296
7 0.327344 0.029167 0.031771 0.071296
1 0.009896 0.875926 0.037500 0.222222
7 0.646354 0.083333 0.037500 0.107407
1 0.271615 0.223611 0.027604 0.163889
1 0.278906 0.235648 0.046354 0.173148
1 0.250260 0.133796 0.023438 0.154630
1 0.229167 0.143519 0.027083 0.153704
1 0.292448 0.136574 0.022396 0.154630
1 0.267969 0.112963 0.026562 0.148148
1 0.198958 0.179630 0.027083 0.164815
1 0.206250 0.150000 0.023958 0.142593
1 0.161719 0.192593 0.027604 0.157407
1 0.187760 0.160185 0.025521 0.161111
1 0.124479 0.194444 0.023958 0.151852
1 0.145052 0.170833 0.026562 0.165741
1 0.141667 0.156944 0.030208 0.156481
1 0.151562 0.142593 0.028125 0.153704
1 0.118750 0.174074 0.020833 0.159259
1 0.486198 -0.045833 0.020313 0.106481
1 0.221354 1.026389 0.042708 0.147222
1 0.647917 0.057870 0.039583 0.125000
