1 0.929948 0.592130 0.038021 0.173148
1 0.121615 0.606019 0.019271 0.100926
1 0.963542 0.681481 0.052083 0.224074
1 0.548698 0.496759 0.013021 0.037963
1 0.108594 0.606481 0.017188 0.096296
1 0.107813 0.620370 0.015625 0.098148
1 0.032813 0.614815 0.020833 0.096296
1 0.663542 0.566667 0.023958 0.101852
1 0.666406 0.553241 0.021354 0.108333
1 0.690625 0.557870 0.029167 0.121296
1 0.026302 0.618519 0.020313 0.103704
1 0.600000 0.525463 0.019792 0.071296
1 0.582292 0.516667 0.012500 0.055556
1 0.622656 0.525000 0.015104 0.068519
1 0.612760 0.527315 0.011979 0.073148
