1 0.843229 0.654630 0.034375 0.218519
1 0.251042 0.072222 0.033333 0.162963
1 0.438802 0.675463 0.040104 0.237963
1 0.915625 0.520833 0.040625 0.197222
1 0.558594 0.981944 0.043229 0.236111
1 0.351042 0.816667 0.036458 0.231481
7 0.377865 0.242593 0.040104 0.103704
7 0.367969 0.325463 0.029687 0.112037
1 0.421875 0.213889 0.031250 0.157407
1 0.530208 0.031019 0.027083 0.137963
1 0.498177 0.022685 0.028646 0.147222
1 0.319010 0.129630 0.018229 0.137037
1 0.106250 0.377778 0.034375 0.177778
1 0.077865 0.355093 0.027604 0.191667
1 0.537500 0.806944 0.064583 0.239815
1 0.570312 0.810648 0.042708 0.215741
1 0.405208 0.148611 0.023958 0.136111
1 0.415104 0.156481 0.027083 0.155556
1 0.297135 0.022222 0.021354 0.122222
7 0.327344 0.029167 0.031771 0.071296
1 0.211719 0.220370 0.027604 0.151852
7 0.651563 0.082407 0.031250 0.109259
1 0.157292 0.900926 0.041667 0.240741
1 0.126562 0.870833 0.050000 0.258333
1 0.285156 0.178704 0.030729 0.159259
1 0.166667 0.115278 0.022917 0.150926
1 0.200521 0.182870 0.027083 0.162037
1 0.957552 0.718056 0.039062 0.199074
1 0.163802 0.193519 0.026562 0.157407
1 0.199479 0.166667 0.023958 0.162963
1 0.128646 0.200000 0.031250 0.146296
1 0.128125 0.182870 0.028125 0.160185
1 0.161979 0.163426 0.029167 0.160185
1 0.147396 0.146759 0.026042 0.145370
1 0.117708 0.174074 0.020833 0.159259
1 0.471875 0.030093 0.025000 0.149074
1 0.217708 0.276389 0.031250 0.176852
1 0.256250 0.187500 0.033333 0.167593
1 0.898438 0.368519 0.038542 0.183333
1 0.841146 0.346296 0.029167 0.174074
1 0.788802 0.063889 0.028646 0.131481
1 0.940104 0.286574 0.036458 0.160185
1 0.879167 0.079167 0.027083 0.149074
1 0.848958 0.072685 0.028125 0.158333
1 0.998958 0.310648 0.037500 0.178704
1 0.222656 0.109259 0.024479 0.148148
1 0.198177 0.114352 0.026562 0.137963
1 0.201302 -0.030093 0.023438 0.119444
1 0.220573 -0.016204 0.026562 0.141667
1 0.273698 -0.028704 0.023438 0.133333
7 0.647396 0.071759 0.033333 0.086111
