0 0.845313 0.654630 0.050000 0.214815
0 0.217969 0.612963 0.034896 0.229630
0 0.916146 0.518519 0.050000 0.192593
0 0.454688 0.981944 0.042708 0.136111
0 0.351042 0.816667 0.036458 0.231481
2 0.377865 0.242593 0.040104 0.103704
2 0.367969 0.325463 0.029687 0.112037
0 0.430469 0.211111 0.023438 0.161111
0 0.336979 0.125926 0.020833 0.129630
0 0.172917 0.278241 0.029167 0.165741
0 0.147656 0.272685 0.029687 0.182407
0 0.402865 0.145370 0.024479 0.140741
0 0.404167 0.124074 0.028125 0.157407
0 0.259635 0.086111 0.022396 0.127778
2 0.651563 0.081481 0.031250 0.109259
0 0.306510 0.183333 0.026562 0.162963
0 0.200000 0.182407 0.025000 0.159259
0 0.163021 0.193519 0.025000 0.155556
0 0.193750 0.164815 0.025000 0.161111
0 0.130729 0.198611 0.026042 0.150926
0 0.121875 0.180093 0.026042 0.169444
0 0.149219 0.168056 0.028646 0.162037
0 0.157292 0.141667 0.027083 0.151852
0 0.118229 0.174074 0.020833 0.159259
0 0.173958 0.450000 0.038542 0.192593
0 0.707812 0.868519 0.048958 0.250000
0 0.663281 0.884722 0.045312 0.235185
0 0.852604 0.215741 0.036458 0.170370
0 0.783073 0.205556 0.027604 0.155556
0 0.786719 0.072222 0.029687 0.131481
0 0.265365 0.214815 0.024479 0.162963
0 0.235156 0.217130 0.032813 0.149074
0 0.228125 0.096296 0.028125 0.148148
0 0.197656 0.092130 0.026562 0.141667
0 0.229687 0.078704 0.023958 0.140741
