1 0.845573 0.654630 0.050521 0.214815
1 0.245833 0.628704 0.045833 0.227778
1 0.915365 0.517593 0.046354 0.190741
1 0.459896 0.988426 0.042708 0.223148
1 0.351042 0.816667 0.036458 0.231481
7 0.377865 0.242593 0.040104 0.103704
7 0.367969 0.325463 0.029687 0.112037
1 0.420833 0.207407 0.027083 0.162963
1 0.336979 0.125463 0.020833 0.128704
1 0.185417 0.263889 0.028125 0.159259
1 0.148698 0.262963 0.029687 0.183333
1 0.403385 0.146296 0.024479 0.138889
1 0.404427 0.121296 0.027604 0.157407
1 0.299479 0.019444 0.025000 0.122222
7 0.327344 0.029167 0.031771 0.071296
1 0.253125 0.065278 0.021875 0.130556
7 0.651563 0.081481 0.031250 0.109259
1 0.302083 0.187500 0.029167 0.162037
1 0.176823 0.049074 0.023438 0.138889
1 0.200000 0.181481 0.025000 0.159259
1 0.163281 0.192593 0.025521 0.155556
1 0.194792 0.165278 0.025000 0.165741
1 0.136719 0.200463 0.025521 0.150926
1 0.121615 0.179167 0.025521 0.171296
1 0.147917 0.165278 0.029167 0.162037
1 0.161719 0.143519 0.027604 0.151852
1 0.118229 0.174074 0.020833 0.159259
1 0.468490 -0.023611 0.025521 0.149074
1 0.173698 0.500926 0.036979 0.205556
1 0.252604 -0.000926 0.031250 0.146296
1 0.657292 0.783796 0.044792 0.237963
1 0.616146 0.810185 0.042708 0.244444
1 0.847135 0.181944 0.029687 0.163889
1 0.777344 0.175463 0.026562 0.154630
1 0.777604 0.001389 0.023958 0.125000
1 0.789323 -0.031481 0.022396 0.118519
1 0.786458 0.075000 0.030208 0.131481
1 0.259896 0.244444 0.023958 0.168519
1 0.227865 0.243981 0.041146 0.149074
1 0.146615 0.046759 0.024479 0.130556
1 0.239844 0.122222 0.029687 0.151852
1 0.210677 0.121296 0.026562 0.155556
1 0.241406 0.103704 0.025521 0.142593
1 0.831510 -0.004630 0.019271 0.077778
1 0.493750 0.007407 0.030208 0.131481
