1 0.969010 0.749074 0.060937 0.266667
1 0.906250 0.571296 0.032292 0.103704
1 0.839323 0.560648 0.024479 0.106481
1 0.022917 0.640741 0.029167 0.140741
1 0.105729 0.593056 0.022917 0.119444
1 0.055469 0.635648 0.028646 0.150926
1 0.717708 0.522222 0.013542 0.050000
1 0.666406 0.531481 0.016146 0.072222
1 0.716667 0.514352 0.010417 0.052778
1 0.391927 0.487963 0.008854 0.031481
1 0.046875 0.584722 0.021875 0.115741
1 0.248958 0.517593 0.009375 0.053704
1 0.011719 0.621296 0.024479 0.148148
1 0.541146 0.490278 0.008333 0.037963
1 0.742448 0.512500 0.009896 0.065741
1 0.277344 0.520370 0.009896 0.059259
1 0.283594 0.525926 0.010937 0.061111
1 0.236458 0.519444 0.010417 0.061111
1 0.261198 0.514815 0.010937 0.055556
1 0.569792 0.503704 0.010417 0.046296
1 0.579948 0.506944 0.013021 0.049074
1 0.647135 0.507870 0.010937 0.050926
1 0.637500 0.509259 0.011458 0.053704
1 0.746354 0.515741 0.010417 0.062963
1 0.704167 0.508796 0.012500 0.058333
1 0.730990 0.514352 0.009896 0.056481
1 0.599740 0.506944 0.009896 0.043519
1 0.656510 0.506944 0.013021 0.047222
