1 0.734635 0.637037 0.053646 0.224074
1 0.241146 0.370833 0.039583 0.204630
1 0.074219 0.622685 0.043229 0.230556
1 0.916146 0.519907 0.039583 0.193519
1 0.605729 0.979630 0.042708 0.237037
1 0.353646 0.820833 0.052083 0.232407
7 0.377865 0.242593 0.040104 0.103704
7 0.367969 0.325463 0.029687 0.112037
1 0.429688 0.218519 0.031250 0.161111
1 0.789062 0.131944 0.027083 0.136111
1 0.744271 0.245833 0.027083 0.154630
1 0.725260 0.255093 0.033854 0.171296
1 0.369531 0.245370 0.023438 0.157407
1 0.500781 0.280556 0.034896 0.174074
1 0.068750 0.410648 0.025000 0.173148
1 0.078385 0.392593 0.027604 0.187037
1 0.428906 0.277778 0.032813 0.174074
1 0.450260 0.286574 0.026562 0.154630
1 0.658333 0.247222 0.022917 0.150000
1 0.605729 0.215741 0.034375 0.159259
1 0.380469 0.071296 0.027604 0.150000
1 0.296354 0.020370 0.021875 0.125926
7 0.327344 0.029167 0.031771 0.071296
1 0.053906 0.719444 0.039062 0.205556
7 0.651563 0.081019 0.031250 0.108333
1 0.300781 0.297685 0.026562 0.171296
1 0.287500 0.311574 0.036458 0.184259
1 0.245312 0.068056 0.027083 0.141667
1 0.208073 0.070370 0.024479 0.148148
1 0.292969 0.136574 0.024479 0.154630
1 0.266406 0.112963 0.029687 0.148148
1 0.199479 0.178704 0.028125 0.162963
1 0.264062 0.224537 0.028125 0.149074
1 0.165104 0.193519 0.027083 0.157407
1 0.189062 0.161574 0.022917 0.160185
1 0.122656 0.194444 0.025521 0.151852
1 0.150521 0.169444 0.033333 0.168519
1 0.152604 0.150926 0.029167 0.155556
1 0.152604 0.142593 0.028125 0.153704
1 0.117188 0.174074 0.020833 0.159259
1 0.488281 -0.045370 0.021354 0.107407
1 0.204167 -0.016204 0.017708 0.125000
1 0.230990 0.860185 0.051562 0.250000
1 0.778385 -0.018519 0.024479 0.127778
7 0.647396 0.075000 0.033333 0.098148
1 0.651302 0.074537 0.036979 0.089815
