1 0.997135 0.593056 0.044271 0.186111
1 0.132031 0.615278 0.019271 0.106481
1 0.573438 0.495833 0.011458 0.045370
1 0.121094 0.617593 0.018229 0.103704
1 0.123698 0.622685 0.017188 0.093519
1 0.116927 0.633796 0.016146 0.100926
1 0.041667 0.627778 0.021875 0.103704
1 0.685156 0.573148 0.024479 0.109259
1 0.686719 0.555093 0.028646 0.108333
1 0.798438 0.527315 0.015625 0.093519
1 0.706771 0.557407 0.028125 0.122222
1 0.034635 0.629630 0.025521 0.109259
1 0.662240 0.535648 0.016146 0.084259
1 0.718490 0.554167 0.017188 0.104630
1 0.622135 0.519444 0.018229 0.062963
1 0.610156 0.512500 0.011979 0.049074
1 0.647917 0.523148 0.015625 0.074074
1 0.635677 0.520833 0.010937 0.069444
