1 0.613802 0.375463 0.031771 0.134259
1 0.440625 0.375000 0.030208 0.161111
1 0.156510 0.496296 0.144271 0.512963
1 0.493229 0.375463 0.029167 0.143519
1 0.601042 0.354630 0.022917 0.083333
1 0.687760 0.403241 0.043229 0.278704
1 0.350781 0.364352 0.020313 0.099074
1 0.672656 0.401389 0.042188 0.243519
1 0.530729 0.352315 0.014583 0.060185
1 0.554167 0.349074 0.010417 0.040741
1 0.540625 0.342130 0.010417 0.045370
7 0.483594 0.375926 0.023438 0.070370
7 0.501042 0.378704 0.022917 0.070370
1 0.333594 0.355556 0.015104 0.066667
1 0.376563 0.355093 0.012500 0.060185
1 0.386458 0.351389 0.011458 0.058333
