1 0.838542 0.691667 0.044792 0.222222
1 0.248438 0.172222 0.036458 0.181481
1 0.288021 0.641204 0.054167 0.221296
1 0.915365 0.519907 0.041146 0.193519
1 0.519271 0.975463 0.040625 0.241667
1 0.351042 0.816667 0.036458 0.231481
7 0.377865 0.242593 0.040104 0.103704
7 0.367969 0.325463 0.029687 0.112037
1 0.429427 0.218519 0.030729 0.161111
1 0.759115 0.033333 0.024479 0.122222
1 0.548698 0.131481 0.027604 0.148148
1 0.513802 0.128241 0.033854 0.163889
1 0.278906 0.160648 0.024479 0.154630
1 0.497656 0.077315 0.032813 0.150926
1 0.070052 0.411111 0.026562 0.174074
1 0.053906 0.392130 0.038021 0.186111
1 0.460938 0.542593 0.042708 0.209259
1 0.495833 0.543056 0.042708 0.189815
1 0.408594 0.152778 0.021354 0.131481
1 0.382812 0.168519 0.028125 0.155556
1 0.380208 0.077315 0.026042 0.141667
1 0.297135 0.022685 0.021354 0.123148
7 0.327344 0.029167 0.031771 0.071296
1 0.128385 0.383333 0.027604 0.168519
7 0.651563 0.082407 0.031250 0.109259
1 0.263542 0.595833 0.033333 0.210185
1 0.220573 0.584259 0.046354 0.220370
1 0.294271 0.135648 0.026042 0.152778
1 0.185156 0.125000 0.028646 0.151852
1 0.203646 0.179630 0.027083 0.162963
1 0.555990 0.490278 0.035937 0.180556
1 0.163021 0.198611 0.027083 0.156481
1 0.196875 0.165278 0.025000 0.154630
1 0.122917 0.202315 0.032292 0.145370
1 0.130469 0.184259 0.026562 0.168519
1 0.147656 0.155556 0.028646 0.161111
1 0.151562 0.142593 0.028125 0.153704
1 0.448958 0.023611 0.027083 0.145370
1 0.236198 0.145370 0.029687 0.159259
1 0.243490 0.402778 0.042188 0.200000
1 0.963542 0.532870 0.034375 0.193519
1 0.831771 -0.018519 0.025000 0.129630
1 0.929427 0.158333 0.033854 0.150000
1 0.974740 0.131944 0.026562 0.152778
1 0.860938 0.074537 0.033333 0.147222
1 0.258333 1.018056 0.053125 0.163889
1 0.278906 0.980556 0.047396 0.238889
1 0.232031 0.012963 0.024479 0.127778
1 0.208333 0.016204 0.021875 0.126852
1 0.721615 -0.034259 0.031771 0.129630
7 0.646354 0.076389 0.032292 0.086111
1 0.651302 0.076389 0.034896 0.084259
