1 0.609896 0.367593 0.028125 0.129630
1 0.438281 0.369444 0.029687 0.146296
1 0.233854 0.445370 0.114583 0.427778
1 0.493490 0.371759 0.026562 0.137963
1 0.571354 0.340741 0.017708 0.070370
1 0.643490 0.387037 0.048438 0.233333
1 0.329688 0.357407 0.020833 0.094444
1 0.634375 0.385648 0.033333 0.206481
1 0.035937 0.383796 0.038542 0.143519
1 0.513542 0.344444 0.013542 0.059259
1 0.535156 0.340278 0.010937 0.037963
1 0.522135 0.335648 0.009896 0.043519
7 0.470052 0.365278 0.023438 0.069444
7 0.487500 0.371296 0.021875 0.064815
1 0.348698 0.350926 0.015104 0.066667
1 0.324479 0.351389 0.018750 0.076852
1 0.360677 0.347685 0.011979 0.058333
1 0.370312 0.350463 0.011458 0.058333
