1 0.459635 0.360648 0.091146 0.436111
1 0.550000 0.352778 0.081250 0.481481
1 -0.064844 0.509722 0.317188 1.478704
1 0.219010 0.579167 0.302604 1.339815
1 0.352604 0.362500 0.084375 0.456481
1 0.397135 0.359722 0.059896 0.336111
1 0.639844 0.357407 0.051562 0.329630
1 0.740625 0.309722 0.018750 0.110185
1 0.717708 0.309722 0.013542 0.084259
1 0.698438 0.306944 0.017708 0.078704
1 0.855990 0.302315 0.017188 0.095370
1 0.949219 0.301852 0.019271 0.114815
1 0.950521 0.311574 0.017708 0.091667
1 0.979427 0.294444 0.019271 0.081481
1 0.765885 0.303241 0.013021 0.058333
