1 0.846615 0.655093 0.052604 0.215741
1 0.366927 0.643981 0.041146 0.226852
1 0.916146 0.518981 0.039583 0.195370
1 0.500521 0.981019 0.041667 0.236111
1 0.351042 0.816667 0.036458 0.231481
7 0.377865 0.242593 0.040104 0.103704
7 0.367969 0.325463 0.029687 0.112037
1 0.431771 0.208333 0.037500 0.157407
1 0.337240 0.125463 0.020313 0.128704
1 0.195833 0.235185 0.027083 0.153704
1 0.179427 0.240278 0.026562 0.176852
1 0.405729 0.140741 0.029167 0.144444
1 0.400260 0.113889 0.026562 0.153704
1 0.302083 0.016667 0.028125 0.122222
7 0.327344 0.029167 0.031771 0.071296
7 0.651563 0.081481 0.031250 0.109259
1 0.301823 0.187500 0.028646 0.156481
1 0.174740 0.050000 0.023438 0.138889
1 0.199740 0.181944 0.027604 0.158333
1 0.164062 0.193981 0.026042 0.154630
1 0.198437 0.158796 0.023958 0.158333
1 0.136458 0.204630 0.029167 0.153704
1 0.127083 0.179167 0.031250 0.167593
1 0.153906 0.162500 0.028646 0.158333
1 0.186979 0.143519 0.026042 0.150000
1 0.119271 0.165741 0.020833 0.159259
1 0.467187 -0.025463 0.026042 0.147222
1 0.191667 0.836111 0.047917 0.244444
1 0.502865 0.424074 0.036979 0.198148
1 0.461198 0.439352 0.034896 0.195370
1 0.668750 0.825000 0.045833 0.250000
1 0.930990 0.743519 0.048438 0.229630
1 0.962500 0.695370 0.036458 0.231481
1 0.785156 0.032870 0.027604 0.136111
1 0.748177 0.037037 0.023438 0.137037
1 0.931510 0.207870 0.032813 0.163889
1 0.866927 0.172222 0.026562 0.150000
1 0.782813 0.200926 0.033333 0.148148
1 0.611979 0.145833 0.029167 0.150926
1 0.442188 -0.020833 0.025000 0.147222
1 0.417187 -0.017593 0.023958 0.142593
1 0.379167 0.012500 0.031250 0.132407
1 0.263281 0.108796 0.026562 0.143519
1 0.221354 0.461574 0.035417 0.193519
1 0.188542 0.471759 0.040625 0.182407
1 0.240885 0.148611 0.027604 0.162037
1 0.235937 0.059259 0.031250 0.133333
1 0.213542 0.036574 0.026042 0.126852
1 0.142187 0.047222 0.027083 0.127778
1 0.239583 0.306019 0.035417 0.176852
1 0.194010 0.302315 0.031771 0.171296
1 0.265104 0.286111 0.031250 0.166667
