1 0.595573 0.325000 0.031771 0.131481
1 0.410938 0.329630 0.032292 0.161111
1 0.447396 0.331481 0.029167 0.146296
1 0.620833 0.311111 0.028125 0.111111
1 0.770573 0.387037 0.063021 0.420370
1 0.369792 0.321759 0.020833 0.104630
1 0.740104 0.377778 0.052083 0.353704
1 0.526823 0.299537 0.016146 0.063889
1 0.061458 0.413426 0.055208 0.330556
1 0.105729 0.312037 0.018750 0.079630
1 0.554948 0.299537 0.011979 0.052778
1 0.543229 0.296296 0.010417 0.051852
7 0.476562 0.329167 0.025000 0.082407
7 0.495833 0.332870 0.025000 0.082407
1 0.313281 0.296296 0.013021 0.046296
1 0.321354 0.300463 0.010417 0.047222
1 0.334896 0.294907 0.010417 0.039815
1 0.338281 0.294444 0.010937 0.042593
1 0.386198 0.307407 0.010937 0.057407
1 0.350000 0.295833 0.010417 0.036111
1 0.356250 0.294444 0.010417 0.033333
