1 0.853906 0.699074 0.040104 0.224074
1 0.252083 0.158333 0.035417 0.179630
1 0.341406 0.633333 0.048438 0.225926
1 0.915365 0.519907 0.041146 0.193519
1 0.530208 0.966667 0.046875 0.261111
1 0.351042 0.816667 0.036458 0.231481
7 0.377865 0.242593 0.040104 0.103704
7 0.367969 0.325463 0.029687 0.112037
1 0.429427 0.218519 0.030729 0.161111
1 0.761198 0.018056 0.026562 0.121296
1 0.542448 0.119444 0.027604 0.148148
1 0.511198 0.108796 0.030729 0.162037
1 0.275521 0.150000 0.026042 0.155556
1 0.494531 0.052778 0.028646 0.137037
1 0.070052 0.410648 0.026562 0.173148
1 0.054427 0.392130 0.036979 0.186111
1 0.465625 0.566667 0.045833 0.212963
1 0.494010 0.571296 0.034896 0.194444
1 0.405990 0.158333 0.027604 0.118519
1 0.382552 0.163426 0.028646 0.154630
1 0.380729 0.067130 0.026042 0.141667
1 0.297135 0.022685 0.021354 0.123148
7 0.327344 0.029167 0.031771 0.071296
1 0.122135 0.359259 0.027604 0.168519
7 0.651563 0.082407 0.031250 0.109259
1 0.250781 0.629630 0.035937 0.212963
1 0.195833 0.615278 0.045833 0.225000
1 0.295052 0.135185 0.027604 0.151852
1 0.181510 0.127315 0.032813 0.150926
1 0.200521 0.180556 0.027083 0.162963
1 0.594531 0.514815 0.033854 0.185185
1 0.160938 0.195833 0.027083 0.156481
1 0.194792 0.163889 0.026042 0.162963
1 0.128906 0.201852 0.028646 0.144444
1 0.133333 0.186111 0.032292 0.159259
1 0.148438 0.155556 0.029167 0.161111
1 0.148177 0.142130 0.025521 0.152778
1 0.117708 0.174074 0.020833 0.159259
1 0.444531 0.031019 0.027604 0.145370
1 0.236979 0.150463 0.029167 0.160185
1 0.252604 0.369907 0.039583 0.195370
1 0.947917 0.503704 0.034375 0.192593
1 0.822135 -0.008333 0.025521 0.135185
1 0.939583 0.173148 0.031250 0.148148
1 0.950000 0.137037 0.034375 0.151852
1 0.870833 0.100463 0.036458 0.152778
1 0.311979 1.007407 0.047917 0.185185
1 0.234375 0.019444 0.023958 0.127778
1 0.209115 0.029167 0.029687 0.128704
1 0.722396 -0.034722 0.033333 0.128704
7 0.646615 0.075463 0.032813 0.086111
1 0.651042 0.075926 0.034375 0.083333
