1 0.613281 0.367593 0.030729 0.133333
1 0.443750 0.369444 0.030208 0.164815
1 0.125781 0.512963 0.159896 0.551852
1 0.489583 0.365741 0.029167 0.144444
1 0.704427 0.399074 0.043229 0.298148
1 0.364583 0.359259 0.019792 0.100000
1 0.691146 0.395833 0.042708 0.263889
1 0.536458 0.342130 0.014583 0.060185
1 0.195833 0.415741 0.032292 0.242593
1 0.559635 0.337500 0.009896 0.045370
1 0.546615 0.336111 0.010937 0.051852
7 0.509375 0.374074 0.022917 0.072222
1 0.330729 0.346759 0.016667 0.065741
1 0.380729 0.343056 0.012500 0.060185
1 0.393229 0.341204 0.011458 0.058333
