1 0.846094 0.654630 0.051562 0.214815
1 0.355729 0.649537 0.047917 0.232407
1 0.916406 0.516667 0.038021 0.196296
1 0.472656 0.980093 0.040104 0.228704
1 0.351042 0.816667 0.036458 0.231481
7 0.377865 0.242593 0.040104 0.103704
7 0.367969 0.325463 0.029687 0.112037
1 0.426042 0.204167 0.030208 0.162037
1 0.336979 0.125463 0.020833 0.128704
1 0.193490 0.244907 0.025521 0.158333
1 0.163021 0.243056 0.032292 0.176852
1 0.405729 0.142130 0.029167 0.147222
1 0.398958 0.115278 0.028125 0.156481
1 0.300521 0.018056 0.026042 0.121296
7 0.327344 0.029167 0.031771 0.071296
1 0.240885 0.009259 0.022396 0.122222
7 0.651563 0.081481 0.031250 0.109259
1 0.304688 0.187500 0.032292 0.158333
1 0.174740 0.049074 0.023438 0.138889
1 0.200000 0.178704 0.025000 0.159259
1 0.163021 0.192593 0.026042 0.155556
1 0.190365 0.165741 0.024479 0.161111
1 0.135156 0.200000 0.025521 0.151852
1 0.122135 0.181481 0.025521 0.166667
1 0.148698 0.167130 0.028646 0.160185
1 0.176563 0.150000 0.026042 0.150000
1 0.118750 0.173148 0.020833 0.159259
1 0.467187 -0.025463 0.026042 0.147222
1 0.163542 0.614352 0.039583 0.219444
1 0.569792 0.637500 0.037500 0.232407
1 0.530729 0.658333 0.036458 0.222222
1 0.816667 0.118519 0.033333 0.151852
1 0.757552 0.118056 0.025521 0.145370
1 0.860677 0.067130 0.027604 0.141667
1 0.812240 0.040278 0.026562 0.134259
1 0.782031 0.106944 0.031771 0.139815
1 0.566146 -0.002778 0.028125 0.144444
1 0.390885 -0.010648 0.022396 0.125000
1 0.272396 0.014352 0.018750 0.125000
1 0.242448 0.317130 0.027604 0.176852
1 0.214844 0.320370 0.038021 0.164815
1 0.144010 0.136574 0.023438 0.160185
1 0.145833 0.047685 0.027083 0.128704
1 0.262500 0.183796 0.030208 0.163889
1 0.236458 0.181481 0.028125 0.159259
1 0.265625 0.164815 0.027083 0.157407
1 0.410156 -0.003241 0.023438 0.128704
