1 0.845573 0.654630 0.050521 0.214815
1 0.247656 0.629630 0.045312 0.227778
1 0.915365 0.517593 0.046354 0.190741
1 0.459635 0.988426 0.043229 0.223148
1 0.351042 0.816667 0.036458 0.231481
7 0.377865 0.242593 0.040104 0.103704
7 0.367969 0.325463 0.029687 0.112037
1 0.420833 0.207407 0.027083 0.162963
1 0.336979 0.125463 0.020833 0.128704
1 0.185938 0.263426 0.028125 0.158333
1 0.148698 0.262500 0.029687 0.182407
1 0.403385 0.146296 0.024479 0.138889
1 0.404427 0.121296 0.027604 0.157407
1 0.299479 0.019444 0.025000 0.122222
7 0.327344 0.029167 0.031771 0.071296
1 0.253125 0.064352 0.021875 0.130556
7 0.651563 0.081481 0.031250 0.109259
1 0.302083 0.187500 0.029167 0.162037
1 0.176302 0.049074 0.023438 0.138889
1 0.200000 0.181481 0.025000 0.159259
1 0.163281 0.192593 0.025521 0.155556
1 0.194792 0.165278 0.025000 0.165741
1 0.136719 0.200463 0.025521 0.150926
1 0.121615 0.179167 0.025521 0.171296
1 0.147917 0.165278 0.029167 0.162037
1 0.162240 0.144444 0.027604 0.151852
1 0.118229 0.174074 0.020833 0.159259
1 0.468490 -0.023611 0.025521 0.149074
1 0.173437 0.501852 0.037500 0.207407
1 0.252604 -0.001852 0.031250 0.146296
1 0.655729 0.782870 0.044792 0.239815
1 0.614844 0.807407 0.042188 0.242593
1 0.847396 0.181481 0.030208 0.162963
1 0.776823 0.174537 0.026562 0.154630
1 0.779687 0.002315 0.023958 0.125000
1 0.789583 -0.031019 0.021875 0.119444
1 0.786458 0.075000 0.030208 0.131481
1 0.259896 0.244444 0.023958 0.168519
1 0.227604 0.244907 0.041667 0.149074
1 0.146615 0.046759 0.024479 0.130556
1 0.240104 0.123611 0.029167 0.152778
1 0.211198 0.121296 0.026562 0.155556
1 0.241927 0.103704 0.025521 0.142593
1 0.831250 -0.005093 0.018750 0.076852
1 0.492188 0.006481 0.029167 0.131481
