1 0.846615 0.655556 0.052604 0.216667
1 0.353646 0.633796 0.041667 0.225000
1 0.916146 0.518981 0.039583 0.195370
1 0.499219 0.982407 0.041146 0.235185
1 0.351042 0.816667 0.036458 0.231481
7 0.377865 0.242593 0.040104 0.103704
7 0.367969 0.325463 0.029687 0.112037
1 0.431510 0.208333 0.036979 0.157407
1 0.337240 0.125463 0.020313 0.128704
1 0.196094 0.235185 0.027604 0.153704
1 0.205990 0.244907 0.033854 0.176852
1 0.405469 0.142130 0.028646 0.147222
1 0.396615 0.110648 0.027604 0.152778
1 0.302083 0.016204 0.028125 0.123148
7 0.327344 0.029167 0.031771 0.071296
7 0.651563 0.081481 0.031250 0.109259
1 0.298438 0.187500 0.026042 0.154630
1 0.174740 0.050000 0.023438 0.138889
1 0.205469 0.180556 0.029687 0.157407
1 0.164062 0.194444 0.026042 0.155556
1 0.198958 0.157870 0.023958 0.158333
1 0.133594 0.204167 0.027604 0.152778
1 0.121875 0.180556 0.027083 0.170370
1 0.152865 0.162037 0.031771 0.157407
1 0.191146 0.144444 0.026042 0.150000
1 0.119271 0.163889 0.020833 0.159259
1 0.467187 -0.025463 0.026042 0.147222
1 0.198698 0.889815 0.048438 0.246296
1 0.498177 0.385648 0.032813 0.195370
1 0.455469 0.396296 0.034896 0.192593
1 0.645573 0.762963 0.043229 0.251852
1 0.929948 0.741667 0.047396 0.227778
1 0.962500 0.698611 0.037500 0.225000
1 0.771094 0.021296 0.029687 0.133333
1 0.735156 0.017593 0.023438 0.137037
1 0.947396 0.239815 0.035417 0.166667
1 0.880208 0.205556 0.027083 0.155556
1 0.782813 0.225926 0.035417 0.148148
1 0.628125 0.182407 0.028125 0.153704
1 0.450781 -0.008796 0.024479 0.147222
1 0.414844 -0.012037 0.023438 0.142593
1 0.396354 0.008333 0.027083 0.135185
1 0.269271 0.131944 0.027083 0.141667
1 0.220052 0.500926 0.032813 0.200000
1 0.179427 0.501852 0.043229 0.183333
1 0.246875 0.142593 0.028125 0.161111
1 0.242448 0.080093 0.029687 0.143519
1 0.212500 0.050463 0.028125 0.141667
1 0.117188 0.055093 0.021875 0.126852
1 0.230469 0.333333 0.035937 0.177778
1 0.182812 0.329167 0.032292 0.178704
1 0.273698 0.314815 0.033854 0.168519
1 0.380990 -0.005556 0.020313 0.124074
