1 0.831771 0.681944 0.038542 0.225000
1 0.250000 0.131944 0.034375 0.173148
1 0.423958 0.643056 0.039583 0.230556
1 0.915365 0.519907 0.041146 0.193519
1 0.550000 0.974537 0.046875 0.243519
1 0.351042 0.816667 0.036458 0.231481
7 0.377865 0.242593 0.040104 0.103704
7 0.367969 0.325463 0.029687 0.112037
1 0.428385 0.218056 0.025521 0.158333
1 0.776823 -0.026389 0.026562 0.121296
1 0.538281 0.083796 0.026562 0.141667
1 0.502604 0.069907 0.030208 0.149074
1 0.277083 0.125926 0.021875 0.155556
1 0.479687 0.002315 0.027083 0.139815
1 0.071875 0.410648 0.027083 0.173148
1 0.059635 0.388889 0.027604 0.185185
1 0.488542 0.649074 0.061458 0.220370
1 0.522656 0.660185 0.042188 0.203704
1 0.406250 0.150463 0.021875 0.137963
1 0.385677 0.161574 0.029687 0.156481
1 0.391667 0.020833 0.025000 0.134259
1 0.297135 0.022222 0.021354 0.122222
7 0.327344 0.029167 0.031771 0.071296
1 0.139583 0.298611 0.025000 0.165741
7 0.651563 0.082407 0.031250 0.109259
1 0.206250 0.732870 0.036458 0.226852
1 0.160156 0.714815 0.046354 0.238889
1 0.289323 0.144907 0.027604 0.158333
1 0.182552 0.127778 0.030729 0.150000
1 0.200521 0.182407 0.027083 0.162963
1 0.728646 0.589352 0.039583 0.189815
1 0.163021 0.194444 0.027083 0.157407
1 0.192448 0.163889 0.025521 0.161111
1 0.128906 0.200926 0.028646 0.144444
1 0.134375 0.177778 0.027083 0.162963
1 0.155208 0.156944 0.030208 0.160185
1 0.148958 0.141667 0.026042 0.151852
1 0.117708 0.174074 0.020833 0.159259
1 0.458854 0.052315 0.025000 0.150926
1 0.238802 0.188889 0.029687 0.159259
1 0.252604 0.292593 0.039583 0.183333
1 0.981771 0.459722 0.045833 0.182407
1 0.889844 0.434259 0.034896 0.185185
1 0.800260 0.021759 0.026562 0.136111
1 0.927604 0.218981 0.035417 0.158333
1 0.935677 0.139815 0.029687 0.153704
1 0.920312 0.140278 0.033333 0.158333
1 0.903646 0.175000 0.034375 0.162963
1 0.230469 0.060648 0.021354 0.136111
1 0.203385 0.062963 0.031771 0.125926
1 0.720833 -0.035648 0.029167 0.125000
7 0.646875 0.073611 0.033333 0.086111
1 0.651563 0.076389 0.034375 0.084259
