1 0.845833 0.654630 0.051042 0.214815
1 0.309635 0.646296 0.039062 0.233333
1 0.916927 0.516667 0.038021 0.196296
1 0.477865 0.993519 0.045312 0.212963
1 0.351042 0.816667 0.036458 0.231481
7 0.377865 0.242593 0.040104 0.103704
7 0.367969 0.325463 0.029687 0.112037
1 0.422656 0.202778 0.030729 0.159259
1 0.336979 0.125463 0.020833 0.128704
1 0.185938 0.253241 0.027083 0.158333
1 0.159115 0.248148 0.028646 0.177778
1 0.403646 0.141204 0.026042 0.145370
1 0.403125 0.118519 0.031250 0.157407
1 0.300000 0.018981 0.026042 0.121296
7 0.327344 0.029167 0.031771 0.071296
1 0.249219 0.031019 0.021354 0.125000
7 0.651563 0.081481 0.031250 0.109259
1 0.300000 0.187500 0.031250 0.160185
1 0.174740 0.049074 0.023438 0.138889
1 0.200000 0.180556 0.025000 0.159259
1 0.163021 0.192593 0.026042 0.155556
1 0.192969 0.167593 0.024479 0.161111
1 0.134115 0.200463 0.025521 0.150926
1 0.121615 0.180556 0.025521 0.168519
1 0.147917 0.165278 0.029167 0.162037
1 0.169271 0.151389 0.030208 0.150926
1 0.118229 0.174074 0.020833 0.159259
1 0.467187 -0.025463 0.026042 0.147222
1 0.172135 0.557870 0.039062 0.208333
1 0.211719 -0.037963 0.030729 0.122222
1 0.602865 0.700463 0.042188 0.230556
1 0.567187 0.718056 0.039583 0.228704
1 0.834375 0.149074 0.031250 0.161111
1 0.766146 0.142593 0.026042 0.148148
1 0.830729 0.035185 0.028125 0.125926
1 0.801562 0.011574 0.022917 0.134259
1 0.790365 0.086111 0.029687 0.135185
1 0.561979 -0.034722 0.022917 0.123148
1 0.384635 -0.030093 0.022396 0.123148
1 0.278906 -0.013889 0.019271 0.122222
1 0.247656 0.280093 0.026562 0.173148
1 0.221354 0.282870 0.036458 0.160185
1 0.146094 0.046759 0.025521 0.130556
1 0.260156 0.150926 0.030729 0.153704
1 0.231510 0.151389 0.028646 0.154630
1 0.260677 0.129167 0.025521 0.145370
1 0.436979 -0.003704 0.031250 0.131481
