1 0.834115 0.688889 0.046354 0.222222
1 0.249219 0.176389 0.036979 0.182407
1 0.279167 0.643519 0.050000 0.222222
1 0.915625 0.519907 0.040625 0.193519
1 0.517969 0.975926 0.041146 0.242593
1 0.351042 0.816667 0.036458 0.231481
7 0.377865 0.242593 0.040104 0.103704
7 0.367969 0.325463 0.029687 0.112037
1 0.429427 0.218519 0.030729 0.161111
1 0.762240 0.037500 0.025521 0.123148
1 0.550781 0.131481 0.027604 0.148148
1 0.516927 0.129167 0.031771 0.163889
1 0.278646 0.163426 0.020833 0.156481
1 0.497135 0.084259 0.031771 0.151852
1 0.069792 0.411111 0.026042 0.174074
1 0.053646 0.392130 0.038542 0.186111
1 0.460417 0.530556 0.043750 0.205556
1 0.490365 0.537037 0.041146 0.190741
1 0.409115 0.153704 0.020313 0.137037
1 0.383854 0.166667 0.030208 0.155556
1 0.380729 0.077315 0.026042 0.141667
1 0.297135 0.022685 0.021354 0.123148
7 0.327344 0.029167 0.031771 0.071296
1 0.130208 0.390278 0.028125 0.169444
7 0.651563 0.082407 0.031250 0.109259
1 0.267448 0.585648 0.033854 0.204630
1 0.223958 0.571296 0.045833 0.216667
1 0.294531 0.135648 0.025521 0.152778
1 0.185417 0.122685 0.028125 0.150926
1 0.203646 0.179630 0.027083 0.162963
1 0.546094 0.479167 0.031771 0.180556
1 0.163542 0.199074 0.027083 0.157407
1 0.197135 0.166204 0.024479 0.154630
1 0.122135 0.202315 0.030729 0.145370
1 0.129948 0.183333 0.024479 0.172222
1 0.147656 0.155556 0.028646 0.161111
1 0.151562 0.142593 0.028125 0.153704
1 0.450781 0.019907 0.025521 0.143519
1 0.236719 0.140741 0.029687 0.159259
1 0.243490 0.410185 0.041146 0.198148
1 0.967187 0.537963 0.034375 0.194444
1 0.835417 -0.020370 0.025000 0.129630
1 0.925260 0.150926 0.030729 0.146296
1 0.981250 0.131019 0.027083 0.150926
1 0.859375 0.068519 0.035417 0.144444
1 0.252344 1.009259 0.052604 0.181481
1 0.271354 0.965278 0.045833 0.243519
1 0.231250 0.011111 0.023958 0.127778
1 0.207813 0.012500 0.021875 0.126852
1 0.721094 -0.034259 0.030729 0.129630
7 0.646354 0.076389 0.032292 0.086111
1 0.651302 0.076389 0.034896 0.084259
