1 0.855469 0.567593 0.031771 0.120370
1 0.710417 0.562500 0.023958 0.119444
1 0.115104 0.560185 0.014583 0.066667
1 0.617708 0.552315 0.020833 0.100926
1 0.585417 0.530556 0.012500 0.064815
1 0.230208 0.503704 0.007292 0.035185
1 0.050521 0.560648 0.010417 0.069444
1 0.440365 0.498611 0.008854 0.045370
1 0.108333 0.561574 0.010417 0.073148
1 0.110937 0.568519 0.012500 0.068519
1 0.052344 0.565278 0.013021 0.073148
1 0.068229 0.557870 0.013542 0.076852
1 0.526302 0.514352 0.015104 0.056481
1 0.516146 0.516204 0.011458 0.060185
1 0.600781 0.523611 0.016146 0.073148
1 0.504687 0.513889 0.009375 0.050000
1 0.609375 0.523148 0.015625 0.072222
1 0.553906 0.512500 0.015104 0.060185
1 0.565625 0.511574 0.014583 0.058333
1 0.473958 0.515278 0.012500 0.050926
