1 0.852604 0.571759 0.026042 0.117593
1 0.726042 0.562963 0.025000 0.112963
1 0.150260 0.543519 0.015104 0.066667
1 0.619010 0.546296 0.020313 0.090741
1 0.262760 0.495833 0.006771 0.034259
1 0.099740 0.541667 0.010937 0.061111
1 0.454948 0.490741 0.009896 0.046296
1 0.144531 0.544907 0.009896 0.069444
1 0.148438 0.551389 0.012500 0.063889
1 0.092188 0.547685 0.012500 0.067593
1 0.111979 0.536574 0.014583 0.069444
1 0.489583 0.510185 0.011458 0.053704
1 0.546875 0.510185 0.011458 0.057407
1 0.537240 0.511574 0.010937 0.058333
1 0.611458 0.523148 0.013542 0.062963
1 0.579427 0.508333 0.015104 0.061111
1 0.590625 0.504630 0.015625 0.059259
1 0.499740 0.506944 0.014063 0.060185
