1 0.846615 0.654630 0.052604 0.214815
1 0.356250 0.648148 0.041667 0.225926
1 0.916146 0.518056 0.039583 0.195370
1 0.492188 0.990278 0.041667 0.217593
1 0.351042 0.816667 0.036458 0.231481
7 0.377865 0.242593 0.040104 0.103704
7 0.367969 0.325463 0.029687 0.112037
1 0.432292 0.208333 0.038542 0.157407
1 0.337240 0.125463 0.020313 0.128704
1 0.195312 0.235648 0.026042 0.154630
1 0.174219 0.239815 0.034896 0.177778
1 0.405990 0.142130 0.026562 0.147222
1 0.400781 0.116204 0.024479 0.154630
1 0.301823 0.017130 0.028646 0.121296
7 0.327344 0.029167 0.031771 0.071296
7 0.651563 0.081481 0.031250 0.109259
1 0.304427 0.187963 0.029687 0.157407
1 0.174740 0.050000 0.023438 0.138889
1 0.208073 0.177315 0.027604 0.158333
1 0.163542 0.193981 0.026042 0.154630
1 0.197396 0.164352 0.023958 0.160185
1 0.139323 0.200000 0.028646 0.151852
1 0.123958 0.181019 0.026042 0.171296
1 0.141927 0.164815 0.027604 0.159259
1 0.186458 0.147222 0.026042 0.150000
1 0.119271 0.167593 0.020833 0.159259
1 0.467187 -0.025463 0.026042 0.147222
1 0.183854 0.766204 0.045833 0.239815
1 0.517969 0.484722 0.031771 0.210185
1 0.469792 0.498148 0.032292 0.201852
1 0.702604 0.923148 0.050000 0.242593
1 0.933333 0.740278 0.050000 0.225000
1 0.963802 0.700463 0.036979 0.234259
1 0.796094 0.056481 0.029687 0.137037
1 0.759115 0.062963 0.023438 0.137037
1 0.908594 0.163889 0.027604 0.162963
1 0.847135 0.133333 0.027604 0.146296
1 0.785156 0.170370 0.030729 0.142593
1 0.595052 0.105093 0.031771 0.149074
1 0.436198 -0.028704 0.023438 0.131481
1 0.410417 -0.027315 0.025000 0.134259
1 0.384635 0.014352 0.039062 0.123148
1 0.256510 0.081944 0.023438 0.136111
1 0.230208 0.418981 0.030208 0.191667
1 0.191667 0.419907 0.042708 0.173148
1 0.233854 0.142130 0.028125 0.163889
1 0.231771 0.031481 0.035417 0.131481
1 0.213021 0.008333 0.021875 0.122222
1 0.145833 0.047222 0.027083 0.127778
1 0.261458 0.272222 0.035417 0.174074
1 0.211719 0.267593 0.028646 0.170370
1 0.259115 0.245370 0.032813 0.159259
1 0.393750 -0.011111 0.023958 0.127778
