1 0.870052 0.606944 0.029687 0.152778
1 0.938542 0.558333 0.019792 0.092593
1 0.899219 0.536111 0.019271 0.092593
1 0.175781 0.572222 0.025521 0.120370
1 0.201042 0.575000 0.025000 0.116667
1 0.282031 0.554630 0.021354 0.090741
1 0.267448 0.555556 0.016146 0.088889
1 0.314323 0.536574 0.017188 0.087963
1 0.302865 0.548611 0.018229 0.099074
1 0.831510 0.503704 0.011979 0.048148
1 0.730990 0.505556 0.011979 0.055556
1 0.820573 0.504630 0.010937 0.050000
1 0.533333 0.470833 0.007292 0.030556
1 0.261979 0.526852 0.011458 0.077778
1 0.392969 0.490741 0.007812 0.038889
1 0.266667 0.539815 0.018750 0.094444
1 0.640625 0.476389 0.008333 0.037963
1 0.402604 0.494907 0.010417 0.049074
1 0.419271 0.500463 0.009375 0.050926
1 0.382031 0.493981 0.009896 0.052778
1 0.829688 0.499537 0.011458 0.054630
1 0.835156 0.497222 0.009896 0.050000
1 0.662500 0.487963 0.011458 0.042593
1 0.674479 0.490278 0.008333 0.045370
1 0.719271 0.493056 0.012500 0.045370
1 0.250781 0.552778 0.015104 0.070370
1 0.841406 0.500000 0.011979 0.046296
