1 0.564583 0.390741 0.034375 0.138889
1 0.508333 0.374537 0.022917 0.130556
1 0.482292 0.375000 0.026042 0.142593
1 0.775260 0.603704 0.103646 0.642593
1 0.917188 0.610648 0.137500 0.680556
1 0.358333 0.378704 0.038542 0.174074
1 0.520052 0.372685 0.021354 0.117593
1 0.016927 0.391667 0.041146 0.179630
1 0.554427 0.369907 0.019271 0.113889
1 0.263281 0.363889 0.025521 0.111111
1 0.769010 0.443056 0.061979 0.360185
1 0.608333 0.369907 0.017708 0.106481
1 0.289583 0.362963 0.025000 0.122222
1 0.277344 0.367130 0.021354 0.110185
1 0.523698 0.370370 0.020313 0.092593
1 0.132812 0.333333 0.013542 0.068519
1 0.147917 0.357407 0.020833 0.105556
7 0.467187 0.357407 0.018750 0.050000
1 0.161979 0.340278 0.014583 0.063889
1 0.409635 0.348148 0.011979 0.059259
1 0.400000 0.345833 0.009375 0.058333
1 0.378906 0.344907 0.011979 0.047222
