1 0.846354 0.657407 0.052083 0.220370
1 0.320312 0.614352 0.030208 0.236111
1 0.916146 0.519907 0.039583 0.195370
1 0.475000 0.981019 0.038542 0.234259
1 0.351042 0.816667 0.036458 0.231481
7 0.377865 0.242593 0.040104 0.103704
7 0.367969 0.325463 0.029687 0.112037
1 0.431510 0.208333 0.036979 0.157407
1 0.338281 0.124537 0.020313 0.126852
1 0.263021 0.237500 0.025000 0.154630
1 0.286198 0.245370 0.036979 0.174074
1 0.404948 0.143056 0.026562 0.149074
1 0.395573 0.108333 0.029687 0.151852
1 0.302083 0.016667 0.028125 0.122222
7 0.327344 0.029167 0.031771 0.071296
7 0.651563 0.081481 0.031250 0.109259
1 0.297135 0.187963 0.028646 0.153704
1 0.170313 0.054630 0.019792 0.138889
1 0.208333 0.175463 0.029167 0.160185
1 0.164062 0.193981 0.026042 0.154630
1 0.198437 0.157870 0.023958 0.158333
1 0.133594 0.203704 0.027604 0.151852
1 0.124740 0.181481 0.040104 0.168519
1 0.152083 0.162963 0.032292 0.157407
1 0.190625 0.145370 0.026042 0.150000
1 0.124740 0.163426 0.020313 0.154630
1 0.467187 -0.025463 0.026042 0.147222
1 0.238802 1.005556 0.051562 0.190741
1 0.503125 0.302315 0.034375 0.178704
1 0.459635 0.309722 0.035937 0.178704
1 0.602604 0.617130 0.042708 0.225000
1 0.882812 0.736111 0.047917 0.218519
1 0.869792 0.706019 0.058333 0.234259
1 0.739323 -0.017593 0.029687 0.133333
1 0.704688 -0.016204 0.022917 0.132407
1 0.989583 0.333333 0.034375 0.174074
1 0.912500 0.284259 0.029167 0.164815
1 0.800521 -0.016204 0.026042 0.147222
1 0.776302 -0.009259 0.024479 0.140741
1 0.785417 0.281944 0.037500 0.150926
1 0.699219 0.261574 0.030729 0.152778
1 0.456771 0.001852 0.027083 0.148148
1 0.434635 -0.007870 0.025521 0.141667
1 0.407552 0.011111 0.026562 0.135185
1 0.253906 0.195833 0.028646 0.150926
1 0.211719 0.590741 0.034896 0.214815
1 0.167708 0.605093 0.044792 0.199074
1 0.240365 0.143981 0.034896 0.158333
1 0.271875 0.142593 0.031250 0.151852
1 0.225260 0.101852 0.032813 0.161111
1 0.251563 0.098148 0.026042 0.148148
1 0.247396 0.039352 0.027083 0.132407
1 0.204167 0.404630 0.037500 0.192593
1 0.167708 0.406481 0.035417 0.190741
1 0.265885 0.393981 0.038021 0.180556
1 0.394271 0.002778 0.029167 0.122222
