1 0.607031 0.369907 0.032813 0.143519
1 0.532031 0.353704 0.030729 0.133333
1 0.513542 0.353704 0.030208 0.151852
1 0.800000 0.603704 0.118750 0.679630
1 0.960677 0.611574 0.142187 0.719444
1 0.377865 0.361111 0.039062 0.185185
1 0.542708 0.353241 0.022917 0.119444
1 0.560937 0.325000 0.010417 0.042593
1 0.040625 0.373148 0.037500 0.179630
1 0.589323 0.347685 0.021354 0.123148
1 0.935156 0.457870 0.102604 0.478704
1 0.593750 0.346759 0.018750 0.112037
1 0.650000 0.345833 0.017708 0.106481
1 0.300260 0.346296 0.027604 0.142593
1 0.285938 0.354167 0.020833 0.121296
1 0.159896 0.319907 0.015625 0.076852
1 0.166927 0.341667 0.020313 0.109259
7 0.496875 0.340741 0.018750 0.050000
1 0.178385 0.319907 0.017188 0.071296
1 0.443750 0.325463 0.011458 0.056481
1 0.428385 0.329630 0.008854 0.061111
1 0.396615 0.321296 0.010937 0.051852
1 -0.007292 0.374074 0.036458 0.187037
1 0.408333 0.327778 0.011458 0.048148
