1 0.611198 0.368981 0.034896 0.149074
1 0.532813 0.349074 0.031250 0.135185
1 0.516667 0.350463 0.031250 0.152778
1 0.805208 0.599074 0.125000 0.681481
1 0.966406 0.598611 0.136979 0.712037
1 0.377083 0.358333 0.052083 0.190741
1 0.544792 0.350000 0.022917 0.120370
1 0.564583 0.321296 0.010417 0.042593
1 0.042969 0.371296 0.038021 0.179630
1 0.590365 0.344907 0.022396 0.123148
1 0.304427 0.344444 0.025521 0.109259
1 0.957031 0.456019 0.102604 0.486111
1 0.597917 0.344444 0.018750 0.112963
1 0.652604 0.343519 0.018750 0.107407
1 0.301042 0.343519 0.028125 0.146296
1 0.284375 0.353241 0.020833 0.123148
1 0.508854 0.339815 0.021875 0.098148
1 0.161458 0.314815 0.014583 0.074074
1 0.169010 0.337963 0.020313 0.109259
7 0.498437 0.338889 0.018750 0.050000
1 0.181510 0.318981 0.017188 0.071296
1 0.446354 0.323611 0.011458 0.056481
1 0.431510 0.325926 0.008854 0.061111
1 0.399740 0.318519 0.010937 0.051852
1 -0.002604 0.365741 0.036458 0.187037
1 0.407813 0.325926 0.011458 0.048148
