0 0.133073 0.616204 0.019271 0.108333
0 0.575781 0.495370 0.011979 0.044444
0 0.121615 0.618519 0.018229 0.103704
0 0.124219 0.624074 0.017188 0.094444
0 0.117708 0.634722 0.016667 0.100926
0 0.042188 0.628704 0.021875 0.103704
0 0.687240 0.575463 0.024479 0.110185
0 0.688802 0.555556 0.026562 0.111111
0 0.803125 0.527778 0.016667 0.094444
0 0.709115 0.558796 0.032813 0.123148
0 0.036198 0.629167 0.025521 0.108333
0 0.665885 0.536574 0.016146 0.086111
0 0.721354 0.556019 0.017708 0.104630
0 0.624740 0.519444 0.018229 0.061111
0 0.612760 0.512037 0.011979 0.048148
0 0.650521 0.524074 0.015625 0.074074
0 0.638281 0.520833 0.010937 0.069444
