0 0.846094 0.654630 0.051562 0.214815
0 0.360156 0.649537 0.040104 0.232407
0 0.916146 0.516667 0.038542 0.196296
0 0.470833 0.985185 0.040625 0.128704
0 0.351042 0.816667 0.036458 0.231481
2 0.377865 0.242593 0.040104 0.103704
2 0.367969 0.325463 0.029687 0.112037
0 0.431250 0.208796 0.039583 0.160185
0 0.336979 0.125463 0.020833 0.128704
0 0.193750 0.237037 0.023958 0.157407
0 0.171354 0.239352 0.034375 0.176852
0 0.405990 0.138426 0.028646 0.147222
0 0.398698 0.116204 0.029687 0.156481
2 0.651563 0.081481 0.031250 0.109259
0 0.305729 0.188426 0.030208 0.158333
0 0.200000 0.178704 0.025000 0.159259
0 0.163021 0.192593 0.026042 0.155556
0 0.189323 0.165741 0.024479 0.161111
0 0.137760 0.200000 0.024479 0.153704
0 0.125260 0.181481 0.025521 0.166667
0 0.152344 0.166204 0.027604 0.162037
0 0.175521 0.150000 0.026042 0.150000
0 0.118750 0.171296 0.020833 0.159259
0 0.159896 0.653241 0.041667 0.221296
0 0.554427 0.593056 0.039062 0.217593
0 0.508854 0.612500 0.036458 0.219444
0 0.808333 0.100000 0.027083 0.150000
0 0.752083 0.102315 0.027083 0.141667
0 0.871615 0.089815 0.030729 0.146296
0 0.780990 0.122222 0.030729 0.138889
0 0.240625 0.341667 0.027083 0.183333
0 0.205469 0.341667 0.042188 0.164815
0 0.177344 0.132870 0.023438 0.160185
0 0.263542 0.206019 0.031250 0.165741
0 0.232813 0.200463 0.028125 0.158333
0 0.262500 0.181944 0.029167 0.156481
