1 0.846354 0.656481 0.052083 0.218519
1 0.336458 0.621296 0.056250 0.222222
1 0.916146 0.519907 0.039583 0.195370
1 0.489583 0.987500 0.041667 0.225000
1 0.351042 0.816667 0.036458 0.231481
7 0.377865 0.242593 0.040104 0.103704
7 0.367969 0.325463 0.029687 0.112037
1 0.431510 0.208333 0.036979 0.157407
1 0.337240 0.125463 0.020313 0.128704
1 0.204427 0.234259 0.027604 0.153704
1 0.226562 0.243056 0.037500 0.178704
1 0.404948 0.142593 0.026562 0.148148
1 0.396094 0.108333 0.028646 0.151852
1 0.302083 0.015741 0.028125 0.124074
7 0.327344 0.029167 0.031771 0.071296
7 0.651563 0.081481 0.031250 0.109259
1 0.296615 0.188426 0.029687 0.154630
1 0.173698 0.050926 0.021354 0.138889
1 0.213021 0.178241 0.029167 0.160185
1 0.164062 0.194907 0.026042 0.154630
1 0.199219 0.157870 0.023438 0.158333
1 0.133854 0.202778 0.027083 0.155556
1 0.117708 0.181944 0.023958 0.169444
1 0.151823 0.161574 0.031771 0.156481
1 0.190625 0.145370 0.026042 0.150000
1 0.119271 0.162963 0.020833 0.159259
1 0.467187 -0.025463 0.026042 0.147222
1 0.198958 0.937037 0.047917 0.246296
1 0.499219 0.357870 0.034896 0.191667
1 0.455469 0.367593 0.031771 0.183333
1 0.632031 0.704630 0.046354 0.237037
1 0.930469 0.742593 0.047396 0.227778
1 0.951823 0.699537 0.039062 0.225000
1 0.761979 0.003704 0.029167 0.133333
1 0.723698 0.003704 0.023438 0.137037
1 0.960938 0.270370 0.035417 0.174074
1 0.888802 0.231481 0.030729 0.159259
1 0.783594 0.241204 0.032813 0.147222
1 0.644792 0.211111 0.033333 0.155556
1 0.456771 0.000000 0.026042 0.148148
1 0.416146 -0.008333 0.023958 0.142593
1 0.407552 0.011111 0.026562 0.135185
1 0.277604 0.152315 0.027083 0.141667
1 0.216146 0.528241 0.033333 0.206481
1 0.178125 0.532870 0.044792 0.187963
1 0.243750 0.143056 0.031250 0.160185
1 0.251563 0.099074 0.031250 0.148148
1 0.212500 0.064815 0.030208 0.140741
1 0.235937 0.067130 0.025000 0.139815
1 0.223958 0.353704 0.036458 0.179630
1 0.177865 0.350926 0.032813 0.177778
1 0.277865 0.340278 0.033854 0.169444
1 0.387500 -0.005556 0.023958 0.124074
