1 0.853646 0.687037 0.052083 0.225926
1 0.260417 0.153241 0.035417 0.176852
1 0.373437 0.625000 0.045833 0.222222
1 0.915365 0.519907 0.041146 0.193519
1 0.532552 0.973148 0.046354 0.253704
1 0.351042 0.816667 0.036458 0.231481
7 0.377865 0.242593 0.040104 0.103704
7 0.367969 0.325463 0.029687 0.112037
1 0.428906 0.218519 0.029687 0.159259
1 0.769010 0.006944 0.026562 0.121296
1 0.537760 0.109259 0.027604 0.148148
1 0.508333 0.097685 0.033333 0.158333
1 0.265365 0.140741 0.025521 0.153704
1 0.492708 0.037037 0.030208 0.140741
1 0.070052 0.410648 0.026562 0.173148
1 0.055729 0.391667 0.034375 0.185185
1 0.470573 0.590741 0.053646 0.212963
1 0.502604 0.593981 0.040625 0.193519
1 0.406771 0.163889 0.032292 0.107407
1 0.385677 0.162037 0.031771 0.153704
1 0.386198 0.057870 0.025521 0.136111
1 0.297135 0.022685 0.021354 0.123148
7 0.327344 0.029167 0.031771 0.071296
1 0.119792 0.336574 0.028125 0.163889
7 0.651563 0.082407 0.031250 0.109259
1 0.238542 0.665278 0.036458 0.219444
1 0.182031 0.640278 0.043229 0.221296
1 0.300781 0.137963 0.029687 0.151852
1 0.182552 0.127315 0.030729 0.150926
1 0.200521 0.181481 0.027083 0.162963
1 0.630990 0.538889 0.030729 0.188889
1 0.161979 0.195370 0.027083 0.157407
1 0.191927 0.162037 0.026562 0.159259
1 0.130208 0.203241 0.033333 0.143519
1 0.135417 0.191667 0.036458 0.146296
1 0.152083 0.156481 0.029167 0.161111
1 0.147656 0.141667 0.025521 0.151852
1 0.117708 0.174074 0.020833 0.159259
1 0.445573 0.039815 0.029687 0.148148
1 0.234896 0.162963 0.026042 0.161111
1 0.257292 0.340741 0.038542 0.187037
1 0.929167 0.481944 0.035417 0.191667
1 0.811979 0.002778 0.029167 0.137037
1 0.939323 0.183796 0.031771 0.150926
1 0.945312 0.138889 0.035417 0.153704
1 0.872396 0.122222 0.032292 0.153704
1 0.322656 1.034722 0.045312 0.130556
1 0.232292 0.035185 0.023958 0.127778
1 0.204427 0.038426 0.032813 0.128704
1 0.721875 -0.035185 0.032292 0.127778
7 0.646615 0.075000 0.032813 0.087037
1 0.651302 0.075926 0.033854 0.083333
