1 0.845573 0.695833 0.042188 0.223148
1 0.249219 0.166204 0.035937 0.180556
1 0.310156 0.642130 0.054688 0.223148
1 0.915365 0.519907 0.041146 0.193519
1 0.523438 0.970833 0.042708 0.247222
1 0.351042 0.816667 0.036458 0.231481
7 0.377865 0.242593 0.040104 0.103704
7 0.367969 0.325463 0.029687 0.112037
1 0.429427 0.218519 0.030729 0.161111
1 0.759896 0.031019 0.026042 0.121296
1 0.544010 0.125926 0.027604 0.148148
1 0.511979 0.119907 0.032292 0.163889
1 0.277865 0.158333 0.025521 0.157407
1 0.496875 0.066204 0.030208 0.145370
1 0.069792 0.411111 0.026042 0.174074
1 0.054167 0.392130 0.037500 0.186111
1 0.461719 0.550926 0.042188 0.209259
1 0.495312 0.554167 0.039583 0.191667
1 0.405990 0.153704 0.021354 0.131481
1 0.382552 0.164815 0.028646 0.155556
1 0.379948 0.075926 0.025521 0.144444
1 0.297135 0.022685 0.021354 0.123148
7 0.327344 0.029167 0.031771 0.071296
1 0.124219 0.368981 0.027604 0.169444
7 0.651563 0.082407 0.031250 0.109259
1 0.258854 0.607407 0.033333 0.214815
1 0.207813 0.596759 0.045833 0.226852
1 0.294531 0.135648 0.026562 0.152778
1 0.183073 0.127315 0.029687 0.152778
1 0.202083 0.179630 0.027083 0.162963
1 0.571615 0.498611 0.031771 0.186111
1 0.161979 0.197685 0.027083 0.156481
1 0.194792 0.165278 0.021875 0.158333
1 0.124740 0.202315 0.030729 0.145370
1 0.131771 0.183333 0.029167 0.166667
1 0.147656 0.155556 0.028646 0.161111
1 0.150000 0.142130 0.027083 0.152778
1 0.117708 0.174074 0.020833 0.159259
1 0.446094 0.028704 0.029687 0.146296
1 0.236198 0.146296 0.029687 0.159259
1 0.248698 0.385648 0.035937 0.195370
1 0.958073 0.516204 0.032813 0.193519
1 0.828385 -0.012963 0.024479 0.135185
1 0.931510 0.160648 0.028646 0.145370
1 0.965104 0.139352 0.032292 0.147222
1 0.862240 0.082870 0.027604 0.150926
1 0.263542 1.029630 0.053125 0.142593
1 0.298698 0.991667 0.059896 0.218519
1 0.233073 0.012963 0.024479 0.127778
1 0.210156 0.019907 0.022396 0.126852
1 0.722135 -0.034259 0.032813 0.129630
7 0.646354 0.075463 0.032292 0.086111
1 0.651042 0.075926 0.034375 0.083333
