1 0.608854 0.333333 0.031250 0.135185
1 0.410417 0.341204 0.032292 0.162037
1 0.457292 0.344444 0.029167 0.148148
1 0.656771 0.323148 0.034375 0.124074
1 0.846094 0.418056 0.076563 0.525000
1 0.390104 0.329167 0.022917 0.102778
1 0.802865 0.404630 0.066146 0.429630
1 0.548698 0.311111 0.014063 0.064815
1 0.002604 0.431019 0.055208 0.350926
1 0.044010 0.330556 0.038021 0.125926
1 0.071094 0.324537 0.019271 0.091667
1 0.097656 0.325463 0.021354 0.093519
1 0.578125 0.308796 0.012500 0.052778
1 0.562500 0.304630 0.012500 0.057407
7 0.491406 0.345370 0.028646 0.094444
7 0.514323 0.355093 0.026562 0.089815
1 0.327083 0.309259 0.012500 0.048148
1 0.337760 0.309722 0.011979 0.047222
1 0.348177 0.303241 0.010937 0.041667
1 0.354167 0.302778 0.011458 0.044444
1 0.365104 0.305093 0.010417 0.037963
1 0.373437 0.305093 0.010417 0.037963
