1 0.834635 0.688889 0.046354 0.222222
1 0.248958 0.175463 0.036458 0.182407
1 0.280469 0.643519 0.050521 0.222222
1 0.915625 0.519907 0.040625 0.193519
1 0.518229 0.975926 0.040625 0.242593
1 0.351042 0.816667 0.036458 0.231481
7 0.377865 0.242593 0.040104 0.103704
7 0.367969 0.325463 0.029687 0.112037
1 0.429427 0.218519 0.030729 0.161111
1 0.761719 0.037037 0.025521 0.122222
1 0.550260 0.131481 0.027604 0.148148
1 0.516667 0.129167 0.032292 0.163889
1 0.278906 0.163426 0.021354 0.156481
1 0.497135 0.083333 0.031771 0.151852
1 0.069792 0.411111 0.026042 0.174074
1 0.053646 0.392130 0.038542 0.186111
1 0.460677 0.532870 0.043229 0.206481
1 0.491406 0.537963 0.041146 0.190741
1 0.409115 0.154167 0.020313 0.136111
1 0.383594 0.167593 0.029687 0.155556
1 0.380729 0.077315 0.026042 0.141667
1 0.297135 0.022685 0.021354 0.123148
7 0.327344 0.029167 0.031771 0.071296
1 0.129948 0.389352 0.028646 0.169444
7 0.651563 0.082407 0.031250 0.109259
1 0.266927 0.587037 0.033854 0.205556
1 0.223438 0.573611 0.045833 0.217593
1 0.294531 0.135648 0.025521 0.152778
1 0.185417 0.123148 0.028125 0.150000
1 0.203646 0.179630 0.027083 0.162963
1 0.547917 0.481019 0.032292 0.180556
1 0.163542 0.199074 0.027083 0.157407
1 0.197135 0.166204 0.024479 0.154630
1 0.122396 0.202315 0.031250 0.145370
1 0.130208 0.183796 0.025000 0.171296
1 0.147656 0.155556 0.028646 0.161111
1 0.151562 0.142593 0.028125 0.153704
1 0.450521 0.020370 0.026042 0.144444
1 0.236719 0.141667 0.029687 0.159259
1 0.243229 0.408796 0.041667 0.199074
1 0.966667 0.537037 0.034375 0.194444
1 0.834896 -0.020370 0.025000 0.129630
1 0.926042 0.152315 0.031250 0.147222
1 0.979948 0.131019 0.026562 0.150926
1 0.860417 0.069907 0.036458 0.145370
1 0.253646 1.011111 0.053125 0.177778
1 0.272396 0.967593 0.045833 0.242593
1 0.231250 0.011111 0.023958 0.127778
1 0.207813 0.013426 0.021875 0.126852
1 0.721354 -0.034259 0.031250 0.129630
7 0.646354 0.076389 0.032292 0.086111
1 0.651302 0.076389 0.034896 0.084259
