1 0.604948 0.351852 0.032813 0.144444
1 0.512760 0.338889 0.026562 0.137037
1 0.497656 0.349074 0.032813 0.161111
1 0.809115 0.577315 0.124479 0.671296
1 0.957552 0.573611 0.131771 0.728704
1 0.353646 0.353241 0.043750 0.199074
1 0.525000 0.339352 0.022917 0.121296
1 0.550781 0.313426 0.010937 0.043519
1 0.015885 0.370833 0.038021 0.180556
1 0.576562 0.335185 0.028125 0.129630
1 0.295833 0.330556 0.025000 0.105556
1 0.584896 0.335185 0.020833 0.116667
1 0.642188 0.331019 0.017708 0.106481
1 0.259375 0.341204 0.031250 0.160185
1 0.241927 0.349537 0.021354 0.137963
1 0.489063 0.333796 0.020833 0.095370
1 0.466927 0.332870 0.021354 0.104630
1 0.365885 0.343981 0.022396 0.117593
1 0.127344 0.309722 0.013021 0.071296
1 0.143229 0.336574 0.022917 0.113889
7 0.475521 0.327778 0.018750 0.050000
1 0.147135 0.318056 0.017188 0.071296
1 0.431250 0.312500 0.011458 0.056481
1 0.415885 0.312963 0.008854 0.061111
1 0.383854 0.316667 0.011458 0.053704
1 0.400000 0.313889 0.011458 0.048148
