1 0.790365 0.662500 0.046354 0.228704
1 0.255729 0.213426 0.037500 0.187963
1 0.159896 0.654630 0.054167 0.237037
1 0.915625 0.519907 0.040625 0.193519
1 0.504948 0.972222 0.038021 0.255556
1 0.350000 0.821759 0.036458 0.230556
7 0.377865 0.242593 0.040104 0.103704
7 0.367969 0.325463 0.029687 0.112037
1 0.429427 0.218519 0.030729 0.161111
1 0.773438 0.085648 0.025000 0.132407
1 0.573698 0.151389 0.026562 0.147222
1 0.540625 0.165278 0.031250 0.167593
1 0.278385 0.176389 0.022396 0.162037
1 0.504167 0.137963 0.033333 0.159259
1 0.069531 0.410648 0.025521 0.173148
1 0.052604 0.392593 0.040625 0.187037
1 0.449219 0.470833 0.047396 0.202778
1 0.479687 0.480093 0.035417 0.184259
1 0.443229 0.170833 0.022917 0.141667
1 0.396875 0.172685 0.022917 0.156481
1 0.380469 0.072685 0.026562 0.149074
1 0.297135 0.022685 0.021354 0.123148
7 0.327344 0.029167 0.031771 0.071296
1 0.139063 0.454167 0.030208 0.180556
7 0.651563 0.082407 0.031250 0.109259
1 0.295833 0.514352 0.033333 0.200926
1 0.256250 0.499537 0.032292 0.210185
1 0.250260 -0.040278 0.023438 0.117593
1 0.294010 0.136574 0.023438 0.154630
1 0.177604 0.122685 0.027083 0.149074
1 0.198958 0.182407 0.027083 0.162963
1 0.442969 0.419444 0.036979 0.170370
1 0.160938 0.200926 0.027083 0.157407
1 0.190365 0.165278 0.022396 0.162037
1 0.128385 0.195370 0.028646 0.148148
1 0.139583 0.177778 0.023958 0.170370
1 0.158333 0.165278 0.028125 0.141667
1 0.152083 0.142593 0.028125 0.153704
1 0.117188 0.174074 0.020833 0.159259
1 0.460677 -0.005093 0.018229 0.139815
1 0.227344 0.103241 0.026562 0.154630
1 0.220312 0.497685 0.042708 0.210185
1 0.979427 0.606481 0.033854 0.198148
1 0.891146 0.111574 0.029167 0.141667
1 0.820312 0.007870 0.028125 0.130556
1 0.185677 0.913889 0.050521 0.255556
1 0.202344 0.839815 0.039062 0.248148
1 0.227083 -0.014815 0.021875 0.124074
1 0.202604 -0.017593 0.022917 0.124074
1 0.717708 -0.033796 0.028125 0.130556
7 0.645833 0.076852 0.032292 0.087037
1 0.650781 0.076852 0.035937 0.085185
