1 0.135677 0.618519 0.019271 0.109259
1 0.580469 0.500926 0.011979 0.050000
1 0.123177 0.620833 0.018229 0.104630
1 0.126302 0.626852 0.017188 0.096296
1 0.119531 0.636574 0.016146 0.100926
1 0.042969 0.630556 0.022396 0.103704
1 0.691667 0.579630 0.025000 0.111111
1 0.722396 0.562500 0.021875 0.110185
1 0.693229 0.557407 0.022917 0.109259
1 0.812500 0.529167 0.019792 0.093519
1 0.714583 0.560648 0.036458 0.123148
1 0.037240 0.631019 0.026562 0.112037
1 0.666146 0.521759 0.013542 0.071296
1 0.673177 0.536574 0.016146 0.084259
1 0.727865 0.557407 0.020313 0.105556
1 0.629687 0.521296 0.018750 0.068519
1 0.617969 0.511111 0.011979 0.046296
1 0.654687 0.524074 0.015625 0.074074
1 0.644010 0.521759 0.011979 0.067593
