0 0.673177 0.535648 0.009896 0.056481
0 0.723177 0.534259 0.010937 0.057407
0 0.831510 0.576389 0.021354 0.100926
0 0.804167 0.573148 0.016667 0.090741
0 0.785677 0.577778 0.013021 0.087037
0 0.797135 0.578241 0.020313 0.093519
0 0.713542 0.532870 0.010417 0.054630
0 0.779687 0.785185 0.044792 0.231481
0 0.836198 0.748148 0.057813 0.211111
0 0.697917 0.691204 0.026042 0.184259
0 0.820573 0.580093 0.017188 0.093519
0 0.723437 0.711111 0.040625 0.209259
0 0.748177 0.588426 0.017188 0.086111
0 0.770312 0.581019 0.020833 0.086111
0 0.901302 0.630556 0.025521 0.138889
0 0.840365 0.731944 0.048438 0.210185
0 0.928125 0.625463 0.029167 0.126852
0 0.902083 0.615741 0.023958 0.125926
0 0.727865 0.583333 0.025521 0.098148
