1 0.836979 0.661111 0.032292 0.222222
1 0.252604 0.080093 0.036458 0.163889
1 0.446354 0.680093 0.037500 0.239815
1 0.916406 0.519444 0.040104 0.196296
1 0.559635 0.980556 0.043229 0.237037
1 0.351042 0.816667 0.036458 0.231481
7 0.377865 0.242593 0.040104 0.103704
7 0.367969 0.325463 0.029687 0.112037
1 0.422656 0.212963 0.028646 0.157407
1 0.531250 0.036574 0.027083 0.137963
1 0.498698 0.027778 0.028646 0.148148
1 0.314323 0.131019 0.019271 0.139815
1 0.103125 0.384722 0.034375 0.176852
1 0.075521 0.362037 0.033333 0.192593
1 0.529427 0.791204 0.061979 0.239815
1 0.562500 0.793056 0.040625 0.212037
1 0.405729 0.149074 0.023958 0.131481
1 0.404948 0.162037 0.030729 0.155556
1 0.297135 0.022222 0.021354 0.122222
7 0.327344 0.029167 0.031771 0.071296
1 0.200781 0.225000 0.025521 0.151852
7 0.651563 0.082407 0.031250 0.109259
1 0.159896 0.881481 0.041667 0.240741
1 0.125260 0.855556 0.048438 0.253704
1 0.283594 0.175000 0.028646 0.161111
1 0.169271 0.119444 0.021875 0.151852
1 0.200521 0.182870 0.027083 0.162037
1 0.939063 0.700463 0.034375 0.199074
1 0.163802 0.193519 0.026562 0.157407
1 0.200000 0.165741 0.023958 0.164815
1 0.128906 0.200000 0.031771 0.146296
1 0.130729 0.182407 0.028125 0.161111
1 0.161198 0.162500 0.029687 0.162037
1 0.145573 0.144907 0.026562 0.147222
1 0.117708 0.174074 0.020833 0.159259
1 0.473958 0.034259 0.025000 0.150000
1 0.218229 0.265741 0.031250 0.172222
1 0.258594 0.200000 0.032813 0.168519
1 0.907292 0.381481 0.040625 0.185185
1 0.845833 0.357407 0.030208 0.177778
1 0.789323 0.062037 0.029687 0.131481
1 0.935937 0.277315 0.033333 0.158333
1 0.883333 0.088889 0.027083 0.151852
1 0.851562 0.081944 0.028125 0.158333
1 0.990885 0.294444 0.034896 0.175926
1 0.220573 0.104630 0.023438 0.146296
1 0.196615 0.110185 0.029687 0.135185
1 0.201302 -0.036574 0.023438 0.117593
1 0.224479 -0.027315 0.026042 0.137963
1 0.278906 -0.032407 0.023438 0.133333
1 0.700000 -0.041204 0.026042 0.115741
7 0.647396 0.071759 0.033333 0.086111
