1 0.839323 0.658333 0.032813 0.220370
1 0.251563 0.076852 0.034375 0.162963
1 0.444271 0.679630 0.039583 0.240741
1 0.916406 0.521296 0.040104 0.198148
1 0.559115 0.980556 0.043229 0.237037
1 0.351042 0.816667 0.036458 0.231481
7 0.377865 0.242593 0.040104 0.103704
7 0.367969 0.325463 0.029687 0.112037
1 0.421094 0.212963 0.028646 0.157407
1 0.531250 0.032870 0.027083 0.137963
1 0.498698 0.025000 0.028646 0.148148
1 0.315885 0.130093 0.018229 0.137963
1 0.104688 0.382407 0.034375 0.179630
1 0.076302 0.358796 0.029687 0.189815
1 0.531250 0.798148 0.062500 0.240741
1 0.565625 0.797222 0.042708 0.209259
1 0.405729 0.148148 0.023958 0.133333
1 0.409375 0.160648 0.028125 0.154630
1 0.297135 0.022222 0.021354 0.122222
7 0.327344 0.029167 0.031771 0.071296
1 0.205208 0.223148 0.027083 0.151852
7 0.651563 0.082407 0.031250 0.109259
1 0.158333 0.889815 0.041667 0.240741
1 0.125260 0.861111 0.049479 0.257407
1 0.284115 0.176389 0.029687 0.160185
1 0.167708 0.116667 0.021875 0.151852
1 0.200521 0.182870 0.027083 0.162037
1 0.947396 0.707870 0.034375 0.199074
1 0.163802 0.193519 0.026562 0.157407
1 0.199219 0.165741 0.023438 0.164815
1 0.128646 0.200000 0.031250 0.146296
1 0.129167 0.182407 0.028125 0.161111
1 0.160938 0.162963 0.029167 0.161111
1 0.145313 0.145833 0.026042 0.145370
1 0.117708 0.174074 0.020833 0.159259
1 0.472917 0.032407 0.025000 0.150000
1 0.217708 0.271296 0.031250 0.175926
1 0.258854 0.196296 0.032292 0.168519
1 0.904167 0.378704 0.038542 0.185185
1 0.843750 0.353704 0.029167 0.177778
1 0.788542 0.062963 0.029167 0.129630
1 0.937240 0.281019 0.035937 0.158333
1 0.882292 0.086111 0.027083 0.151852
1 0.851042 0.079167 0.028125 0.158333
1 0.994010 0.300463 0.035937 0.176852
1 0.221615 0.106481 0.023438 0.146296
1 0.197135 0.111574 0.028646 0.136111
1 0.201302 -0.034259 0.023438 0.118519
1 0.222656 -0.023611 0.026562 0.141667
1 0.276823 -0.031481 0.023438 0.133333
7 0.647396 0.071759 0.033333 0.086111
