1 0.662240 0.517593 0.011979 0.062963
1 0.710156 0.520370 0.009896 0.057407
1 0.824479 0.564352 0.021875 0.108333
1 0.797656 0.562963 0.020313 0.088889
1 0.777865 0.571296 0.013021 0.094444
1 0.790104 0.568056 0.020833 0.097222
1 0.698958 0.524074 0.010417 0.059259
1 0.768229 0.820370 0.047917 0.262963
1 0.802344 0.767130 0.052604 0.234259
1 0.665625 0.697222 0.038542 0.201852
1 0.815365 0.574537 0.017188 0.093519
1 0.692969 0.706019 0.024479 0.212037
1 0.729948 0.577315 0.020313 0.095370
1 0.757292 0.569444 0.022917 0.094444
1 0.920052 0.631944 0.033854 0.145370
1 0.810937 0.743981 0.046875 0.221296
1 0.941667 0.625926 0.030208 0.138889
1 0.916927 0.614815 0.029687 0.144444
1 0.715365 0.571296 0.025521 0.098148
