1 0.846354 0.657407 0.052083 0.220370
1 0.320312 0.614352 0.031250 0.234259
1 0.916146 0.519907 0.039583 0.195370
1 0.476562 0.981481 0.039583 0.235185
1 0.351042 0.816667 0.036458 0.231481
7 0.377865 0.242593 0.040104 0.103704
7 0.367969 0.325463 0.029687 0.112037
1 0.431510 0.208333 0.036979 0.157407
1 0.338021 0.125000 0.019792 0.127778
1 0.255990 0.237037 0.027604 0.155556
1 0.283594 0.245370 0.038021 0.174074
1 0.404948 0.143056 0.026562 0.149074
1 0.395573 0.108333 0.029687 0.151852
1 0.302083 0.016204 0.028125 0.123148
7 0.327344 0.029167 0.031771 0.071296
7 0.651563 0.081481 0.031250 0.109259
1 0.296875 0.187963 0.029167 0.153704
1 0.169792 0.052778 0.018750 0.138889
1 0.208333 0.176389 0.029167 0.160185
1 0.164062 0.194907 0.026042 0.154630
1 0.198698 0.158333 0.023438 0.159259
1 0.134115 0.204630 0.027604 0.150000
1 0.123698 0.181481 0.038021 0.168519
1 0.152083 0.162963 0.032292 0.157407
1 0.190625 0.146296 0.026042 0.150000
1 0.124740 0.164352 0.020313 0.154630
1 0.467187 -0.025463 0.026042 0.147222
1 0.234115 1.001389 0.051562 0.199074
1 0.505208 0.311111 0.034375 0.185185
1 0.459896 0.312500 0.034375 0.180556
1 0.605990 0.626389 0.044271 0.228704
1 0.884896 0.737500 0.047917 0.217593
1 0.879687 0.704630 0.051042 0.235185
1 0.741406 -0.017593 0.029687 0.133333
1 0.706771 -0.013889 0.022917 0.135185
1 0.986979 0.325926 0.034375 0.174074
1 0.910417 0.280556 0.029167 0.164815
1 0.798438 -0.020370 0.028125 0.148148
1 0.774740 -0.012037 0.024479 0.140741
1 0.784896 0.278241 0.037500 0.150926
1 0.693750 0.259259 0.032292 0.153704
1 0.457813 0.005556 0.028125 0.148148
1 0.432812 -0.007870 0.025000 0.141667
1 0.407552 0.011111 0.026562 0.135185
1 0.257031 0.190278 0.026562 0.149074
1 0.211719 0.584722 0.034896 0.212037
1 0.167969 0.598148 0.047396 0.198148
1 0.240885 0.143981 0.033854 0.158333
1 0.271354 0.138889 0.031250 0.151852
1 0.223177 0.098611 0.032813 0.158333
1 0.250260 0.093519 0.026562 0.142593
1 0.246875 0.037500 0.027083 0.132407
1 0.205729 0.396759 0.037500 0.187963
1 0.169271 0.399074 0.035417 0.190741
1 0.267188 0.388889 0.037500 0.177778
1 0.392448 0.002315 0.030729 0.123148
