0 0.830469 0.664815 0.035937 0.224074
0 0.253385 0.088426 0.039062 0.165741
0 0.448177 0.682407 0.038021 0.237037
0 0.915885 0.519444 0.041146 0.190741
0 0.561979 0.979167 0.043750 0.139815
0 0.351042 0.816667 0.036458 0.231481
2 0.377865 0.242593 0.040104 0.103704
2 0.367969 0.325463 0.029687 0.112037
0 0.425260 0.212963 0.029687 0.157407
0 0.305990 0.132870 0.020313 0.143519
0 0.097917 0.389352 0.032292 0.173148
0 0.069010 0.367593 0.026562 0.192593
0 0.519531 0.765278 0.063021 0.237963
0 0.554427 0.771296 0.040104 0.216667
0 0.406250 0.152315 0.025000 0.123148
0 0.396354 0.162500 0.033333 0.154630
0 0.187240 0.235648 0.025521 0.154630
2 0.651563 0.082407 0.031250 0.109259
0 0.167969 0.860185 0.039062 0.240741
0 0.127865 0.837500 0.045312 0.252778
0 0.282813 0.166667 0.029167 0.157407
0 0.172396 0.124074 0.021875 0.151852
0 0.200521 0.182870 0.027083 0.162037
0 0.905990 0.676389 0.045312 0.199074
0 0.163542 0.194444 0.027083 0.157407
0 0.202344 0.163426 0.024479 0.163889
0 0.128906 0.200000 0.031771 0.146296
0 0.133073 0.182407 0.028646 0.161111
0 0.161979 0.161574 0.029167 0.163889
0 0.148958 0.141667 0.026042 0.150000
0 0.117708 0.174074 0.020833 0.159259
0 0.223698 0.254630 0.031771 0.168519
0 0.257552 0.211574 0.036979 0.171296
0 0.916146 0.400000 0.045833 0.196296
0 0.854688 0.369444 0.033333 0.179630
0 0.926302 0.267593 0.029687 0.159259
0 0.885938 0.098148 0.027083 0.153704
0 0.854948 0.094444 0.028646 0.161111
0 0.979948 0.275000 0.038021 0.175926
0 0.219531 0.096296 0.023438 0.146296
0 0.195052 0.103704 0.029687 0.135185
2 0.647135 0.072222 0.033854 0.087037
