1 0.832031 0.664815 0.033854 0.224074
1 0.253646 0.086111 0.039583 0.164815
1 0.448437 0.681481 0.036458 0.237037
1 0.916146 0.518519 0.040625 0.192593
1 0.561458 0.979167 0.043750 0.237963
1 0.351042 0.816667 0.036458 0.231481
7 0.377865 0.242593 0.040104 0.103704
7 0.367969 0.325463 0.029687 0.112037
1 0.425000 0.212963 0.029167 0.157407
1 0.532292 0.042130 0.027083 0.137963
1 0.499219 0.033333 0.028646 0.148148
1 0.308594 0.132870 0.020313 0.143519
1 0.470833 -0.044907 0.027083 0.108333
1 0.099479 0.388426 0.033333 0.173148
1 0.071615 0.367130 0.031771 0.193519
1 0.522656 0.772685 0.061979 0.237963
1 0.556250 0.778704 0.039583 0.216667
1 0.406250 0.151389 0.025000 0.125000
1 0.397917 0.162963 0.033333 0.155556
1 0.297135 0.022222 0.021354 0.122222
7 0.327344 0.029167 0.031771 0.071296
1 0.190885 0.231481 0.024479 0.153704
7 0.651563 0.082407 0.031250 0.109259
1 0.165365 0.864815 0.040104 0.240741
1 0.126823 0.842130 0.046354 0.250926
1 0.283073 0.169444 0.028646 0.159259
1 0.171875 0.124074 0.021875 0.151852
1 0.200521 0.182870 0.027083 0.162037
1 0.916146 0.682870 0.040625 0.199074
1 0.163542 0.194444 0.027083 0.157407
1 0.201823 0.163889 0.024479 0.164815
1 0.128906 0.200000 0.031771 0.146296
1 0.132812 0.182407 0.028125 0.161111
1 0.161979 0.161574 0.029167 0.163889
1 0.147656 0.142593 0.026562 0.150000
1 0.117708 0.174074 0.020833 0.159259
1 0.473698 0.037963 0.024479 0.150000
1 0.221615 0.256481 0.031771 0.168519
1 0.257031 0.208333 0.035937 0.170370
1 0.914583 0.393056 0.044792 0.191667
1 0.851823 0.366667 0.032813 0.179630
1 0.791927 0.058796 0.029687 0.136111
1 0.929948 0.269444 0.029687 0.159259
1 0.885417 0.094907 0.027083 0.152778
1 0.853906 0.090278 0.028646 0.160185
1 0.981250 0.282407 0.035417 0.175926
1 0.219531 0.099074 0.023438 0.146296
1 0.196094 0.106481 0.029687 0.135185
1 0.259115 -0.025926 0.022396 0.131481
1 0.230729 -0.033796 0.025000 0.128704
1 0.702604 -0.041204 0.026042 0.115741
7 0.647396 0.071759 0.033333 0.086111
