0 0.845573 0.654630 0.050521 0.214815
0 0.236979 0.624537 0.046875 0.225000
0 0.915625 0.518056 0.046875 0.191667
0 0.460677 0.987500 0.043229 0.125000
0 0.351042 0.816667 0.036458 0.231481
2 0.377865 0.242593 0.040104 0.103704
2 0.367969 0.325463 0.029687 0.112037
0 0.421615 0.208796 0.025521 0.163889
0 0.336979 0.125463 0.020833 0.128704
0 0.183073 0.266204 0.028646 0.163889
0 0.149479 0.265741 0.029167 0.185185
0 0.403385 0.146296 0.024479 0.138889
0 0.404427 0.121759 0.027604 0.158333
0 0.252604 0.069907 0.021875 0.130556
2 0.651563 0.081481 0.031250 0.109259
0 0.302083 0.187500 0.029167 0.162037
0 0.200000 0.181481 0.025000 0.159259
0 0.163281 0.192593 0.025521 0.155556
0 0.194792 0.164352 0.025000 0.165741
0 0.137240 0.200463 0.025521 0.150926
0 0.121615 0.179167 0.025521 0.171296
0 0.147917 0.165278 0.029167 0.162037
0 0.160677 0.141667 0.027604 0.151852
0 0.118229 0.174074 0.020833 0.159259
0 0.174479 0.495833 0.037500 0.202778
0 0.663281 0.796759 0.048438 0.243519
0 0.622396 0.818981 0.041667 0.241667
0 0.846615 0.182407 0.029687 0.164815
0 0.778646 0.177778 0.028125 0.155556
0 0.785417 0.072222 0.030208 0.131481
0 0.260417 0.241667 0.023958 0.168519
0 0.230469 0.243519 0.035937 0.150000
0 0.237760 0.115278 0.029687 0.147222
0 0.207552 0.116204 0.026562 0.150926
0 0.238802 0.100000 0.025521 0.142593
