1 0.138281 0.620833 0.019271 0.110185
1 0.585677 0.500000 0.011979 0.050000
1 0.124740 0.622222 0.018229 0.105556
1 0.127865 0.628704 0.017188 0.098148
1 0.121354 0.638889 0.016667 0.101852
1 0.044010 0.632870 0.022396 0.104630
1 0.696094 0.583333 0.025521 0.112963
1 0.730208 0.564815 0.022917 0.109259
1 0.695833 0.556944 0.019792 0.104630
1 0.819792 0.530556 0.017708 0.094444
1 0.720833 0.562500 0.034375 0.119444
1 0.037760 0.634722 0.026562 0.112037
1 0.671875 0.522685 0.013542 0.071296
1 0.680469 0.537037 0.016146 0.081481
1 0.733594 0.560185 0.021354 0.105556
1 0.635677 0.521759 0.020313 0.067593
1 0.624740 0.512037 0.011979 0.046296
1 0.660156 0.526852 0.015104 0.072222
1 0.650000 0.522685 0.013542 0.065741
