0 0.845573 0.654630 0.050521 0.214815
0 0.287760 0.639815 0.039062 0.231481
0 0.915104 0.517130 0.043750 0.191667
0 0.474219 0.991667 0.045312 0.116667
0 0.351042 0.816667 0.036458 0.231481
2 0.377865 0.242593 0.040104 0.103704
2 0.367969 0.325463 0.029687 0.112037
0 0.423698 0.205556 0.032813 0.157407
0 0.336979 0.125463 0.020833 0.128704
0 0.185677 0.260185 0.027604 0.159259
0 0.154167 0.255093 0.029167 0.182407
0 0.403646 0.145833 0.025000 0.137963
0 0.404687 0.118981 0.028125 0.158333
2 0.651563 0.081481 0.031250 0.109259
0 0.299219 0.187500 0.032813 0.160185
0 0.200000 0.180556 0.025000 0.159259
0 0.163021 0.192593 0.026042 0.155556
0 0.194531 0.170370 0.024479 0.161111
0 0.134896 0.200463 0.025000 0.150926
0 0.121615 0.180093 0.025521 0.169444
0 0.147917 0.165278 0.029167 0.162037
0 0.167187 0.151852 0.027083 0.151852
0 0.118229 0.174074 0.020833 0.159259
0 0.178125 0.534722 0.039583 0.204630
0 0.622135 0.735648 0.048438 0.243519
0 0.585938 0.754167 0.039583 0.236111
0 0.838281 0.161574 0.032813 0.162037
0 0.773698 0.155556 0.025521 0.150000
0 0.792969 0.082407 0.029687 0.135185
0 0.251563 0.263889 0.027083 0.170370
0 0.224740 0.268056 0.033854 0.156481
0 0.252865 0.140741 0.028646 0.153704
0 0.222917 0.139815 0.028125 0.155556
0 0.251823 0.119444 0.025521 0.142593
