1 0.891146 0.631019 0.038542 0.171296
1 0.936979 0.562963 0.025000 0.094444
1 0.898698 0.540741 0.019271 0.092593
1 0.127604 0.586111 0.025000 0.122222
1 0.156771 0.586574 0.023958 0.121296
1 0.237760 0.567593 0.020313 0.101852
1 0.220573 0.568519 0.018229 0.096296
1 0.278125 0.548148 0.019792 0.092593
1 0.265365 0.561111 0.020313 0.107407
1 0.815365 0.504630 0.013021 0.046296
1 0.721354 0.511574 0.013542 0.060185
1 0.800521 0.505093 0.011458 0.049074
1 0.505469 0.474074 0.005729 0.029630
1 0.224479 0.532870 0.013542 0.076852
1 0.367969 0.493056 0.008854 0.037963
1 0.223698 0.553704 0.020313 0.101852
1 0.622396 0.479167 0.009375 0.039815
1 0.380729 0.500000 0.010417 0.051852
1 0.394792 0.505093 0.010417 0.052778
1 0.356510 0.499074 0.009896 0.057407
1 0.805990 0.499537 0.011979 0.054630
1 0.811979 0.497222 0.011458 0.051852
1 0.647917 0.490278 0.011458 0.043519
1 0.655990 0.490741 0.009896 0.044444
1 0.698438 0.497685 0.011458 0.047222
1 0.737240 0.498611 0.009896 0.049074
1 0.727344 0.499537 0.011979 0.050926
1 0.203646 0.566667 0.015625 0.081481
1 0.843229 0.500463 0.011458 0.054630
1 0.819010 0.501852 0.009896 0.050000
