0 0.635417 0.354630 0.031250 0.138889
0 0.463021 0.345370 0.030208 0.146296
0 0.147396 0.447685 0.103125 0.515741
0 1.041406 0.675463 0.170313 0.754630
0 0.216146 0.388889 0.075000 0.320370
0 0.502083 0.353704 0.029167 0.137037
0 0.557031 0.324537 0.015104 0.060185
0 0.608594 0.359722 0.029687 0.171296
0 0.328906 0.337500 0.021354 0.100926
0 0.611458 0.355093 0.027083 0.160185
0 0.513802 0.324537 0.014063 0.058333
0 0.305208 0.353241 0.021875 0.136111
0 0.528646 0.321296 0.009375 0.038889
2 0.470573 0.343519 0.027604 0.061111
2 0.488021 0.347685 0.019792 0.056481
0 0.391927 0.325926 0.015104 0.066667
0 0.373177 0.323611 0.015104 0.075000
0 0.360938 0.319907 0.012500 0.060185
0 0.377604 0.314352 0.011458 0.058333
