0 0.846615 0.654630 0.052604 0.214815
0 0.363802 0.645833 0.048438 0.226852
0 0.916146 0.518056 0.039583 0.195370
0 0.496354 0.983796 0.041667 0.126852
0 0.351042 0.816667 0.036458 0.231481
2 0.377865 0.242593 0.040104 0.103704
2 0.367969 0.325463 0.029687 0.112037
0 0.431771 0.208333 0.037500 0.157407
0 0.337240 0.125463 0.020313 0.128704
0 0.195573 0.235648 0.026562 0.154630
0 0.177083 0.240278 0.031250 0.176852
0 0.404167 0.140741 0.030208 0.144444
0 0.400521 0.114352 0.026042 0.154630
2 0.651563 0.081481 0.031250 0.109259
0 0.302604 0.187963 0.029167 0.157407
0 0.202865 0.181019 0.027604 0.158333
0 0.163542 0.193981 0.026042 0.154630
0 0.198437 0.160648 0.023958 0.158333
0 0.137500 0.202778 0.028125 0.153704
0 0.128906 0.186574 0.040104 0.156481
0 0.153646 0.162500 0.028125 0.158333
0 0.186458 0.143519 0.026042 0.150000
0 0.119271 0.165741 0.020833 0.159259
0 0.192448 0.819907 0.048438 0.245370
0 0.507031 0.440741 0.033854 0.198148
0 0.463542 0.451852 0.032292 0.196296
0 0.676562 0.850926 0.047917 0.257407
0 0.931771 0.743519 0.047917 0.229630
0 0.962500 0.694444 0.036458 0.233333
0 0.924479 0.200000 0.031250 0.164815
0 0.861719 0.165278 0.029687 0.150926
0 0.784115 0.190741 0.031771 0.146296
0 0.605990 0.138889 0.031771 0.151852
0 0.260937 0.103241 0.026042 0.137963
0 0.222135 0.453704 0.033854 0.194444
0 0.190365 0.460185 0.040104 0.181481
0 0.240104 0.147685 0.028125 0.162037
0 0.245833 0.297222 0.035417 0.175926
0 0.198437 0.293056 0.031250 0.169444
0 0.264323 0.280093 0.030729 0.167593
