0 0.644271 0.361111 0.032292 0.144444
0 0.463542 0.359259 0.030208 0.150000
0 0.206250 0.419444 0.097917 0.370370
0 0.510417 0.361111 0.029167 0.137037
0 0.579167 0.337037 0.015625 0.061111
0 0.642969 0.373611 0.030729 0.197222
0 0.344271 0.345370 0.020833 0.094444
0 0.634375 0.368519 0.026042 0.179630
0 0.154167 0.370833 0.030208 0.134259
0 0.114844 0.371759 0.043229 0.147222
0 0.525781 0.332870 0.014063 0.058333
0 0.288802 0.368981 0.026562 0.152778
0 0.544271 0.329630 0.009375 0.038889
0 0.533854 0.331019 0.009375 0.041667
2 0.485938 0.353704 0.023958 0.062963
2 0.505469 0.356944 0.021354 0.063889
0 0.385156 0.338889 0.015104 0.066667
0 0.367708 0.330093 0.014583 0.076852
0 0.371354 0.337500 0.012500 0.060185
0 0.387500 0.329167 0.011458 0.058333
