1 0.734635 0.637037 0.053646 0.224074
1 0.240625 0.363426 0.039583 0.202778
1 0.073698 0.622685 0.043229 0.230556
1 0.916146 0.519907 0.039583 0.193519
1 0.595833 0.976852 0.042708 0.238889
1 0.353646 0.820833 0.052083 0.232407
7 0.377865 0.242593 0.040104 0.103704
7 0.367969 0.325463 0.029687 0.112037
1 0.429688 0.218519 0.031250 0.161111
1 0.789323 0.131944 0.027604 0.136111
1 0.734115 0.242130 0.027604 0.150926
1 0.716667 0.252778 0.033333 0.168519
1 0.360938 0.241667 0.020833 0.151852
1 0.495052 0.282870 0.035937 0.175000
1 0.069010 0.410648 0.024479 0.173148
1 0.078646 0.393056 0.028125 0.187963
1 0.425000 0.285185 0.033333 0.172222
1 0.446354 0.293981 0.026042 0.158333
1 0.649740 0.242593 0.022396 0.150000
1 0.593750 0.213889 0.040625 0.159259
1 0.380469 0.071296 0.027604 0.150000
1 0.295312 0.020370 0.021875 0.125926
7 0.327344 0.029167 0.031771 0.071296
1 0.063802 0.706944 0.031771 0.204630
7 0.651563 0.081944 0.031250 0.108333
1 0.304167 0.306019 0.027083 0.171296
1 0.290365 0.319444 0.036979 0.187037
1 0.246354 0.064352 0.027083 0.139815
1 0.208073 0.061111 0.024479 0.148148
1 0.293229 0.136574 0.025000 0.154630
1 0.265365 0.112037 0.029687 0.148148
1 0.199479 0.178704 0.028125 0.162963
1 0.263542 0.231944 0.028125 0.152778
1 0.164062 0.193519 0.027083 0.157407
1 0.189583 0.163426 0.022917 0.162037
1 0.125000 0.193981 0.026042 0.150926
1 0.147396 0.168981 0.027083 0.169444
1 0.154948 0.150926 0.028646 0.155556
1 0.153125 0.142593 0.028125 0.153704
1 0.117188 0.174074 0.020833 0.159259
1 0.488802 -0.045370 0.021354 0.107407
1 0.204167 -0.013426 0.019792 0.128704
1 0.232813 0.844444 0.050000 0.250000
1 0.785417 -0.014352 0.025000 0.126852
7 0.647135 0.075463 0.033854 0.097222
1 0.651042 0.075000 0.036458 0.088889
