1 0.846615 0.654630 0.052604 0.214815
1 0.356510 0.648148 0.041146 0.225926
1 0.916146 0.518056 0.039583 0.195370
1 0.492188 0.990278 0.041667 0.217593
1 0.351042 0.816667 0.036458 0.231481
7 0.377865 0.242593 0.040104 0.103704
7 0.367969 0.325463 0.029687 0.112037
1 0.432292 0.208333 0.038542 0.157407
1 0.337240 0.125463 0.020313 0.128704
1 0.195312 0.235648 0.026042 0.154630
1 0.174219 0.239815 0.034896 0.177778
1 0.405729 0.142130 0.027083 0.147222
1 0.400781 0.116204 0.024479 0.154630
1 0.301823 0.017130 0.028646 0.121296
7 0.327344 0.029167 0.031771 0.071296
7 0.651563 0.081481 0.031250 0.109259
1 0.304427 0.187963 0.029687 0.157407
1 0.174740 0.050000 0.023438 0.138889
1 0.208073 0.177315 0.027604 0.158333
1 0.163542 0.193981 0.026042 0.154630
1 0.197656 0.164352 0.024479 0.160185
1 0.139323 0.200000 0.028646 0.151852
1 0.124219 0.181019 0.026562 0.171296
1 0.142969 0.164815 0.027604 0.159259
1 0.186198 0.147222 0.025521 0.150000
1 0.119271 0.167593 0.020833 0.159259
1 0.467187 -0.025463 0.026042 0.147222
1 0.183594 0.767593 0.045312 0.238889
1 0.516927 0.483333 0.031771 0.211111
1 0.469271 0.495833 0.032292 0.200926
1 0.700521 0.916204 0.050000 0.243519
1 0.933854 0.740741 0.048958 0.225926
1 0.963281 0.699537 0.036979 0.234259
1 0.795573 0.054630 0.029687 0.137037
1 0.758854 0.061111 0.022917 0.137037
1 0.909635 0.164815 0.027604 0.161111
1 0.848437 0.135185 0.027083 0.146296
1 0.784896 0.171296 0.031250 0.142593
1 0.595833 0.106019 0.031250 0.149074
1 0.436719 -0.028241 0.023438 0.132407
1 0.410417 -0.026852 0.025000 0.135185
1 0.383333 0.016204 0.041667 0.121296
1 0.257031 0.082407 0.024479 0.137037
1 0.229687 0.420833 0.030208 0.191667
1 0.191406 0.423611 0.042188 0.175000
1 0.234115 0.142130 0.028646 0.163889
1 0.231771 0.032407 0.035417 0.131481
1 0.212760 0.010185 0.022396 0.122222
1 0.145833 0.047222 0.027083 0.127778
1 0.260417 0.273611 0.035417 0.175000
1 0.210677 0.270370 0.028646 0.170370
1 0.258594 0.247222 0.031771 0.159259
1 0.392969 -0.011111 0.025521 0.127778
