0 0.622656 0.374537 0.031771 0.141667
0 0.450521 0.359259 0.029167 0.142593
0 0.300781 0.425463 0.078646 0.365741
0 0.213542 0.391667 0.079167 0.288889
0 0.491667 0.357407 0.029167 0.129630
0 0.536198 0.336574 0.014063 0.056481
0 0.582812 0.364815 0.028125 0.157407
0 0.589063 0.368981 0.027083 0.143519
0 0.681510 0.358796 0.019271 0.113889
0 0.248438 0.360185 0.022917 0.120370
0 0.511198 0.333796 0.009896 0.036111
2 0.457813 0.344907 0.025000 0.056481
2 0.471875 0.350926 0.018750 0.057407
0 0.385417 0.335185 0.013542 0.061111
0 0.360938 0.332870 0.013542 0.073148
0 0.346354 0.335185 0.012500 0.059259
0 0.353646 0.335648 0.012500 0.058333
