1 0.641406 0.514815 0.009896 0.053704
1 0.756771 0.570833 0.025000 0.112037
1 0.732812 0.565278 0.022917 0.097222
1 0.713021 0.571759 0.014583 0.102778
1 0.722917 0.572222 0.022917 0.101852
1 0.632292 0.517130 0.014583 0.065741
1 0.685937 0.886111 0.062500 0.305556
1 0.673698 0.832407 0.059896 0.285185
1 0.544792 0.736111 0.042708 0.238889
1 0.746875 0.570833 0.017708 0.093519
1 0.568750 0.750000 0.055208 0.259259
1 0.652604 0.578241 0.023958 0.108333
1 0.684115 0.575463 0.026562 0.112037
1 0.896354 0.650463 0.033333 0.165741
1 0.699219 0.798148 0.048438 0.257407
1 0.925000 0.643519 0.045833 0.142593
1 0.888542 0.623148 0.031250 0.151852
1 0.649740 0.564815 0.025521 0.098148
