1 0.737500 0.636111 0.054167 0.224074
1 0.250521 0.263426 0.038542 0.195370
1 0.080729 0.631944 0.043750 0.228704
1 0.915885 0.519907 0.040104 0.193519
1 0.504167 0.964352 0.036458 0.263889
1 0.352083 0.820370 0.047917 0.231481
7 0.377865 0.242593 0.040104 0.103704
7 0.367969 0.325463 0.029687 0.112037
1 0.429427 0.218519 0.030729 0.161111
1 0.786458 0.124537 0.027083 0.137963
1 0.620313 0.182870 0.026042 0.150926
1 0.579688 0.192593 0.029167 0.166667
1 0.281510 0.192130 0.026562 0.163889
1 0.502344 0.196296 0.035937 0.164815
1 0.069271 0.410648 0.025000 0.173148
1 0.050781 0.392130 0.043229 0.186111
1 0.430208 0.404167 0.041667 0.189815
1 0.460938 0.407407 0.039583 0.175926
1 0.494792 0.178704 0.018750 0.142593
1 0.416146 0.172222 0.028125 0.151852
1 0.380729 0.072222 0.027083 0.150000
1 0.295833 0.023148 0.021875 0.124074
7 0.327344 0.029167 0.031771 0.071296
1 0.131250 0.533796 0.030208 0.189815
7 0.651563 0.082407 0.031250 0.109259
1 0.322396 0.430556 0.031250 0.187037
1 0.276562 0.435648 0.036458 0.204630
1 0.266146 -0.011574 0.026042 0.137963
1 0.223698 -0.013889 0.022396 0.142593
1 0.293750 0.136574 0.023958 0.154630
1 0.195833 0.119907 0.027083 0.150926
1 0.198698 0.180093 0.026562 0.162037
1 0.344010 0.357870 0.028646 0.162037
1 0.164583 0.194907 0.027083 0.156481
1 0.187500 0.163426 0.022917 0.158333
1 0.124479 0.193519 0.028125 0.151852
1 0.144792 0.173148 0.023958 0.164815
1 0.160938 0.158333 0.029167 0.155556
1 0.152083 0.142593 0.028125 0.153704
1 0.117188 0.174074 0.020833 0.159259
1 0.468229 -0.031944 0.018750 0.128704
1 0.200000 0.067593 0.028125 0.148148
1 0.222135 0.598148 0.045312 0.224074
1 0.999219 0.688889 0.039062 0.214815
1 0.843750 0.068056 0.028125 0.132407
1 0.123177 0.778704 0.044271 0.235185
1 0.103646 0.720370 0.051042 0.231481
7 0.645833 0.076852 0.032292 0.090741
