1 0.608854 0.369444 0.030208 0.129630
1 0.435937 0.370370 0.030208 0.148148
1 0.225781 0.443056 0.113021 0.426852
1 0.491406 0.374537 0.028646 0.139815
1 0.570833 0.346296 0.016667 0.072222
1 0.644010 0.389352 0.042188 0.232407
1 0.327604 0.357407 0.020833 0.094444
1 0.632292 0.387037 0.032292 0.203704
1 0.040885 0.385185 0.038021 0.142593
1 0.512240 0.345370 0.014063 0.059259
1 0.533594 0.340278 0.010937 0.037963
1 0.519792 0.337500 0.010417 0.043519
7 0.467969 0.369444 0.023438 0.068519
7 0.486719 0.372685 0.021354 0.063889
1 0.349219 0.352778 0.015104 0.066667
1 0.322917 0.349537 0.018750 0.076852
1 0.359635 0.349074 0.011979 0.057407
1 0.370833 0.351389 0.011458 0.058333
