0 0.983073 0.594907 0.036979 0.186111
0 0.129948 0.612963 0.019271 0.105556
0 0.568229 0.496296 0.012500 0.042593
0 0.120052 0.616204 0.018229 0.102778
0 0.122135 0.620833 0.017188 0.091667
0 0.115365 0.631481 0.016146 0.100000
0 0.040625 0.625463 0.021875 0.102778
0 0.680729 0.569907 0.023958 0.108333
0 0.682813 0.554630 0.032292 0.103704
0 0.702604 0.554167 0.018750 0.119444
0 0.034635 0.627315 0.026562 0.110185
0 0.654948 0.535648 0.016146 0.080556
0 0.712760 0.553241 0.016146 0.106481
0 0.616927 0.519444 0.018229 0.066667
0 0.603906 0.513426 0.011979 0.050926
0 0.642708 0.522685 0.015625 0.073148
0 0.630469 0.522222 0.010937 0.070370
