1 0.592448 0.346296 0.033854 0.148148
1 0.496615 0.334259 0.028646 0.138889
1 0.477604 0.344907 0.035417 0.165741
1 0.804948 0.563889 0.124479 0.687037
1 0.941927 0.559259 0.141146 0.729630
1 0.329688 0.350926 0.053125 0.201852
1 0.509375 0.337037 0.022917 0.122222
1 0.530729 0.308333 0.011458 0.044444
1 0.561719 0.325926 0.021354 0.125926
1 0.284375 0.328704 0.025000 0.105556
1 0.566406 0.330556 0.021354 0.118519
1 0.622396 0.328241 0.017708 0.106481
1 0.234635 0.339352 0.030729 0.162037
1 0.218750 0.348611 0.022917 0.141667
1 0.448177 0.329167 0.023438 0.104630
1 0.096875 0.311574 0.016667 0.075000
1 0.120313 0.335648 0.022917 0.115741
1 0.408854 0.311574 0.011458 0.056481
1 0.401823 0.310185 0.008854 0.061111
1 0.363021 0.315741 0.011458 0.053704
1 0.390104 0.306019 0.012500 0.049074
