1 0.811198 0.574537 0.042188 0.150926
1 0.086719 0.600463 0.018229 0.093519
1 0.775260 0.611574 0.033854 0.160185
1 0.488542 0.501852 0.011458 0.046296
1 0.672917 0.514815 0.012500 0.068519
1 0.078646 0.601852 0.014583 0.088889
1 0.078385 0.614352 0.015104 0.089815
1 0.011458 0.610648 0.016667 0.089815
1 0.605729 0.550463 0.019792 0.089815
1 0.232031 0.516667 0.007812 0.035185
1 0.615625 0.542130 0.025000 0.100926
1 0.630990 0.538889 0.018229 0.101852
1 0.004427 0.611111 0.017188 0.094444
1 0.516927 0.522685 0.013021 0.062037
