1 0.851042 0.683333 0.053125 0.224074
1 0.257552 0.147685 0.034896 0.176852
1 0.392969 0.626389 0.044271 0.217593
1 0.915365 0.519907 0.041146 0.193519
1 0.530990 0.976852 0.047396 0.242593
1 0.351042 0.816667 0.036458 0.231481
7 0.377865 0.242593 0.040104 0.103704
7 0.367969 0.325463 0.029687 0.112037
1 0.428906 0.218519 0.028646 0.159259
1 0.773177 -0.004167 0.026562 0.121296
1 0.537240 0.102778 0.027604 0.148148
1 0.507812 0.089815 0.030208 0.157407
1 0.264062 0.133333 0.025000 0.148148
1 0.489063 0.028704 0.029167 0.140741
1 0.070052 0.410648 0.026562 0.173148
1 0.059115 0.391204 0.027604 0.184259
1 0.473698 0.607870 0.054688 0.217593
1 0.506771 0.612037 0.041667 0.200000
1 0.405469 0.156944 0.028646 0.123148
1 0.386979 0.162963 0.032292 0.155556
1 0.386719 0.051389 0.025521 0.136111
1 0.297135 0.022685 0.021354 0.123148
7 0.327344 0.029167 0.031771 0.071296
1 0.121875 0.329630 0.028125 0.162963
7 0.651563 0.082407 0.031250 0.109259
1 0.228906 0.679630 0.039062 0.218519
1 0.175260 0.664352 0.043229 0.234259
1 0.300781 0.140741 0.029687 0.151852
1 0.182552 0.128241 0.030729 0.150926
1 0.200521 0.181481 0.027083 0.162963
1 0.653906 0.553241 0.034896 0.187963
1 0.163021 0.194444 0.027083 0.157407
1 0.191667 0.162500 0.027083 0.160185
1 0.132812 0.203241 0.036458 0.141667
1 0.134896 0.184259 0.035417 0.159259
1 0.156250 0.156481 0.029167 0.161111
1 0.147917 0.141667 0.026042 0.151852
1 0.117708 0.174074 0.020833 0.159259
1 0.447396 0.043519 0.026042 0.150000
1 0.234635 0.166667 0.026562 0.161111
1 0.257552 0.330093 0.041146 0.186111
1 0.997396 0.491667 0.038542 0.177778
1 0.919531 0.466667 0.033854 0.190741
1 0.808333 0.009259 0.029167 0.137037
1 0.936198 0.193056 0.029687 0.152778
1 0.947917 0.140741 0.035417 0.153704
1 0.980208 0.146759 0.043750 0.156481
1 0.881510 0.137037 0.036979 0.157407
1 0.232813 0.040741 0.020833 0.133333
1 0.203646 0.043056 0.034375 0.128704
1 0.721875 -0.034722 0.031250 0.126852
7 0.646615 0.074537 0.032813 0.086111
1 0.651302 0.075926 0.033854 0.083333
