0 0.846094 0.654630 0.051562 0.214815
0 0.352865 0.650463 0.048438 0.232407
0 0.916406 0.516667 0.038021 0.196296
0 0.473438 0.979167 0.040625 0.228704
0 0.351042 0.816667 0.036458 0.231481
2 0.377865 0.242593 0.040104 0.103704
2 0.367969 0.325463 0.029687 0.112037
0 0.424740 0.203241 0.028646 0.162037
0 0.336979 0.125463 0.020833 0.128704
0 0.193490 0.246296 0.025521 0.161111
0 0.161198 0.243056 0.030729 0.176852
0 0.405729 0.143056 0.029167 0.147222
0 0.398698 0.114815 0.027604 0.155556
0 0.300521 0.018056 0.026042 0.121296
2 0.327344 0.029167 0.031771 0.071296
0 0.240104 0.010185 0.021875 0.122222
2 0.651563 0.081481 0.031250 0.109259
0 0.304167 0.187037 0.033333 0.159259
0 0.174740 0.049074 0.023438 0.138889
0 0.200000 0.179630 0.025000 0.159259
0 0.163021 0.192593 0.026042 0.155556
0 0.190885 0.165741 0.024479 0.161111
0 0.134635 0.200000 0.025521 0.151852
0 0.121615 0.181481 0.025521 0.166667
0 0.148177 0.166667 0.028646 0.161111
0 0.177083 0.150000 0.026042 0.150000
0 0.118750 0.173148 0.020833 0.159259
0 0.467187 -0.025463 0.026042 0.147222
0 0.163542 0.608333 0.039583 0.218519
0 0.572135 0.641204 0.035937 0.232407
0 0.533333 0.659722 0.037500 0.219444
0 0.817187 0.119444 0.033333 0.151852
0 0.758594 0.120833 0.025521 0.145370
0 0.859115 0.065741 0.029687 0.138889
0 0.811979 0.037037 0.025000 0.135185
0 0.782031 0.104630 0.031771 0.138889
0 0.566406 -0.006481 0.026562 0.142593
0 0.390885 -0.011574 0.022396 0.125000
0 0.272396 0.011574 0.018750 0.125000
0 0.242969 0.312500 0.027604 0.176852
0 0.215104 0.315741 0.038542 0.162963
0 0.140885 0.137500 0.023438 0.160185
0 0.145833 0.047685 0.027083 0.128704
0 0.263021 0.181944 0.031250 0.163889
0 0.236458 0.178704 0.028125 0.159259
0 0.265885 0.162037 0.027604 0.155556
0 0.410156 -0.003241 0.023438 0.128704
