1 0.846615 0.654630 0.052604 0.214815
1 0.360156 0.647685 0.044271 0.225000
1 0.916146 0.518056 0.039583 0.195370
1 0.494271 0.986574 0.041667 0.217593
1 0.351042 0.816667 0.036458 0.231481
7 0.377865 0.242593 0.040104 0.103704
7 0.367969 0.325463 0.029687 0.112037
1 0.432031 0.208333 0.038021 0.157407
1 0.337240 0.125463 0.020313 0.128704
1 0.195573 0.235648 0.026562 0.154630
1 0.174740 0.240278 0.033854 0.178704
1 0.404167 0.138889 0.030208 0.144444
1 0.400781 0.115278 0.024479 0.154630
1 0.302083 0.016667 0.028125 0.122222
7 0.327344 0.029167 0.031771 0.071296
7 0.651563 0.081481 0.031250 0.109259
1 0.303125 0.187963 0.029167 0.157407
1 0.174740 0.050000 0.023438 0.138889
1 0.206510 0.179167 0.027604 0.158333
1 0.163542 0.193981 0.026042 0.154630
1 0.198437 0.162500 0.023958 0.158333
1 0.138281 0.200463 0.027604 0.154630
1 0.128385 0.188889 0.040104 0.153704
1 0.153385 0.162500 0.027604 0.158333
1 0.185938 0.144444 0.026042 0.150000
1 0.119271 0.166667 0.020833 0.159259
1 0.467187 -0.025463 0.026042 0.147222
1 0.188542 0.803704 0.044792 0.242593
1 0.510938 0.448611 0.037500 0.195370
1 0.464062 0.463426 0.032292 0.197222
1 0.683073 0.872222 0.049479 0.253704
1 0.933333 0.742593 0.047917 0.229630
1 0.962500 0.693519 0.036458 0.235185
1 0.789062 0.043519 0.031250 0.137037
1 0.752344 0.048148 0.023438 0.137037
1 0.918490 0.191204 0.028646 0.162037
1 0.858594 0.154630 0.028646 0.150000
1 0.784375 0.185648 0.030208 0.143519
1 0.602604 0.126852 0.030208 0.151852
1 0.438021 -0.025463 0.022917 0.141667
1 0.414844 -0.025463 0.024479 0.137963
1 0.375781 0.034259 0.052604 0.090741
1 0.260937 0.097685 0.027083 0.137963
1 0.223958 0.443056 0.031250 0.193519
1 0.191146 0.446296 0.039583 0.177778
1 0.239063 0.144907 0.028125 0.162037
1 0.232292 0.045370 0.034375 0.137037
1 0.213021 0.023148 0.026042 0.125926
1 0.145833 0.047222 0.027083 0.127778
1 0.250781 0.289352 0.034896 0.176852
1 0.205729 0.290278 0.031250 0.169444
1 0.263021 0.268981 0.031250 0.163889
