0 0.838802 0.578704 0.027604 0.135185
0 0.908854 0.550000 0.023958 0.088889
0 0.880469 0.534259 0.020313 0.087037
0 0.203125 0.568981 0.021875 0.108333
0 0.230469 0.572222 0.023438 0.114815
0 0.306510 0.544444 0.017188 0.083333
0 0.292187 0.550463 0.015625 0.078704
0 0.334896 0.533333 0.016667 0.081481
0 0.320312 0.539815 0.013542 0.085185
0 0.727604 0.500926 0.011458 0.057407
0 0.826042 0.502778 0.011458 0.051852
0 0.547396 0.472685 0.007292 0.028704
0 0.284896 0.527778 0.011458 0.077778
0 0.295833 0.534722 0.014583 0.089815
0 0.644531 0.475463 0.008854 0.036111
0 0.874479 0.493056 0.011458 0.049074
0 0.412760 0.495833 0.008854 0.047222
0 0.430729 0.499537 0.009375 0.049074
0 0.396094 0.492130 0.010937 0.045370
0 0.665885 0.482870 0.010937 0.047222
0 0.677083 0.487963 0.009375 0.044444
0 0.727083 0.492593 0.011458 0.044444
0 0.279948 0.543519 0.015104 0.068519
0 0.779948 0.490741 0.009896 0.048148
