1 0.735156 0.637500 0.053646 0.223148
1 0.237500 0.402778 0.041667 0.211111
1 0.074740 0.623148 0.043229 0.229630
1 0.916406 0.519907 0.039062 0.193519
1 0.633594 0.991667 0.043229 0.209259
1 0.353646 0.820833 0.052083 0.232407
7 0.377865 0.242593 0.040104 0.103704
7 0.367969 0.325463 0.029687 0.112037
1 0.429688 0.218519 0.031250 0.161111
1 0.788802 0.131944 0.027604 0.136111
1 0.785677 0.266204 0.026562 0.160185
1 0.756771 0.272685 0.033333 0.175000
1 0.409115 0.255093 0.029687 0.163889
1 0.525781 0.262500 0.035937 0.169444
1 0.077083 0.414352 0.022917 0.176852
1 0.082031 0.393056 0.030729 0.187963
1 0.449740 0.250463 0.027604 0.171296
1 0.470573 0.258796 0.027604 0.154630
1 0.696875 0.263426 0.021875 0.150926
1 0.655990 0.227778 0.036979 0.151852
1 0.380469 0.070833 0.027604 0.150926
1 0.296094 0.022685 0.020313 0.119444
7 0.327344 0.029167 0.031771 0.071296
1 0.025521 0.771296 0.034375 0.212963
7 0.651563 0.081019 0.031250 0.108333
1 0.285156 0.266667 0.027604 0.164815
1 0.277344 0.281481 0.040104 0.181481
1 0.240104 0.089815 0.027083 0.148148
1 0.211198 0.097222 0.027604 0.150000
1 0.292708 0.136574 0.023958 0.154630
1 0.266927 0.112963 0.028646 0.148148
1 0.199479 0.178704 0.028125 0.162963
1 0.263802 0.189352 0.029687 0.143519
1 0.165625 0.192593 0.027083 0.157407
1 0.187500 0.159722 0.023958 0.162037
1 0.122135 0.196296 0.025521 0.151852
1 0.147396 0.169907 0.027083 0.169444
1 0.151823 0.150926 0.029687 0.155556
1 0.152604 0.142593 0.028125 0.153704
1 0.117188 0.174074 0.020833 0.159259
1 0.487500 -0.045370 0.020833 0.107407
1 0.191146 -0.020833 0.022917 0.121296
1 0.229948 0.934259 0.050521 0.248148
1 0.747396 -0.038426 0.022917 0.119444
7 0.648438 0.073611 0.034375 0.100926
