1 0.733333 0.637037 0.053125 0.224074
1 0.238802 0.298611 0.039062 0.200926
1 0.072917 0.621296 0.050000 0.229630
1 0.915885 0.519907 0.040104 0.193519
1 0.521875 0.975463 0.035417 0.249074
1 0.353646 0.820833 0.052083 0.232407
7 0.377865 0.242593 0.040104 0.103704
7 0.367969 0.325463 0.029687 0.112037
1 0.429427 0.218519 0.030729 0.161111
1 0.790104 0.131481 0.027083 0.137037
1 0.644010 0.210648 0.031771 0.152778
1 0.618750 0.214352 0.030208 0.169444
1 0.286979 0.198148 0.031250 0.150000
1 0.480729 0.231019 0.036458 0.173148
1 0.069271 0.410648 0.025000 0.173148
1 0.078646 0.392130 0.028125 0.186111
1 0.409375 0.365741 0.033333 0.188889
1 0.436198 0.369907 0.035937 0.176852
1 0.553906 0.201852 0.027604 0.148148
1 0.471354 0.186111 0.031250 0.155556
1 0.380990 0.072222 0.027604 0.150000
1 0.296354 0.021296 0.021875 0.124074
7 0.327344 0.029167 0.031771 0.071296
1 0.134896 0.597685 0.030208 0.195370
7 0.651563 0.082407 0.031250 0.109259
1 0.329948 0.379630 0.030729 0.172222
1 0.285417 0.391667 0.040625 0.198148
1 0.253646 0.011574 0.026042 0.137963
1 0.221094 0.013426 0.023438 0.147222
1 0.293490 0.136574 0.024479 0.154630
1 0.219271 0.113426 0.033333 0.149074
1 0.198958 0.178241 0.027083 0.162037
1 0.297917 0.308333 0.028125 0.153704
1 0.164062 0.195370 0.027083 0.157407
1 0.187500 0.163426 0.022917 0.160185
1 0.124479 0.193519 0.028125 0.151852
1 0.147917 0.174074 0.025000 0.168519
1 0.160156 0.157407 0.028646 0.155556
1 0.152604 0.142593 0.028125 0.153704
1 0.117188 0.174074 0.020833 0.159259
1 0.479948 -0.039815 0.024479 0.118519
1 0.193229 0.034259 0.028125 0.148148
1 0.231250 0.678241 0.047917 0.232407
1 0.817969 0.036111 0.028646 0.125926
1 0.062240 0.712500 0.059896 0.230556
1 -0.002344 0.663426 0.049479 0.215741
7 0.645833 0.076852 0.032292 0.092593
