1 0.608333 0.347685 0.027083 0.128704
1 0.409896 0.345370 0.032292 0.161111
1 0.453385 0.353241 0.025521 0.147222
1 0.660677 0.339815 0.030729 0.129630
1 0.869271 0.448148 0.080208 0.564815
1 0.393750 0.336574 0.022917 0.102778
1 0.817969 0.425926 0.072396 0.459259
1 0.542448 0.318981 0.016146 0.063889
1 0.025000 0.327315 0.034375 0.126852
1 0.054948 0.326389 0.020313 0.097222
1 0.077083 0.323611 0.022917 0.097222
1 0.576562 0.319907 0.012500 0.052778
1 0.561979 0.314815 0.012500 0.057407
7 0.490885 0.355556 0.028646 0.094444
7 0.513281 0.359722 0.026562 0.089815
1 0.323177 0.312963 0.013021 0.048148
1 0.333594 0.315278 0.011979 0.047222
1 0.344271 0.310648 0.011458 0.043519
1 0.350260 0.306944 0.011979 0.045370
1 0.358854 0.308796 0.010417 0.037963
1 0.371354 0.311574 0.011458 0.037963
