1 0.846875 0.650463 0.039583 0.217593
1 0.253906 0.048611 0.031771 0.163889
1 0.399740 0.660648 0.045312 0.230556
1 0.915365 0.518519 0.043229 0.194444
1 0.546615 0.975463 0.043229 0.234259
1 0.351042 0.816667 0.036458 0.231481
7 0.377865 0.242593 0.040104 0.103704
7 0.367969 0.325463 0.029687 0.112037
1 0.429948 0.214352 0.036979 0.156481
1 0.525781 0.012037 0.026562 0.133333
1 0.495312 0.007407 0.028125 0.144444
1 0.332031 0.127778 0.022396 0.133333
1 0.122656 0.354630 0.031771 0.174074
1 0.091406 0.337963 0.031771 0.190741
1 0.564844 0.871759 0.067187 0.247222
1 0.602604 0.875000 0.048958 0.227778
1 0.404427 0.144907 0.021354 0.139815
1 0.440365 0.141667 0.029687 0.153704
1 0.297135 0.022222 0.021354 0.122222
7 0.327344 0.029167 0.031771 0.071296
1 0.244010 0.194444 0.025521 0.146296
7 0.651563 0.082407 0.031250 0.109259
1 0.150260 0.964815 0.042188 0.240741
1 0.171615 0.916667 0.055729 0.255556
1 0.298438 0.186574 0.025000 0.154630
1 0.173177 0.100463 0.027604 0.149074
1 0.200521 0.183333 0.027083 0.161111
1 0.163281 0.193056 0.025521 0.156481
1 0.196094 0.165278 0.024479 0.163889
1 0.127083 0.200463 0.026042 0.147222
1 0.123698 0.181481 0.027604 0.162963
1 0.163281 0.165741 0.028646 0.155556
1 0.156771 0.145370 0.026042 0.146296
1 0.118229 0.174074 0.020833 0.159259
1 0.467708 0.024537 0.026042 0.149074
1 0.213542 0.306481 0.034375 0.177778
1 0.258073 0.153704 0.030729 0.162963
1 0.883854 0.338889 0.032292 0.187037
1 0.829427 0.318981 0.028646 0.171296
1 0.786979 0.070370 0.030208 0.131481
1 0.968490 0.315741 0.036979 0.164815
1 0.874740 0.057407 0.027604 0.140741
1 0.832552 0.044907 0.027604 0.154630
1 0.230990 0.130556 0.023438 0.155556
1 0.206250 0.138889 0.027083 0.138889
1 0.199740 -0.008796 0.024479 0.123148
1 0.244531 0.008333 0.026562 0.146296
1 0.207552 0.005093 0.026562 0.141667
7 0.647135 0.071296 0.032813 0.085185
