1 0.827865 0.664815 0.039062 0.224074
1 0.253125 0.093519 0.038542 0.166667
1 0.447396 0.681944 0.038542 0.237963
1 0.917448 0.520370 0.038021 0.190741
1 0.557813 0.981944 0.045833 0.234259
1 0.351042 0.816667 0.036458 0.231481
7 0.377865 0.242593 0.040104 0.103704
7 0.367969 0.325463 0.029687 0.112037
1 0.426042 0.213426 0.030208 0.158333
1 0.533854 0.045833 0.027083 0.137963
1 0.499740 0.041667 0.028646 0.148148
1 0.301823 0.131019 0.020313 0.143519
1 0.469792 -0.040741 0.027083 0.114815
1 0.093490 0.392130 0.031771 0.176852
1 0.064062 0.373148 0.022917 0.198148
1 0.515625 0.754167 0.064583 0.236111
1 0.552083 0.759259 0.039583 0.216667
1 0.406510 0.155556 0.025521 0.122222
1 0.391406 0.162500 0.033854 0.154630
1 0.383333 -0.037963 0.025000 0.122222
1 0.297135 0.022222 0.021354 0.122222
7 0.327344 0.029167 0.031771 0.071296
1 0.182031 0.242593 0.025521 0.155556
7 0.651563 0.082407 0.031250 0.109259
1 0.171875 0.844444 0.038542 0.240741
1 0.131771 0.820833 0.046875 0.249074
1 0.280990 0.166204 0.030729 0.158333
1 0.175000 0.125926 0.025000 0.151852
1 0.200521 0.182870 0.027083 0.162037
1 0.891406 0.663889 0.038021 0.196296
1 0.163542 0.194444 0.027083 0.157407
1 0.202604 0.163426 0.025000 0.163889
1 0.129167 0.200000 0.032292 0.146296
1 0.134115 0.182407 0.028646 0.161111
1 0.161719 0.161574 0.029687 0.163889
1 0.149740 0.141667 0.026562 0.150000
1 0.117708 0.174074 0.020833 0.159259
1 0.471094 0.040741 0.024479 0.150000
1 0.224740 0.245833 0.031771 0.167593
1 0.259375 0.220370 0.035417 0.174074
1 0.922396 0.408333 0.042708 0.198148
1 0.858854 0.376852 0.032292 0.181481
1 0.793490 0.055093 0.029687 0.136111
1 0.922656 0.262500 0.032813 0.160185
1 0.888802 0.105093 0.026562 0.152778
1 0.857031 0.101389 0.028646 0.162037
1 0.976302 0.262037 0.041146 0.174074
1 0.220312 0.092593 0.022917 0.146296
1 0.194010 0.099537 0.029687 0.136111
1 0.264583 -0.027778 0.022917 0.125926
1 0.236979 -0.037037 0.023958 0.122222
1 0.705729 -0.040278 0.026042 0.117593
7 0.647135 0.072222 0.033854 0.087037
