1 0.593750 0.377778 0.035417 0.151852
1 0.526042 0.360185 0.029167 0.135185
1 0.503125 0.359259 0.025000 0.148148
1 0.782292 0.593519 0.127083 0.672222
1 0.947396 0.607407 0.143750 0.705556
1 0.371615 0.362500 0.043229 0.182407
1 0.536458 0.360185 0.022917 0.120370
1 0.548177 0.331019 0.009896 0.041667
1 0.034375 0.380093 0.047917 0.184259
1 0.573438 0.353704 0.026042 0.124074
1 0.292969 0.350000 0.025521 0.111111
1 0.888542 0.460648 0.092708 0.450926
1 0.583594 0.353704 0.019271 0.109259
1 0.636979 0.354167 0.017708 0.106481
1 0.296094 0.348611 0.025521 0.134259
1 0.281771 0.354167 0.020833 0.115741
1 0.151042 0.326852 0.012500 0.070370
1 0.161979 0.348611 0.020833 0.108333
7 0.489063 0.344444 0.018750 0.050000
1 0.171615 0.324537 0.017188 0.071296
1 0.433333 0.331019 0.011458 0.056481
1 0.421094 0.334722 0.008854 0.060185
1 0.399479 0.330556 0.011458 0.048148
