1 0.735156 0.637500 0.053646 0.223148
1 0.237240 0.403704 0.042188 0.211111
1 0.074740 0.623148 0.043229 0.229630
1 0.916406 0.519907 0.039062 0.193519
1 0.634115 0.992593 0.043229 0.209259
1 0.353646 0.820833 0.052083 0.232407
7 0.377865 0.242593 0.040104 0.103704
7 0.367969 0.325463 0.029687 0.112037
1 0.429688 0.218519 0.031250 0.161111
1 0.788802 0.131944 0.027604 0.136111
1 0.786979 0.267593 0.026042 0.161111
1 0.758073 0.272685 0.033854 0.175000
1 0.410938 0.255093 0.029167 0.163889
1 0.526042 0.261574 0.036458 0.169444
1 0.077604 0.414815 0.022917 0.177778
1 0.082552 0.393056 0.031771 0.187963
1 0.450000 0.250463 0.027083 0.171296
1 0.471094 0.257870 0.027604 0.154630
1 0.698177 0.263426 0.021354 0.150926
1 0.657552 0.228241 0.039062 0.150926
1 0.380469 0.070833 0.027604 0.150926
1 0.296094 0.022685 0.020313 0.119444
7 0.327344 0.029167 0.031771 0.071296
1 0.025000 0.773611 0.034375 0.213889
7 0.651563 0.081019 0.031250 0.108333
1 0.284896 0.266204 0.028125 0.163889
1 0.277083 0.280556 0.040625 0.181481
1 0.240104 0.090741 0.027083 0.148148
1 0.211719 0.098148 0.027604 0.150000
1 0.292708 0.136574 0.023958 0.154630
1 0.266927 0.112963 0.028646 0.148148
1 0.199479 0.178704 0.028125 0.162963
1 0.263802 0.188426 0.029687 0.143519
1 0.165625 0.192593 0.027083 0.157407
1 0.187500 0.159722 0.023958 0.162037
1 0.122135 0.196296 0.025521 0.151852
1 0.147135 0.169907 0.026562 0.169444
1 0.151823 0.150926 0.029687 0.155556
1 0.152604 0.142593 0.028125 0.153704
1 0.117188 0.174074 0.020833 0.159259
1 0.487500 -0.045370 0.020833 0.107407
1 0.190365 -0.020833 0.023438 0.121296
1 0.229427 0.936574 0.050521 0.249074
1 0.746354 -0.038426 0.022917 0.119444
7 0.648438 0.073611 0.034375 0.100926
