1 0.845052 0.654167 0.049479 0.215741
1 0.263021 0.025463 0.031250 0.169444
1 0.342448 0.620833 0.044271 0.230556
1 0.913542 0.518981 0.046875 0.193519
1 0.534115 0.986574 0.039062 0.226852
1 0.351042 0.816667 0.036458 0.231481
7 0.377865 0.242593 0.040104 0.103704
7 0.367969 0.325463 0.029687 0.112037
1 0.433333 0.213426 0.033333 0.156481
1 0.517448 -0.006019 0.025521 0.130556
1 0.489844 -0.009722 0.027604 0.137963
1 0.333594 0.126852 0.020313 0.131481
1 0.140104 0.327778 0.031250 0.170370
1 0.103906 0.318981 0.029687 0.187963
1 0.595833 0.936574 0.064583 0.241667
1 0.634375 0.938426 0.050000 0.226852
1 0.403385 0.145370 0.021354 0.140741
1 0.425000 0.126389 0.028125 0.152778
1 0.297396 0.021296 0.021875 0.122222
7 0.327344 0.029167 0.031771 0.071296
1 0.266927 0.162037 0.023438 0.144444
7 0.651563 0.082407 0.031250 0.109259
1 0.154167 1.013426 0.043750 0.173148
1 0.191146 0.981019 0.053125 0.234259
1 0.304948 0.185185 0.025521 0.161111
1 0.164062 0.082407 0.028125 0.146296
1 0.200521 0.183333 0.026042 0.159259
1 0.163021 0.193056 0.025000 0.156481
1 0.196615 0.165741 0.025521 0.161111
1 0.128125 0.199074 0.027083 0.148148
1 0.117448 0.179167 0.026562 0.167593
1 0.159115 0.167130 0.028646 0.156481
1 0.158073 0.143056 0.027604 0.150926
1 0.466667 0.009722 0.026042 0.149074
1 0.205990 0.346296 0.033854 0.181481
1 0.265885 0.120370 0.031771 0.161111
1 0.874479 0.296759 0.035417 0.178704
1 0.823177 0.279630 0.026562 0.166667
1 0.786458 0.070370 0.030208 0.131481
1 0.998958 0.351389 0.036458 0.163889
1 0.856250 0.031481 0.027083 0.140741
1 0.810417 0.018981 0.027083 0.150926
1 0.238802 0.145833 0.024479 0.156481
1 0.217448 0.155556 0.025521 0.140741
1 0.196354 0.014815 0.025000 0.127778
1 0.234896 0.029630 0.030208 0.144444
1 0.201823 0.024537 0.026562 0.141667
7 0.647135 0.069907 0.032813 0.086111
