0 0.600260 0.381019 0.030729 0.132407
0 0.429167 0.381481 0.031250 0.151852
0 0.191146 0.472685 0.126042 0.454630
0 0.488281 0.380093 0.025521 0.139815
0 0.577083 0.355556 0.019792 0.077778
0 0.659115 0.400000 0.048438 0.257407
0 0.329948 0.372685 0.020313 0.097222
0 0.647396 0.398148 0.036458 0.224074
0 0.515625 0.348611 0.014583 0.060185
0 0.539844 0.346759 0.010937 0.037963
0 0.519271 0.347685 0.009375 0.050926
2 0.467969 0.376852 0.023438 0.070370
0 0.333073 0.354630 0.015104 0.066667
0 0.356771 0.354167 0.012500 0.060185
0 0.366146 0.357870 0.011458 0.058333
