0 0.838542 0.585648 0.042708 0.150926
0 0.094010 0.599074 0.017188 0.092593
0 0.811979 0.622222 0.040625 0.168519
0 0.627604 0.549074 0.019792 0.090741
0 0.501563 0.502315 0.011458 0.045370
0 0.691146 0.526389 0.015625 0.080556
0 0.085156 0.600463 0.015104 0.089815
0 0.085156 0.614352 0.015104 0.091667
0 0.016667 0.613889 0.015625 0.094444
0 0.621354 0.558333 0.020833 0.092593
0 0.243490 0.516204 0.007812 0.037963
0 0.645573 0.543981 0.021354 0.106481
0 0.554948 0.524537 0.017188 0.069444
0 0.530469 0.523611 0.013021 0.062037
