0 0.735417 0.637500 0.053125 0.223148
0 0.233073 0.418519 0.043229 0.212963
0 0.074740 0.623611 0.043229 0.230556
0 0.916406 0.519907 0.039062 0.193519
0 0.640885 0.997222 0.044271 0.201852
0 0.354167 0.820833 0.052083 0.232407
2 0.377865 0.242593 0.040104 0.103704
2 0.367969 0.325463 0.029687 0.112037
0 0.429688 0.218519 0.031250 0.161111
0 1.000781 0.368056 0.036979 0.176852
0 0.788802 0.132407 0.027604 0.135185
0 0.804688 0.274074 0.026042 0.161111
0 0.771615 0.277778 0.039062 0.179630
0 0.437500 0.262500 0.041667 0.158333
0 0.535156 0.255093 0.034896 0.162037
0 0.088281 0.419444 0.028646 0.177778
0 0.090365 0.397685 0.036979 0.187963
0 0.455729 0.236111 0.028125 0.168519
0 0.477604 0.246759 0.029167 0.156481
0 0.552083 -0.031481 0.023958 0.112963
0 0.534115 -0.032870 0.022396 0.110185
0 0.712240 0.266667 0.020313 0.151852
0 0.679948 0.236574 0.029687 0.150926
0 0.380469 0.070833 0.027604 0.150926
0 0.296354 0.022222 0.019792 0.120370
2 0.327344 0.029167 0.031771 0.071296
0 0.023177 0.796759 0.034896 0.212037
2 0.651563 0.080556 0.031250 0.107407
0 0.276042 0.254167 0.028125 0.163889
0 0.273958 0.267593 0.039583 0.177778
0 0.240104 0.098611 0.026042 0.145370
0 0.212500 0.106481 0.027083 0.151852
0 0.292708 0.136574 0.022917 0.154630
0 0.267188 0.112963 0.028125 0.148148
0 0.199219 0.179167 0.027604 0.163889
0 0.256250 0.174537 0.029167 0.141667
0 0.163542 0.192593 0.027083 0.157407
0 0.188542 0.160185 0.022917 0.161111
0 0.122656 0.196296 0.025521 0.151852
0 0.146094 0.169907 0.024479 0.171296
0 0.151562 0.151389 0.030208 0.156481
0 0.152083 0.142593 0.028125 0.153704
0 0.117708 0.174074 0.020833 0.159259
0 0.487500 -0.045833 0.020833 0.106481
0 0.229167 0.972685 0.051042 0.250926
2 0.648438 0.072222 0.034375 0.101852
