1 0.141667 0.625463 0.018750 0.110185
1 0.599219 0.507870 0.013021 0.050926
1 0.127083 0.629630 0.018750 0.107407
1 0.131510 0.638426 0.017188 0.102778
1 0.124479 0.648148 0.016667 0.103704
1 0.045833 0.638426 0.022917 0.106481
1 0.709635 0.595370 0.026562 0.116667
1 0.751563 0.576389 0.023958 0.113889
1 0.703385 0.564815 0.013021 0.096296
1 0.846875 0.544907 0.017708 0.095370
1 0.727344 0.562500 0.024479 0.100926
1 0.036979 0.644907 0.026042 0.112037
1 0.688802 0.537037 0.015104 0.079630
1 0.703385 0.546759 0.016146 0.078704
1 0.751302 0.572222 0.025521 0.109259
1 0.737240 0.543519 0.015104 0.079630
1 0.650781 0.526852 0.019271 0.062963
1 0.641406 0.520370 0.011979 0.046296
1 0.675521 0.531019 0.012500 0.067593
1 0.665625 0.528704 0.012500 0.062963
