1 0.884635 0.578704 0.023438 0.112963
1 0.799219 0.565741 0.026562 0.105556
1 0.023438 0.609259 0.023958 0.129630
1 0.236198 0.524074 0.013021 0.059259
1 0.674479 0.518519 0.013542 0.055556
1 0.646094 0.534722 0.016146 0.073148
1 0.683854 0.519907 0.010417 0.052778
1 0.197396 0.521759 0.010417 0.054630
1 0.508073 0.490278 0.009896 0.043519
1 0.698698 0.516204 0.013021 0.063889
1 0.232552 0.525926 0.009896 0.059259
1 0.235937 0.532870 0.011458 0.063889
1 0.186719 0.525463 0.013021 0.062037
1 0.210417 0.518056 0.012500 0.063889
1 0.537760 0.505556 0.008854 0.053704
1 0.548438 0.508796 0.011458 0.050926
1 0.608854 0.504167 0.011458 0.054630
1 0.598437 0.508796 0.011458 0.056481
1 0.708073 0.516204 0.016146 0.065741
1 0.651302 0.506944 0.009896 0.056481
1 0.662500 0.506944 0.013542 0.058333
1 0.561198 0.505556 0.009896 0.046296
1 0.615365 0.507870 0.010937 0.049074
