1 0.928906 0.573148 0.035937 0.135185
1 0.721094 0.577315 0.026562 0.128704
1 0.075260 0.583333 0.016146 0.081481
1 0.642708 0.574074 0.028125 0.116667
1 0.563021 0.539815 0.013542 0.070370
1 0.434896 0.506019 0.008333 0.047222
1 0.067969 0.583796 0.013021 0.080556
1 0.067969 0.595370 0.014063 0.077778
1 0.003125 0.590741 0.015625 0.085185
1 0.002865 0.584722 0.014063 0.082407
1 0.008073 0.591667 0.013021 0.079630
1 0.518490 0.520370 0.013021 0.059259
1 0.508854 0.525000 0.011458 0.062963
1 0.563021 0.543519 0.016667 0.074074
1 0.203125 0.515741 0.007292 0.035185
1 0.576042 0.537500 0.016667 0.080556
1 0.593229 0.535648 0.018750 0.084259
1 0.533073 0.524074 0.015104 0.064815
1 0.552083 0.519907 0.012500 0.063889
1 0.492969 0.527315 0.014063 0.067593
1 0.463281 0.522685 0.010937 0.058333
