0 0.634375 0.357407 0.031250 0.140741
0 0.464062 0.351852 0.030208 0.144444
0 0.213281 0.439815 0.105729 0.457407
0 1.029688 0.675926 0.163542 0.750000
0 0.229427 0.389352 0.074479 0.310185
0 0.502083 0.351852 0.029167 0.133333
0 0.554948 0.329167 0.015104 0.058333
0 0.603125 0.361111 0.029167 0.168519
0 0.325260 0.337500 0.021354 0.100926
0 0.607812 0.358333 0.026042 0.155556
0 0.724740 0.356481 0.019271 0.112963
0 0.512240 0.327315 0.014063 0.056481
0 0.308333 0.358796 0.021875 0.136111
0 0.525521 0.325463 0.009375 0.037963
2 0.468229 0.343981 0.027083 0.060185
2 0.487500 0.351852 0.018750 0.057407
0 0.396094 0.329630 0.015104 0.066667
0 0.372656 0.326852 0.015104 0.074074
0 0.359896 0.326389 0.012500 0.060185
0 0.372917 0.318056 0.011458 0.058333
