1 0.769792 0.577315 0.025000 0.149074
1 0.074219 0.589815 0.018229 0.088889
1 0.714063 0.595370 0.032292 0.133333
1 0.580469 0.543056 0.018229 0.082407
1 0.460677 0.501852 0.009896 0.046296
1 0.635938 0.520370 0.014583 0.075926
1 0.064844 0.591204 0.014063 0.086111
1 0.064323 0.603704 0.015104 0.085185
1 -0.000260 0.597222 0.013021 0.088889
1 0.578125 0.544444 0.017708 0.083333
1 0.210417 0.512963 0.008333 0.033333
1 0.592969 0.538426 0.016146 0.091667
1 0.607031 0.531944 0.018229 0.082407
1 0.554948 0.521296 0.016146 0.066667
1 0.571354 0.514815 0.012500 0.066667
1 0.488281 0.521759 0.013021 0.062037
