1 0.823438 0.664815 0.045833 0.224074
1 0.252344 0.101852 0.038021 0.168519
1 0.440885 0.680556 0.047396 0.240741
1 0.910156 0.518981 0.052604 0.191667
1 0.551823 0.984722 0.046354 0.230556
1 0.351042 0.816667 0.036458 0.231481
7 0.377865 0.242593 0.040104 0.103704
7 0.367969 0.325463 0.029687 0.112037
1 0.430990 0.212963 0.027604 0.161111
1 0.534896 0.059722 0.027083 0.137963
1 0.499219 0.050000 0.027604 0.148148
1 0.292448 0.124537 0.021354 0.145370
1 0.469792 -0.034722 0.027083 0.128704
1 0.089844 0.398148 0.036979 0.175926
1 0.059896 0.383333 0.022917 0.196296
1 0.507292 0.724074 0.058333 0.227778
1 0.543229 0.735648 0.038542 0.212037
1 0.405990 0.155556 0.025521 0.122222
1 0.386979 0.162500 0.031250 0.154630
1 0.395833 -0.024537 0.025000 0.134259
1 0.297135 0.022222 0.021354 0.122222
7 0.327344 0.029167 0.031771 0.071296
1 0.171615 0.250000 0.025521 0.155556
7 0.651563 0.082407 0.031250 0.109259
1 0.176823 0.821759 0.039062 0.237963
1 0.138021 0.796296 0.056250 0.248148
1 0.277865 0.164352 0.030729 0.158333
1 0.181250 0.127778 0.028125 0.153704
1 0.200521 0.182870 0.027083 0.162037
1 0.857292 0.644907 0.038542 0.195370
1 0.163542 0.194444 0.027083 0.157407
1 0.202865 0.164815 0.026562 0.162963
1 0.129167 0.200000 0.032292 0.146296
1 0.135156 0.182870 0.029687 0.162037
1 0.155990 0.161574 0.029687 0.163889
1 0.150781 0.141667 0.026562 0.150000
1 0.117708 0.174074 0.020833 0.159259
1 0.470052 0.043519 0.025521 0.150000
1 0.228906 0.233333 0.029687 0.170370
1 0.256771 0.237037 0.031250 0.175926
1 0.936979 0.420370 0.038542 0.198148
1 0.864062 0.390278 0.032292 0.182407
1 0.794010 0.045833 0.029687 0.136111
1 0.921094 0.250926 0.035937 0.155556
1 0.896094 0.114352 0.026562 0.150926
1 0.866406 0.107407 0.029687 0.161111
1 0.959896 0.244907 0.036458 0.169444
1 0.224219 0.082407 0.023438 0.146296
1 0.196354 0.087963 0.027083 0.131481
1 0.710938 -0.037500 0.026042 0.121296
7 0.647135 0.072222 0.033854 0.087037
1 0.652344 0.076389 0.033854 0.084259
