0 0.846354 0.654630 0.052083 0.214815
0 0.357812 0.651389 0.040625 0.228704
0 0.916146 0.517130 0.039583 0.195370
0 0.495312 0.980556 0.041667 0.132407
0 0.351042 0.816667 0.036458 0.231481
2 0.377865 0.242593 0.040104 0.103704
2 0.367969 0.325463 0.029687 0.112037
0 0.432552 0.208333 0.039062 0.157407
0 0.337240 0.125463 0.020313 0.128704
0 0.195052 0.236111 0.025521 0.155556
0 0.174740 0.239352 0.034896 0.176852
0 0.406510 0.141204 0.027604 0.147222
0 0.399740 0.116667 0.026562 0.155556
2 0.651563 0.081481 0.031250 0.109259
0 0.306250 0.187963 0.030208 0.157407
0 0.202344 0.177315 0.025521 0.158333
0 0.163021 0.193981 0.026042 0.154630
0 0.196094 0.162037 0.024479 0.161111
0 0.138021 0.200000 0.026042 0.153704
0 0.124479 0.181019 0.023958 0.171296
0 0.140104 0.165278 0.025000 0.160185
0 0.180208 0.150926 0.026042 0.150000
0 0.118750 0.169444 0.020833 0.159259
0 0.172656 0.722222 0.042188 0.231481
0 0.525781 0.519444 0.034896 0.209259
0 0.482031 0.536111 0.034896 0.209259
0 0.729688 0.978241 0.051042 0.131481
0 0.936198 0.740278 0.046354 0.215741
0 0.969010 0.700463 0.041146 0.234259
0 0.754687 0.076389 0.026042 0.137963
0 0.899740 0.132407 0.026562 0.155556
0 0.838542 0.105093 0.028125 0.141667
0 0.786458 0.153704 0.030208 0.144444
0 0.585417 0.074537 0.029167 0.141667
0 0.235937 0.389815 0.028125 0.188889
0 0.193490 0.393056 0.042188 0.165741
0 0.225000 0.135648 0.031250 0.160185
0 0.264844 0.248611 0.031771 0.173148
0 0.224740 0.242593 0.028646 0.166667
0 0.257292 0.225926 0.029167 0.159259
