1 0.779167 0.655556 0.046875 0.229630
1 0.256250 0.220833 0.037500 0.189815
1 0.140625 0.651852 0.048958 0.235185
1 0.915625 0.519907 0.040625 0.193519
1 0.510156 0.971759 0.044271 0.245370
1 0.350260 0.819907 0.039062 0.230556
7 0.377865 0.242593 0.040104 0.103704
7 0.367969 0.325463 0.029687 0.112037
1 0.429427 0.218519 0.030729 0.161111
1 0.777344 0.091667 0.027604 0.133333
1 0.581771 0.159722 0.026042 0.147222
1 0.545312 0.171759 0.031250 0.167593
1 0.280990 0.179167 0.025521 0.158333
1 0.504427 0.149537 0.031771 0.163889
1 0.069531 0.410648 0.025521 0.173148
1 0.051823 0.393056 0.042188 0.187963
1 0.447656 0.457407 0.047396 0.198148
1 0.481510 0.459722 0.040104 0.178704
1 0.446094 0.174074 0.031771 0.142593
1 0.402083 0.172685 0.023958 0.156481
1 0.380469 0.072685 0.026562 0.149074
1 0.297135 0.022685 0.021354 0.123148
7 0.327344 0.029167 0.031771 0.071296
1 0.138542 0.470370 0.030208 0.181481
7 0.651563 0.082407 0.031250 0.109259
1 0.300260 0.491667 0.033854 0.194444
1 0.258073 0.488426 0.032813 0.208333
1 0.275521 -0.037963 0.026042 0.122222
1 0.250260 -0.034722 0.023438 0.128704
1 0.294010 0.136574 0.023438 0.154630
1 0.179167 0.122685 0.027083 0.149074
1 0.197917 0.182407 0.026042 0.161111
1 0.423958 0.409259 0.032292 0.172222
1 0.163021 0.199074 0.027083 0.157407
1 0.189323 0.165741 0.022396 0.162963
1 0.129167 0.195370 0.027083 0.148148
1 0.140625 0.176852 0.023958 0.170370
1 0.159896 0.165741 0.028125 0.142593
1 0.152083 0.142593 0.028125 0.153704
1 0.117188 0.174074 0.020833 0.159259
1 0.461458 -0.010185 0.018750 0.133333
1 0.223438 0.094444 0.029167 0.150000
1 0.223698 0.509722 0.040104 0.210185
1 0.980469 0.616204 0.033854 0.204630
1 0.882812 0.103241 0.029167 0.141667
1 0.809635 -0.000463 0.026562 0.123148
1 0.176302 0.881481 0.050521 0.255556
1 0.186719 0.807870 0.046354 0.239815
1 0.226562 -0.026852 0.021875 0.124074
1 0.202604 -0.025926 0.022917 0.124074
1 0.718750 -0.033796 0.028125 0.130556
7 0.645833 0.076852 0.032292 0.088889
1 0.650781 0.076852 0.035937 0.085185
