1 0.788802 0.556944 0.024479 0.113889
1 0.862760 0.542130 0.020313 0.082407
1 0.973958 0.662963 0.041667 0.162963
1 0.833333 0.520833 0.016667 0.080556
1 0.231771 0.561574 0.018750 0.104630
1 0.255990 0.564352 0.020313 0.104630
1 0.325260 0.535648 0.014063 0.075000
1 0.310677 0.538426 0.013021 0.069444
1 0.347396 0.523611 0.015625 0.075000
1 0.327604 0.533796 0.014583 0.078704
1 0.827604 0.489815 0.010417 0.042593
1 0.711458 0.492593 0.010417 0.050000
1 0.819271 0.490741 0.008333 0.044444
1 0.555208 0.470370 0.006250 0.025926
1 0.304948 0.520370 0.010937 0.070370
1 0.317969 0.519907 0.009896 0.075000
1 0.638021 0.471296 0.008333 0.037037
1 0.416146 0.491667 0.009375 0.046296
1 0.435417 0.495833 0.009375 0.049074
1 0.402344 0.490741 0.010937 0.044444
1 0.837240 0.492130 0.011979 0.045370
1 0.777083 0.484722 0.010417 0.047222
