1 0.846354 0.654630 0.052083 0.214815
1 0.358333 0.648148 0.041667 0.229630
1 0.916146 0.517130 0.039583 0.195370
1 0.480729 0.983796 0.044792 0.226852
1 0.351042 0.816667 0.036458 0.231481
7 0.377865 0.242593 0.040104 0.103704
7 0.367969 0.325463 0.029687 0.112037
1 0.434115 0.209259 0.040104 0.159259
1 0.336979 0.125463 0.020833 0.128704
1 0.194792 0.236111 0.025000 0.155556
1 0.173698 0.239352 0.036979 0.176852
1 0.405729 0.141667 0.028125 0.146296
1 0.398958 0.116667 0.028125 0.155556
1 0.301302 0.017130 0.027604 0.121296
7 0.327344 0.029167 0.031771 0.071296
1 0.272135 -0.019444 0.022396 0.114815
7 0.651563 0.081481 0.031250 0.109259
1 0.306250 0.188426 0.030208 0.158333
1 0.174740 0.049074 0.023438 0.138889
1 0.200000 0.177778 0.025000 0.159259
1 0.163021 0.193056 0.026042 0.154630
1 0.193490 0.161111 0.024479 0.161111
1 0.137500 0.199074 0.027083 0.155556
1 0.127865 0.180556 0.024479 0.168519
1 0.146875 0.165741 0.025000 0.161111
1 0.175000 0.150000 0.026042 0.150000
1 0.118750 0.170370 0.020833 0.159259
1 0.467187 -0.025463 0.026042 0.147222
1 0.164323 0.686574 0.043229 0.225000
1 0.537760 0.558796 0.047396 0.217593
1 0.492448 0.574074 0.035937 0.214815
1 0.747135 1.010185 0.045312 0.162963
1 0.959115 0.748611 0.052604 0.223148
1 0.997135 0.699537 0.043229 0.237963
1 0.799219 0.081481 0.032813 0.148148
1 0.749479 0.087500 0.025000 0.143519
1 0.890365 0.110648 0.026562 0.147222
1 0.833073 0.081481 0.024479 0.133333
1 0.782813 0.137037 0.030208 0.140741
1 0.578385 0.047685 0.028646 0.143519
1 0.433073 -0.040278 0.020313 0.117593
1 0.393490 0.003241 0.022396 0.125000
1 0.264583 0.049074 0.023958 0.122222
1 0.238281 0.366204 0.027604 0.186111
1 0.197656 0.368519 0.041146 0.168519
1 0.203646 0.135185 0.026042 0.159259
1 0.228646 -0.002778 0.025000 0.125926
1 0.212500 -0.022222 0.020833 0.111111
1 0.145833 0.047685 0.027083 0.128704
1 0.263021 0.227778 0.030208 0.168519
1 0.230990 0.223148 0.029687 0.161111
1 0.258854 0.205556 0.027083 0.155556
1 0.411198 -0.003241 0.023438 0.128704
