1 0.845052 0.654630 0.049479 0.214815
1 0.256250 0.609259 0.044792 0.222222
1 0.915885 0.518981 0.050521 0.193519
1 0.488802 0.979167 0.039062 0.239815
1 0.351042 0.816667 0.036458 0.231481
7 0.377865 0.242593 0.040104 0.103704
7 0.367969 0.325463 0.029687 0.112037
1 0.433594 0.213889 0.032813 0.157407
1 0.505729 -0.028704 0.025000 0.127778
1 0.336979 0.125926 0.020833 0.129630
1 0.155208 0.301389 0.030208 0.169444
1 0.127865 0.297222 0.027604 0.187037
1 0.608073 1.001389 0.052604 0.199074
1 0.636458 1.007407 0.041667 0.185185
1 0.403385 0.148148 0.021354 0.140741
1 0.402865 0.121759 0.026562 0.158333
1 0.297917 0.020370 0.022917 0.122222
7 0.327344 0.029167 0.031771 0.071296
1 0.265885 0.126852 0.023438 0.142593
7 0.651563 0.082407 0.031250 0.109259
1 0.300781 0.185185 0.031771 0.161111
1 0.163281 0.065278 0.026562 0.139815
1 0.200260 0.183333 0.025521 0.159259
1 0.163021 0.193056 0.025000 0.156481
1 0.196354 0.164352 0.026042 0.158333
1 0.131510 0.199074 0.024479 0.148148
1 0.122656 0.181019 0.026562 0.167593
1 0.151562 0.166204 0.029167 0.162037
1 0.157031 0.142593 0.027604 0.151852
1 0.118229 0.174074 0.020833 0.159259
1 0.471875 -0.002315 0.026042 0.149074
1 0.191406 0.397222 0.034896 0.190741
1 0.258854 0.076389 0.030208 0.154630
1 0.780469 0.967130 0.045312 0.230556
1 0.736979 0.985185 0.044792 0.214815
1 0.858854 0.250000 0.034375 0.168519
1 0.798698 0.243519 0.028646 0.162963
1 0.786458 0.071296 0.030208 0.131481
1 0.821094 -0.000926 0.027604 0.140741
1 0.783333 -0.012963 0.026042 0.142593
1 0.257031 0.177778 0.023438 0.161111
1 0.235677 0.182870 0.027604 0.143519
1 0.179167 0.035185 0.026042 0.129630
1 0.228385 0.069444 0.029687 0.142593
1 0.196875 0.062500 0.026042 0.141667
1 0.845833 -0.009259 0.015625 0.075926
1 0.628646 0.046759 0.036458 0.134259
