1 0.643750 0.359259 0.031250 0.142593
1 0.463542 0.352315 0.030208 0.149074
1 0.198958 0.414815 0.097917 0.370370
1 0.509635 0.356481 0.028646 0.137037
1 0.575781 0.335648 0.016146 0.063889
1 0.639062 0.366667 0.023958 0.192593
1 0.341667 0.341667 0.020833 0.094444
1 0.633333 0.370370 0.026042 0.175926
1 0.162240 0.366667 0.027604 0.133333
1 0.123958 0.366204 0.038542 0.145370
1 0.525781 0.333796 0.014063 0.058333
1 0.290625 0.367593 0.027083 0.150000
1 0.543229 0.326852 0.009375 0.038889
1 0.531250 0.325463 0.009375 0.041667
7 0.484635 0.350000 0.024479 0.061111
7 0.503906 0.354167 0.021354 0.063889
1 0.386719 0.334259 0.015104 0.066667
1 0.367708 0.325926 0.014583 0.075926
1 0.370833 0.338426 0.012500 0.060185
1 0.386458 0.327315 0.011458 0.058333
