1 0.845052 0.654630 0.049479 0.214815
1 0.248958 -0.017130 0.031250 0.163889
1 0.220312 0.605093 0.057292 0.228704
1 0.916667 0.518519 0.051042 0.192593
1 0.457552 0.975926 0.039062 0.238889
1 0.351042 0.816667 0.036458 0.231481
7 0.377865 0.242593 0.040104 0.103704
7 0.367969 0.325463 0.029687 0.112037
1 0.433333 0.213889 0.032292 0.157407
1 0.498437 -0.038889 0.025000 0.120370
1 0.338021 0.125926 0.020833 0.129630
1 0.164844 0.288426 0.029687 0.165741
1 0.138021 0.284722 0.031250 0.182407
1 0.587240 1.032407 0.052604 0.137037
1 0.635417 1.034722 0.048958 0.132407
1 0.402865 0.145370 0.024479 0.140741
1 0.403906 0.125000 0.027604 0.157407
1 0.298438 0.020370 0.023958 0.122222
7 0.327344 0.029167 0.031771 0.071296
1 0.263021 0.104167 0.022917 0.134259
7 0.651563 0.082407 0.031250 0.109259
1 0.305990 0.183333 0.025521 0.162963
1 0.170573 0.049537 0.026562 0.139815
1 0.200000 0.183333 0.025000 0.159259
1 0.163021 0.193519 0.025000 0.155556
1 0.194531 0.168981 0.026562 0.156481
1 0.129688 0.199074 0.028125 0.148148
1 0.122135 0.181019 0.026562 0.167593
1 0.150000 0.168056 0.029167 0.162037
1 0.156771 0.141667 0.027083 0.151852
1 0.118229 0.174074 0.020833 0.159259
1 0.472917 -0.010648 0.026042 0.149074
1 0.181510 0.426852 0.035937 0.196296
1 0.256510 0.056944 0.027604 0.149074
1 0.741146 0.907407 0.050000 0.233333
1 0.693750 0.926852 0.044792 0.227778
1 0.863021 0.229167 0.037500 0.171296
1 0.789583 0.228704 0.027083 0.159259
1 0.786458 0.071296 0.030208 0.131481
1 0.813542 -0.015741 0.027083 0.137037
1 0.768490 -0.027778 0.025521 0.138889
1 0.263542 0.199537 0.022917 0.163889
1 0.234896 0.202778 0.035417 0.150000
1 0.157031 0.042593 0.027604 0.131481
1 0.224479 0.083333 0.028125 0.148148
1 0.196354 0.079167 0.026042 0.141667
1 0.229687 0.070833 0.022917 0.141667
1 0.842187 -0.005556 0.021875 0.079630
1 0.583594 0.027315 0.038021 0.132407
