0 0.845573 0.654630 0.050521 0.214815
0 0.289062 0.640278 0.040625 0.230556
0 0.915365 0.517130 0.043229 0.191667
0 0.474740 0.991667 0.045312 0.216667
0 0.351042 0.816667 0.036458 0.231481
2 0.377865 0.242593 0.040104 0.103704
2 0.367969 0.325463 0.029687 0.112037
0 0.423698 0.205556 0.032813 0.157407
0 0.336979 0.125463 0.020833 0.128704
0 0.185677 0.259722 0.027604 0.158333
0 0.154688 0.254630 0.029167 0.181481
0 0.403646 0.145370 0.025000 0.138889
0 0.404687 0.118981 0.028125 0.158333
0 0.299740 0.018981 0.025521 0.121296
2 0.327344 0.029167 0.031771 0.071296
0 0.252083 0.043056 0.021875 0.130556
2 0.651563 0.081481 0.031250 0.109259
0 0.299219 0.187500 0.032813 0.160185
0 0.174740 0.049074 0.023438 0.138889
0 0.200000 0.180556 0.025000 0.159259
0 0.163021 0.192593 0.026042 0.155556
0 0.194531 0.170370 0.024479 0.161111
0 0.134896 0.200463 0.025000 0.150926
0 0.121615 0.180093 0.025521 0.169444
0 0.147917 0.165278 0.029167 0.162037
0 0.167448 0.151852 0.027604 0.151852
0 0.118229 0.174074 0.020833 0.159259
0 0.467187 -0.025463 0.026042 0.147222
0 0.177604 0.536111 0.039583 0.205556
0 0.228125 -0.034722 0.030208 0.128704
0 0.621094 0.734722 0.049479 0.243519
0 0.584635 0.752315 0.040104 0.237963
0 0.837760 0.160185 0.032813 0.161111
0 0.772917 0.154630 0.026042 0.150000
0 0.813021 0.024074 0.030208 0.125926
0 0.797656 -0.006944 0.022396 0.121296
0 0.792969 0.083333 0.029687 0.135185
0 0.382031 -0.036111 0.021354 0.118519
0 0.282031 -0.025926 0.019271 0.122222
0 0.251563 0.265741 0.027083 0.170370
0 0.224479 0.268981 0.034375 0.156481
0 0.146354 0.046759 0.025000 0.130556
0 0.253646 0.141204 0.029167 0.154630
0 0.223177 0.140278 0.028646 0.154630
0 0.252344 0.119444 0.025521 0.142593
0 0.453906 -0.000463 0.030729 0.132407
