1 0.776042 0.562500 0.022917 0.110185
1 0.852865 0.543981 0.017188 0.080556
1 0.941927 0.647685 0.035937 0.156481
1 0.998698 0.654167 0.038021 0.156481
1 0.819271 0.526852 0.015625 0.075926
1 0.236979 0.577778 0.018750 0.100000
1 0.263542 0.578704 0.018750 0.100000
1 0.328646 0.550000 0.013542 0.072222
1 0.314323 0.549537 0.011979 0.069444
1 0.350521 0.536574 0.015625 0.067593
1 0.824740 0.501852 0.009896 0.042593
1 0.706250 0.501852 0.012500 0.044444
1 0.816406 0.500926 0.009896 0.046296
1 0.557813 0.487037 0.007292 0.025926
1 0.309375 0.539815 0.009375 0.072222
1 0.321354 0.533333 0.009375 0.061111
1 0.635677 0.486574 0.007812 0.034259
1 0.415625 0.508796 0.008333 0.043519
1 0.435677 0.513889 0.008854 0.046296
1 0.403125 0.508333 0.010417 0.046296
1 0.834635 0.500000 0.010937 0.044444
1 0.774740 0.492130 0.011979 0.047222
