0 0.634375 0.355556 0.031250 0.138889
0 0.463021 0.346759 0.030208 0.145370
0 0.152083 0.446296 0.114583 0.509259
0 0.217188 0.388889 0.078125 0.322222
0 0.502083 0.353241 0.029167 0.136111
0 0.555469 0.325926 0.015104 0.059259
0 0.607031 0.358796 0.029687 0.171296
0 0.328385 0.337500 0.021354 0.100926
0 0.610417 0.356019 0.027083 0.160185
0 0.733073 0.356481 0.018229 0.112963
0 0.512760 0.326389 0.014063 0.058333
0 0.305208 0.355093 0.021875 0.136111
0 0.527604 0.322222 0.009375 0.038889
2 0.470052 0.342593 0.027604 0.061111
2 0.488021 0.348611 0.019792 0.056481
0 0.392448 0.326852 0.015104 0.066667
0 0.373177 0.324537 0.015104 0.075000
0 0.359896 0.321759 0.012500 0.060185
0 0.377083 0.315278 0.011458 0.058333
