1 0.595313 0.325926 0.032292 0.137037
1 0.414062 0.326852 0.032292 0.161111
1 0.448958 0.332407 0.029167 0.146296
1 0.618229 0.309259 0.030208 0.107407
1 0.757812 0.379630 0.057292 0.396296
1 0.368229 0.317593 0.020833 0.103704
1 0.731510 0.375463 0.050521 0.339815
1 0.527344 0.302778 0.015104 0.064815
1 0.079427 0.403704 0.053646 0.312963
1 0.116667 0.311111 0.016667 0.077778
1 0.556771 0.300463 0.012500 0.052778
1 0.544010 0.297222 0.010937 0.051852
7 0.477865 0.331944 0.024479 0.084259
7 0.495833 0.335648 0.025000 0.082407
1 0.316406 0.297685 0.011979 0.045370
1 0.323698 0.299074 0.010937 0.046296
1 0.335417 0.295833 0.010417 0.039815
1 0.341146 0.293519 0.010417 0.042593
1 0.386458 0.310185 0.011458 0.057407
1 0.351042 0.294444 0.010417 0.035185
1 0.357552 0.293981 0.009896 0.032407
