1 0.868490 0.575463 0.035937 0.123148
1 0.706771 0.569907 0.026042 0.119444
1 0.099219 0.569907 0.015104 0.071296
1 0.620833 0.558796 0.022917 0.095370
1 0.575260 0.535185 0.013021 0.066667
1 0.025000 0.571759 0.010417 0.071296
1 0.434115 0.502315 0.007812 0.043519
1 0.091146 0.568981 0.011458 0.075000
1 0.091927 0.577315 0.013021 0.069444
1 0.031771 0.573148 0.013542 0.077778
1 0.044010 0.565741 0.015104 0.079630
1 0.519531 0.518981 0.014063 0.058333
1 0.509896 0.520833 0.011458 0.060185
1 0.575521 0.536574 0.013542 0.065741
1 0.586198 0.530093 0.011979 0.075000
1 0.497917 0.518056 0.011458 0.049074
1 0.600521 0.531019 0.015625 0.075000
1 0.543229 0.518519 0.015625 0.064815
1 0.557031 0.512500 0.013021 0.060185
1 0.488802 0.522222 0.011979 0.062963
1 0.465365 0.521296 0.011979 0.053704
