1 0.841927 0.656019 0.033854 0.219444
1 0.251042 0.074074 0.033333 0.162963
1 0.440885 0.676852 0.040104 0.238889
1 0.915885 0.521296 0.040104 0.198148
1 0.558594 0.981481 0.043229 0.237037
1 0.351042 0.816667 0.036458 0.231481
7 0.377865 0.242593 0.040104 0.103704
7 0.367969 0.325463 0.029687 0.112037
1 0.421354 0.213889 0.030208 0.157407
1 0.530729 0.031019 0.027083 0.137963
1 0.498177 0.023148 0.028646 0.148148
1 0.317969 0.129630 0.018229 0.137037
1 0.105729 0.379167 0.034375 0.178704
1 0.077083 0.356481 0.028125 0.190741
1 0.535156 0.804167 0.064062 0.239815
1 0.568750 0.805556 0.042708 0.212963
1 0.405208 0.148148 0.023958 0.135185
1 0.413281 0.157870 0.027604 0.154630
1 0.297135 0.022222 0.021354 0.122222
7 0.327344 0.029167 0.031771 0.071296
1 0.209635 0.221296 0.027604 0.151852
7 0.651563 0.082407 0.031250 0.109259
1 0.157292 0.897222 0.041667 0.240741
1 0.126042 0.868056 0.050000 0.258333
1 0.284635 0.177778 0.030729 0.159259
1 0.166927 0.115741 0.022396 0.151852
1 0.200521 0.182870 0.027083 0.162037
1 0.954427 0.714352 0.036979 0.199074
1 0.163802 0.193519 0.026562 0.157407
1 0.199219 0.166204 0.023438 0.163889
1 0.128646 0.200000 0.031250 0.146296
1 0.128385 0.182407 0.027604 0.161111
1 0.161458 0.163426 0.029167 0.160185
1 0.146354 0.146759 0.026042 0.145370
1 0.117708 0.174074 0.020833 0.159259
1 0.472135 0.031019 0.025521 0.149074
1 0.217708 0.274537 0.031250 0.176852
1 0.257292 0.190741 0.033333 0.168519
1 0.900260 0.371759 0.038021 0.184259
1 0.841927 0.348611 0.028646 0.175000
1 0.788542 0.063426 0.029167 0.130556
1 0.939063 0.285185 0.036458 0.159259
1 0.880208 0.081481 0.027083 0.150000
1 0.849479 0.075463 0.028125 0.158333
1 0.997396 0.307407 0.036458 0.177778
1 0.222396 0.108333 0.023958 0.148148
1 0.197917 0.113889 0.027083 0.137037
1 0.201302 -0.031481 0.023438 0.118519
1 0.221094 -0.018056 0.026562 0.141667
1 0.275260 -0.029630 0.023438 0.133333
7 0.647396 0.071759 0.033333 0.086111
