1 0.851042 0.566667 0.025000 0.114815
1 0.749219 0.558333 0.021354 0.112963
1 0.180469 0.538889 0.015104 0.064815
1 0.624740 0.536111 0.018229 0.083333
1 0.637500 0.520370 0.011458 0.057407
1 0.289062 0.493981 0.006250 0.032407
1 0.131510 0.537963 0.009896 0.057407
1 0.471094 0.489352 0.009896 0.043519
1 0.175000 0.538426 0.009375 0.065741
1 0.177344 0.547222 0.011979 0.061111
1 0.125521 0.539352 0.012500 0.067593
1 0.146875 0.534722 0.012500 0.062037
1 0.503385 0.508333 0.010937 0.053704
1 0.566406 0.507407 0.011979 0.055556
1 0.555729 0.510185 0.011458 0.057407
1 0.653906 0.514352 0.011979 0.069444
1 0.601823 0.503241 0.009896 0.056481
1 0.616927 0.504167 0.015104 0.060185
1 0.512760 0.507407 0.013021 0.057407
1 0.516406 0.506944 0.011979 0.047222
