0 0.766146 0.579167 0.023958 0.145370
0 0.073177 0.588426 0.018229 0.089815
0 0.709896 0.596296 0.032292 0.135185
0 0.578906 0.542593 0.018229 0.081481
0 0.458594 0.501852 0.009896 0.046296
0 0.633333 0.521296 0.014583 0.077778
0 0.064323 0.590278 0.014063 0.086111
0 0.063802 0.602315 0.015104 0.084259
0 0.576562 0.543981 0.017708 0.082407
0 0.208333 0.512037 0.008333 0.033333
0 0.591406 0.537963 0.016146 0.090741
0 0.605208 0.532407 0.018750 0.083333
0 0.552604 0.519444 0.016667 0.064815
0 0.569271 0.514815 0.012500 0.066667
0 0.486198 0.520833 0.013021 0.062037
