0 0.845313 0.654630 0.050000 0.214815
0 0.217708 0.612963 0.036458 0.229630
0 0.916146 0.518519 0.050000 0.192593
0 0.454167 0.981481 0.042708 0.137037
0 0.351042 0.816667 0.036458 0.231481
2 0.377865 0.242593 0.040104 0.103704
2 0.367969 0.325463 0.029687 0.112037
0 0.430729 0.211111 0.023958 0.161111
0 0.336979 0.125926 0.020833 0.129630
0 0.172917 0.278241 0.029167 0.165741
0 0.147135 0.272685 0.029687 0.182407
0 0.402865 0.145370 0.024479 0.140741
0 0.404167 0.124074 0.028125 0.157407
0 0.260156 0.087500 0.022396 0.128704
2 0.651563 0.081481 0.031250 0.109259
0 0.306510 0.183333 0.026562 0.162963
0 0.200000 0.182407 0.025000 0.159259
0 0.163021 0.193519 0.025000 0.155556
0 0.193750 0.165278 0.025000 0.160185
0 0.130729 0.198611 0.026042 0.150926
0 0.121875 0.180093 0.026042 0.169444
0 0.149219 0.168056 0.028646 0.162037
0 0.157292 0.141667 0.027083 0.151852
0 0.118229 0.174074 0.020833 0.159259
0 0.174219 0.449074 0.038021 0.192593
0 0.708594 0.871759 0.050521 0.250926
0 0.664844 0.885185 0.045312 0.234259
0 0.852865 0.215741 0.035937 0.170370
0 0.783594 0.205556 0.027604 0.155556
0 0.786458 0.072222 0.030208 0.131481
0 0.265365 0.212963 0.024479 0.162963
0 0.235417 0.216204 0.032292 0.149074
0 0.227604 0.095370 0.028125 0.148148
0 0.197135 0.091204 0.026562 0.141667
0 0.229167 0.076852 0.023958 0.140741
