1 0.646615 0.515741 0.009896 0.053704
1 0.762240 0.570833 0.023438 0.112037
1 0.738542 0.564815 0.021875 0.096296
1 0.717969 0.571759 0.014063 0.102778
1 0.728125 0.571759 0.022917 0.100926
1 0.637240 0.518519 0.014063 0.064815
1 0.692708 0.882407 0.061458 0.301852
1 0.684896 0.831019 0.061458 0.278704
1 0.553646 0.733796 0.042708 0.237963
1 0.752083 0.570833 0.017708 0.093519
1 0.576562 0.748148 0.045833 0.255556
1 0.657813 0.578241 0.023958 0.108333
1 0.690365 0.577315 0.026562 0.113889
1 0.899740 0.649537 0.033854 0.165741
1 0.707031 0.793981 0.045312 0.252778
1 0.928646 0.644444 0.045833 0.148148
1 0.892708 0.622685 0.031250 0.150926
1 0.655990 0.565741 0.025521 0.098148
