0 0.844792 0.654630 0.048958 0.214815
0 0.276302 0.608333 0.045312 0.222222
0 0.915625 0.518981 0.050000 0.193519
0 0.499479 0.978241 0.038542 0.141667
0 0.351042 0.816667 0.036458 0.231481
2 0.377865 0.242593 0.040104 0.103704
2 0.367969 0.325463 0.029687 0.112037
0 0.433333 0.213426 0.033333 0.156481
0 0.334115 0.126389 0.019271 0.130556
0 0.152604 0.306944 0.030208 0.169444
0 0.123958 0.300000 0.029167 0.187037
0 0.610156 0.993056 0.052604 0.114815
0 0.637240 0.997222 0.041146 0.105556
0 0.402604 0.145833 0.022917 0.141667
0 0.405469 0.122222 0.026562 0.157407
0 0.266406 0.132870 0.023438 0.143519
2 0.651563 0.082407 0.031250 0.109259
0 0.299219 0.185648 0.031771 0.160185
0 0.200260 0.183333 0.025521 0.159259
0 0.163021 0.193056 0.025000 0.156481
0 0.199219 0.163889 0.025521 0.159259
0 0.133333 0.198611 0.023958 0.147222
0 0.122135 0.181019 0.026562 0.167593
0 0.151302 0.166204 0.028646 0.162037
0 0.157031 0.144444 0.027604 0.151852
0 0.118229 0.174074 0.020833 0.159259
0 0.193750 0.387963 0.034375 0.190741
0 0.259375 0.087500 0.031250 0.154630
0 0.797917 0.988889 0.045833 0.117593
0 0.754167 0.999537 0.039583 0.100926
0 0.860938 0.263889 0.033333 0.172222
0 0.801042 0.250463 0.028125 0.163889
0 0.786458 0.071296 0.030208 0.131481
0 0.254427 0.170370 0.023438 0.161111
0 0.232552 0.176389 0.027604 0.141667
