0 0.853646 0.696759 0.042708 0.225000
0 0.254167 0.156944 0.035417 0.178704
0 0.350000 0.631481 0.050000 0.227778
0 0.915365 0.519907 0.041146 0.193519
0 0.531250 0.967130 0.046875 0.163889
0 0.351042 0.816667 0.036458 0.231481
2 0.377865 0.242593 0.040104 0.103704
2 0.367969 0.325463 0.029687 0.112037
0 0.429427 0.218519 0.030729 0.161111
0 0.541406 0.117593 0.027604 0.148148
0 0.510938 0.106481 0.031250 0.161111
0 0.274740 0.148148 0.025521 0.155556
0 0.070052 0.410648 0.026562 0.173148
0 0.054427 0.392130 0.036979 0.186111
0 0.464062 0.571296 0.043750 0.212963
0 0.496354 0.577778 0.037500 0.196296
0 0.406250 0.159259 0.030208 0.114815
0 0.382552 0.163426 0.028646 0.154630
0 0.121615 0.354167 0.027604 0.169444
2 0.651563 0.082407 0.031250 0.109259
0 0.247917 0.634259 0.036458 0.211111
0 0.193750 0.622685 0.047917 0.228704
0 0.295573 0.135185 0.028646 0.151852
0 0.181771 0.127315 0.032292 0.150926
0 0.200521 0.180556 0.027083 0.162963
0 0.600260 0.522222 0.039062 0.185185
0 0.160938 0.195833 0.027083 0.156481
0 0.194271 0.163426 0.026042 0.162037
0 0.128906 0.201852 0.028646 0.144444
0 0.133594 0.187037 0.032813 0.157407
0 0.148958 0.155556 0.029167 0.161111
0 0.147917 0.142130 0.025000 0.152778
0 0.117708 0.174074 0.020833 0.159259
0 0.236979 0.153704 0.029167 0.161111
0 0.252083 0.363889 0.042708 0.194444
0 0.944271 0.496296 0.035417 0.192593
0 0.940625 0.175926 0.034375 0.150000
0 0.947656 0.135648 0.032813 0.154630
0 0.872135 0.106019 0.038021 0.154630
2 0.646615 0.075463 0.032813 0.086111
0 0.651042 0.075926 0.034375 0.083333
