1 0.935417 0.702315 0.051042 0.225000
1 0.922917 0.570833 0.028125 0.093519
1 0.865625 0.560185 0.018750 0.103704
1 0.005729 0.615278 0.028125 0.137963
1 0.035677 0.618981 0.031771 0.139815
1 0.113281 0.607407 0.024479 0.122222
1 0.086198 0.609722 0.024479 0.113889
1 0.174479 0.573611 0.020833 0.102778
1 0.146354 0.601852 0.023958 0.131481
1 0.758594 0.520833 0.011979 0.050926
1 0.686458 0.529167 0.013542 0.067593
1 0.746875 0.517593 0.010417 0.053704
1 0.434635 0.484259 0.007812 0.029630
1 0.117969 0.552315 0.018229 0.082407
1 0.296094 0.506944 0.008854 0.043519
1 0.102604 0.593519 0.019792 0.125926
1 0.572656 0.490278 0.009896 0.039815
1 0.782813 0.515741 0.015625 0.062963
1 0.316927 0.512963 0.009896 0.059259
1 0.326302 0.518981 0.010937 0.058333
1 0.283594 0.512037 0.009896 0.057407
1 0.306250 0.505556 0.010417 0.055556
1 0.738021 0.511111 0.012500 0.057407
1 0.601302 0.503704 0.009896 0.044444
1 0.607292 0.506944 0.008333 0.045370
1 0.680469 0.507870 0.011979 0.049074
1 0.673698 0.511111 0.010937 0.050000
1 0.070573 0.604167 0.016146 0.099074
1 0.782552 0.512500 0.011979 0.058333
1 0.744531 0.512500 0.010937 0.054630
1 0.765104 0.514815 0.010417 0.053704
1 0.686719 0.502778 0.011979 0.048148
