1 0.733333 0.637037 0.053125 0.224074
1 0.238802 0.302778 0.039062 0.201852
1 0.073177 0.621296 0.048438 0.229630
1 0.916146 0.519907 0.039583 0.193519
1 0.526563 0.974074 0.035417 0.251852
1 0.353646 0.820833 0.052083 0.232407
7 0.377865 0.242593 0.040104 0.103704
7 0.367969 0.325463 0.029687 0.112037
1 0.429688 0.218519 0.031250 0.161111
1 0.790104 0.131481 0.027083 0.137037
1 0.652083 0.211111 0.023958 0.151852
1 0.623698 0.220833 0.035937 0.169444
1 0.291667 0.201852 0.029167 0.146296
1 0.477344 0.240741 0.043229 0.172222
1 0.069271 0.410648 0.025000 0.173148
1 0.079687 0.392593 0.030208 0.187037
1 0.408073 0.355093 0.035937 0.184259
1 0.434635 0.361574 0.035937 0.169444
1 0.565625 0.204630 0.028125 0.146296
1 0.480729 0.186111 0.023958 0.157407
1 0.380469 0.071296 0.027604 0.150000
1 0.296354 0.021296 0.021875 0.124074
7 0.327344 0.029167 0.031771 0.071296
1 0.136198 0.603241 0.030729 0.189815
7 0.651563 0.082407 0.031250 0.109259
1 0.329948 0.374074 0.030729 0.175926
1 0.288021 0.383333 0.035417 0.194444
1 0.252083 0.016204 0.026042 0.137963
1 0.221094 0.017130 0.023438 0.147222
1 0.293490 0.136574 0.024479 0.154630
1 0.222135 0.112500 0.033854 0.147222
1 0.198958 0.178241 0.027083 0.162037
1 0.293490 0.302315 0.029687 0.154630
1 0.164062 0.195370 0.027083 0.157407
1 0.187500 0.163889 0.022917 0.161111
1 0.124479 0.193519 0.028125 0.151852
1 0.147135 0.172685 0.026562 0.169444
1 0.156510 0.154630 0.028646 0.155556
1 0.152604 0.142593 0.028125 0.153704
1 0.117188 0.174074 0.020833 0.159259
1 0.483854 -0.040741 0.021875 0.116667
1 0.191406 0.029167 0.027604 0.149074
1 0.236458 0.695833 0.047917 0.234259
1 0.814844 0.031481 0.028646 0.125926
1 0.052344 0.700000 0.059896 0.225926
7 0.645833 0.076852 0.032292 0.092593
