1 0.843490 0.653704 0.046354 0.216667
1 0.258333 0.037963 0.031250 0.164815
1 0.374479 0.634722 0.050000 0.237963
1 0.916146 0.518519 0.040625 0.194444
1 0.540104 0.979630 0.039583 0.240741
1 0.351042 0.816667 0.036458 0.231481
7 0.377865 0.242593 0.040104 0.103704
7 0.367969 0.325463 0.029687 0.112037
1 0.433073 0.213889 0.030729 0.157407
1 0.520573 0.004630 0.025521 0.131481
1 0.492708 -0.001389 0.028125 0.141667
1 0.333333 0.126852 0.020833 0.131481
1 0.131510 0.341204 0.031771 0.175000
1 0.097917 0.328704 0.030208 0.190741
1 0.583073 0.901389 0.063021 0.243519
1 0.620833 0.902315 0.052083 0.228704
1 0.402865 0.145370 0.021354 0.140741
1 0.439583 0.132407 0.025000 0.151852
1 0.297135 0.021296 0.021354 0.122222
7 0.327344 0.029167 0.031771 0.071296
1 0.256771 0.177778 0.025000 0.146296
7 0.651563 0.082407 0.031250 0.109259
1 0.150781 0.993519 0.043229 0.211111
1 0.182031 0.950926 0.050521 0.253704
1 0.304167 0.184722 0.025000 0.160185
1 0.168490 0.090741 0.029687 0.148148
1 0.200521 0.183333 0.027083 0.161111
1 0.163021 0.193056 0.025000 0.156481
1 0.196094 0.162963 0.025521 0.162963
1 0.125260 0.199537 0.026562 0.147222
1 0.120052 0.179167 0.026562 0.167593
1 0.163281 0.167130 0.027604 0.152778
1 0.157031 0.144444 0.026562 0.148148
1 0.467708 0.018056 0.026042 0.149074
1 0.210938 0.326852 0.034375 0.177778
1 0.265625 0.136574 0.031250 0.162037
1 0.879687 0.317130 0.040625 0.184259
1 0.826823 0.300926 0.028646 0.170370
1 0.786458 0.070370 0.030208 0.131481
1 0.983333 0.331019 0.035417 0.163889
1 0.870052 0.042593 0.027604 0.140741
1 0.822135 0.032870 0.027604 0.152778
1 0.233854 0.137500 0.022917 0.154630
1 0.209375 0.145370 0.027083 0.138889
1 0.198177 0.002778 0.024479 0.125926
1 0.235677 0.021759 0.028646 0.145370
1 0.202865 0.015278 0.026562 0.141667
7 0.647135 0.070833 0.032813 0.084259
