0 0.853385 0.689352 0.049479 0.225000
0 0.259896 0.154630 0.035417 0.177778
0 0.366406 0.625926 0.047396 0.224074
0 0.915365 0.519907 0.041146 0.193519
0 0.532552 0.971296 0.046354 0.157407
0 0.351042 0.816667 0.036458 0.231481
2 0.377865 0.242593 0.040104 0.103704
2 0.367969 0.325463 0.029687 0.112037
0 0.429167 0.218519 0.030208 0.159259
0 0.538802 0.112037 0.027604 0.148148
0 0.508854 0.100000 0.033333 0.159259
0 0.267448 0.143519 0.025521 0.155556
0 0.070052 0.410648 0.026562 0.173148
0 0.054688 0.392130 0.036458 0.186111
0 0.468750 0.584722 0.051042 0.212037
0 0.501042 0.589352 0.040625 0.193519
0 0.407031 0.163889 0.032813 0.105556
0 0.384896 0.162037 0.031250 0.153704
0 0.119792 0.339815 0.028125 0.164815
2 0.651563 0.082407 0.031250 0.109259
0 0.241146 0.656944 0.036458 0.217593
0 0.185417 0.634259 0.044792 0.220370
0 0.299740 0.137037 0.029687 0.151852
0 0.182292 0.127315 0.031250 0.150926
0 0.200521 0.180556 0.027083 0.162963
0 0.622396 0.534722 0.033333 0.187963
0 0.161979 0.195370 0.027083 0.157407
0 0.192448 0.162037 0.026562 0.159259
0 0.129688 0.202315 0.032292 0.143519
0 0.135156 0.191667 0.035937 0.146296
0 0.151042 0.155556 0.029167 0.161111
0 0.147396 0.141667 0.025000 0.151852
0 0.117708 0.174074 0.020833 0.159259
0 0.235677 0.161111 0.026562 0.161111
0 0.255729 0.343056 0.039583 0.187963
0 0.933073 0.487500 0.035937 0.191667
0 0.940104 0.181481 0.033333 0.150000
0 0.944271 0.137963 0.035417 0.153704
0 0.870052 0.118519 0.030729 0.153704
2 0.646615 0.075000 0.032813 0.087037
0 0.651302 0.075926 0.033854 0.083333
