1 0.733333 0.637037 0.053125 0.224074
1 0.244271 0.278704 0.038542 0.198148
1 0.072917 0.626852 0.044792 0.229630
1 0.915885 0.519907 0.040104 0.193519
1 0.505990 0.965741 0.035937 0.264815
1 0.353125 0.820833 0.050000 0.232407
7 0.377865 0.242593 0.040104 0.103704
7 0.367969 0.325463 0.029687 0.112037
1 0.429427 0.218519 0.030729 0.161111
1 0.790104 0.131481 0.027083 0.137037
1 0.631771 0.193981 0.021875 0.154630
1 0.594531 0.202778 0.029687 0.168519
1 0.281510 0.194444 0.023438 0.162963
1 0.491927 0.209722 0.039062 0.165741
1 0.069271 0.410648 0.025000 0.173148
1 0.071094 0.392130 0.031771 0.186111
1 0.419792 0.388426 0.037500 0.187963
1 0.449219 0.391204 0.036979 0.176852
1 0.520052 0.186574 0.018229 0.143519
1 0.439063 0.177778 0.033333 0.157407
1 0.380729 0.072222 0.027083 0.150000
1 0.295833 0.022222 0.021875 0.124074
7 0.327344 0.029167 0.031771 0.071296
1 0.128646 0.556481 0.031250 0.187037
7 0.651563 0.082407 0.031250 0.109259
1 0.324740 0.411574 0.030729 0.184259
1 0.281771 0.414352 0.035417 0.200926
1 0.259375 -0.003241 0.026042 0.137963
1 0.221354 -0.005093 0.022917 0.145370
1 0.293490 0.136574 0.024479 0.154630
1 0.201823 0.116204 0.026562 0.150926
1 0.198958 0.179167 0.027083 0.162037
1 0.320573 0.340278 0.028646 0.162037
1 0.164583 0.194907 0.027083 0.156481
1 0.188021 0.164352 0.022917 0.158333
1 0.124479 0.193519 0.028125 0.151852
1 0.146615 0.172685 0.025521 0.165741
1 0.160417 0.157407 0.029167 0.155556
1 0.152604 0.142593 0.028125 0.153704
1 0.117188 0.174074 0.020833 0.159259
1 0.472917 -0.036111 0.018750 0.125926
1 0.195312 0.056481 0.028125 0.148148
1 0.227604 0.631019 0.047917 0.226852
1 0.833073 0.058333 0.029687 0.133333
1 0.099479 0.750926 0.055208 0.235185
1 0.066667 0.693981 0.050000 0.226852
7 0.645833 0.076852 0.032292 0.090741
