1 0.589063 0.379630 0.035417 0.151852
1 0.524219 0.363426 0.028646 0.134259
1 0.503125 0.361111 0.031250 0.151852
1 0.781250 0.594907 0.126042 0.667593
1 0.938281 0.603704 0.138021 0.694444
1 0.370312 0.366204 0.051042 0.186111
1 0.533854 0.362037 0.022917 0.120370
1 0.545573 0.332870 0.009896 0.041667
1 0.032292 0.377778 0.046875 0.177778
1 0.570312 0.356481 0.026042 0.124074
1 0.289844 0.350000 0.025521 0.111111
1 0.870573 0.462037 0.086979 0.438889
1 0.579427 0.356481 0.019271 0.107407
1 0.632812 0.356944 0.017708 0.106481
1 0.294271 0.349537 0.025000 0.130556
1 0.279948 0.353704 0.021354 0.112963
1 0.147396 0.323148 0.014583 0.070370
1 0.160417 0.348148 0.020833 0.107407
7 0.485938 0.346296 0.018750 0.050000
1 0.169010 0.326389 0.017188 0.071296
1 0.429167 0.333796 0.011458 0.056481
1 0.418490 0.336111 0.008854 0.059259
1 0.395052 0.332407 0.011979 0.048148
