1 0.853385 0.687963 0.050521 0.225926
1 0.261458 0.154630 0.035417 0.177778
1 0.369010 0.625463 0.045312 0.223148
1 0.915365 0.519907 0.041146 0.193519
1 0.533073 0.972685 0.046354 0.256481
1 0.351042 0.816667 0.036458 0.231481
7 0.377865 0.242593 0.040104 0.103704
7 0.367969 0.325463 0.029687 0.112037
1 0.428906 0.218519 0.029687 0.159259
1 0.767969 0.008796 0.026562 0.121296
1 0.538281 0.111111 0.027604 0.148148
1 0.508594 0.099537 0.033854 0.158333
1 0.265885 0.142593 0.025521 0.155556
1 0.493750 0.038889 0.030208 0.140741
1 0.070052 0.410648 0.026562 0.173148
1 0.054948 0.392130 0.035937 0.186111
1 0.470313 0.587500 0.053125 0.212037
1 0.502083 0.591204 0.040625 0.191667
1 0.407292 0.165278 0.033333 0.104630
1 0.385677 0.162037 0.031771 0.153704
1 0.386198 0.058796 0.025521 0.136111
1 0.297135 0.022685 0.021354 0.123148
7 0.327344 0.029167 0.031771 0.071296
1 0.119792 0.337500 0.028125 0.163889
7 0.651563 0.082407 0.031250 0.109259
1 0.240365 0.662500 0.035937 0.219444
1 0.183854 0.636111 0.043750 0.218519
1 0.300781 0.137963 0.029687 0.151852
1 0.182552 0.127315 0.030729 0.150926
1 0.200521 0.181481 0.027083 0.162963
1 0.627083 0.537037 0.031250 0.188889
1 0.161979 0.195370 0.027083 0.157407
1 0.192448 0.162037 0.026562 0.159259
1 0.129948 0.203241 0.032813 0.143519
1 0.135677 0.193056 0.036979 0.143519
1 0.151562 0.156481 0.029167 0.161111
1 0.147656 0.141667 0.025521 0.151852
1 0.117708 0.174074 0.020833 0.159259
1 0.445312 0.039815 0.030208 0.148148
1 0.235417 0.162963 0.026042 0.161111
1 0.256510 0.341667 0.039062 0.187037
1 0.931250 0.485648 0.035417 0.191667
1 0.813021 0.000926 0.029167 0.137037
1 0.940104 0.182407 0.032292 0.150000
1 0.944792 0.137963 0.035417 0.153704
1 0.871354 0.120370 0.031250 0.153704
1 0.323177 1.032870 0.045312 0.134259
1 0.232031 0.034722 0.025521 0.126852
1 0.204687 0.036574 0.033333 0.128704
1 0.721875 -0.035185 0.032292 0.127778
7 0.646615 0.075000 0.032813 0.087037
1 0.651302 0.075926 0.033854 0.083333
