1 0.576562 0.387963 0.035417 0.151852
1 0.516146 0.373148 0.027083 0.133333
1 0.492708 0.372222 0.023958 0.142593
1 0.778125 0.601852 0.120833 0.651852
1 0.920052 0.632870 0.154688 0.700926
1 0.364063 0.370833 0.032292 0.180556
1 0.524479 0.368519 0.022917 0.120370
1 0.023177 0.384722 0.042188 0.178704
1 0.560937 0.365741 0.025000 0.120370
1 0.277344 0.353704 0.025521 0.111111
1 0.815104 0.457870 0.071875 0.399074
1 0.620313 0.365278 0.017708 0.106481
1 0.292187 0.355093 0.025000 0.125000
1 0.277865 0.357870 0.021354 0.110185
1 0.139844 0.326852 0.013021 0.070370
1 0.154688 0.348148 0.020833 0.105556
7 0.475521 0.351852 0.018750 0.050000
1 0.167187 0.331481 0.015625 0.066667
1 0.419271 0.340741 0.011458 0.057407
1 0.408854 0.339352 0.009375 0.058333
1 0.375781 0.340741 0.010937 0.051852
1 0.386198 0.338426 0.011979 0.047222
