1 0.840625 0.657407 0.033333 0.220370
1 0.251042 0.075926 0.033333 0.162963
1 0.442969 0.678704 0.040104 0.240741
1 0.915885 0.521296 0.040104 0.198148
1 0.558594 0.981481 0.043229 0.237037
1 0.351042 0.816667 0.036458 0.231481
7 0.377865 0.242593 0.040104 0.103704
7 0.367969 0.325463 0.029687 0.112037
1 0.420833 0.213889 0.029167 0.157407
1 0.530729 0.031019 0.027083 0.137963
1 0.498177 0.024074 0.028646 0.148148
1 0.316927 0.129630 0.018229 0.137037
1 0.105208 0.381019 0.034375 0.178704
1 0.076823 0.357407 0.028646 0.188889
1 0.532813 0.800926 0.063542 0.240741
1 0.567187 0.800463 0.042708 0.210185
1 0.405208 0.147685 0.023958 0.134259
1 0.411198 0.159722 0.027604 0.154630
1 0.297135 0.022222 0.021354 0.122222
7 0.327344 0.029167 0.031771 0.071296
1 0.207552 0.222222 0.027604 0.151852
7 0.651563 0.082407 0.031250 0.109259
1 0.157812 0.893519 0.041667 0.240741
1 0.125521 0.864352 0.050000 0.258333
1 0.284375 0.177315 0.030208 0.160185
1 0.167187 0.115741 0.021875 0.151852
1 0.200521 0.182870 0.027083 0.162037
1 0.951302 0.710648 0.034896 0.199074
1 0.163802 0.193519 0.026562 0.157407
1 0.199219 0.166204 0.023438 0.163889
1 0.128646 0.200000 0.031250 0.146296
1 0.128646 0.182407 0.028125 0.161111
1 0.160938 0.163426 0.029167 0.160185
1 0.145313 0.146759 0.026042 0.145370
1 0.117708 0.174074 0.020833 0.159259
1 0.472656 0.031944 0.025521 0.149074
1 0.217708 0.273611 0.031250 0.176852
1 0.258073 0.193519 0.032813 0.168519
1 0.902083 0.375000 0.038542 0.185185
1 0.842708 0.350926 0.029167 0.175926
1 0.788542 0.062963 0.029167 0.129630
1 0.938021 0.283333 0.036458 0.159259
1 0.881250 0.083796 0.027083 0.150926
1 0.850521 0.077315 0.028125 0.158333
1 0.995833 0.304167 0.036458 0.176852
1 0.221875 0.106944 0.023958 0.147222
1 0.197656 0.112963 0.027604 0.137037
1 0.201302 -0.032407 0.023438 0.118519
1 0.221615 -0.020833 0.026562 0.141667
1 0.275781 -0.030556 0.023438 0.133333
7 0.647396 0.071759 0.033333 0.086111
