1 0.620573 0.342593 0.032813 0.137037
1 0.460677 0.328241 0.027604 0.139815
1 0.400781 0.362037 0.051562 0.231481
1 0.948958 0.578241 0.126042 0.745370
1 0.202865 0.356019 0.053646 0.245370
1 0.498698 0.333796 0.025521 0.126852
1 0.529167 0.307870 0.012500 0.054630
1 0.568490 0.330093 0.022396 0.149074
1 0.294531 0.320833 0.021354 0.100926
1 0.576562 0.337037 0.020833 0.137037
1 0.648177 0.320833 0.018229 0.110185
1 0.054948 0.364352 0.061979 0.256481
1 0.030208 0.380556 0.055208 0.220370
1 0.344010 0.328241 0.020313 0.104630
1 0.330469 0.324537 0.023438 0.110185
1 0.314063 0.340278 0.022917 0.121296
1 0.003646 0.310648 0.017708 0.093519
7 0.456250 0.317593 0.020833 0.050000
7 0.470313 0.328704 0.018750 0.055556
1 0.375781 0.303704 0.013021 0.066667
1 0.358594 0.314352 0.013021 0.056481
