1 0.735938 0.637500 0.053125 0.223148
1 0.223958 0.451852 0.044792 0.216667
1 0.074740 0.624074 0.043229 0.231481
1 0.916406 0.519907 0.039062 0.193519
1 0.631771 1.003241 0.039583 0.193519
1 0.354687 0.820833 0.052083 0.232407
7 0.377865 0.242593 0.040104 0.103704
7 0.367969 0.325463 0.029687 0.112037
1 0.429688 0.218519 0.031250 0.161111
1 0.972917 0.318519 0.034375 0.175926
1 0.788281 0.132407 0.027604 0.135185
1 0.840104 0.300000 0.028125 0.164815
1 0.797396 0.298148 0.031250 0.177778
1 0.518229 0.265741 0.042708 0.162963
1 0.546354 0.229167 0.040625 0.167593
1 0.114323 0.431481 0.033854 0.179630
1 0.119271 0.410648 0.031250 0.193519
1 0.466927 0.216204 0.028646 0.167593
1 0.488542 0.220370 0.025000 0.150000
1 0.552083 -0.008333 0.023958 0.112963
1 0.533594 -0.008796 0.022396 0.110185
1 0.742188 0.287500 0.025000 0.156481
1 0.720313 0.250463 0.025000 0.156481
1 0.380469 0.070833 0.027604 0.150926
1 0.392188 -0.030093 0.020833 0.100926
1 0.297135 0.020833 0.021354 0.121296
7 0.327344 0.029167 0.031771 0.071296
1 0.013802 0.862037 0.036979 0.220370
7 0.647396 0.082870 0.038542 0.108333
1 0.271094 0.229167 0.027604 0.163889
1 0.275260 0.240741 0.046354 0.174074
1 0.247917 0.128241 0.023958 0.152778
1 0.226823 0.139352 0.026562 0.152778
1 0.292448 0.136574 0.022396 0.154630
1 0.267708 0.112963 0.027083 0.148148
1 0.198958 0.179630 0.027083 0.164815
1 0.211979 0.152778 0.025000 0.142593
1 0.161458 0.192593 0.027083 0.157407
1 0.188802 0.161111 0.025521 0.161111
1 0.124219 0.194444 0.024479 0.151852
1 0.144010 0.170370 0.024479 0.166667
1 0.143229 0.156944 0.030208 0.156481
1 0.151562 0.142593 0.028125 0.153704
1 0.118750 0.174074 0.020833 0.159259
1 0.486458 -0.045833 0.019792 0.106481
1 0.223698 1.017593 0.045312 0.166667
7 0.648177 0.053241 0.033854 0.123148
