0 0.845052 0.654630 0.049479 0.214815
0 0.217708 0.605556 0.059375 0.227778
0 0.916667 0.518519 0.051042 0.192593
0 0.454948 0.975000 0.039062 0.144444
0 0.351042 0.816667 0.036458 0.231481
2 0.377865 0.242593 0.040104 0.103704
2 0.367969 0.325463 0.029687 0.112037
0 0.433333 0.213889 0.031250 0.157407
0 0.338021 0.125926 0.020833 0.129630
0 0.166667 0.287963 0.029167 0.166667
0 0.139323 0.284259 0.030729 0.183333
0 0.402865 0.145370 0.024479 0.140741
0 0.404167 0.125000 0.028125 0.157407
0 0.263021 0.102315 0.022917 0.134259
2 0.651563 0.082407 0.031250 0.109259
0 0.305990 0.183333 0.025521 0.162963
0 0.200000 0.182407 0.025000 0.159259
0 0.163021 0.193519 0.025000 0.155556
0 0.194531 0.168981 0.026562 0.156481
0 0.129688 0.199537 0.028125 0.149074
0 0.121875 0.180556 0.026042 0.168519
0 0.149479 0.168056 0.029167 0.162037
0 0.156771 0.141667 0.027083 0.151852
0 0.118229 0.174074 0.020833 0.159259
0 0.180990 0.429630 0.035937 0.196296
0 0.736458 0.900463 0.048958 0.215741
0 0.688021 0.919444 0.045833 0.194444
0 0.861719 0.227315 0.036979 0.171296
0 0.789062 0.224537 0.027083 0.158333
0 0.786458 0.072222 0.030208 0.131481
0 0.264062 0.201389 0.022917 0.163889
0 0.234896 0.203704 0.033333 0.150000
0 0.224479 0.086111 0.028125 0.148148
0 0.195573 0.081944 0.025521 0.141667
0 0.230208 0.071759 0.022917 0.141667
