1 0.821354 0.676389 0.037500 0.228704
1 0.251042 0.118056 0.036458 0.171296
1 0.445573 0.658796 0.047396 0.232407
1 0.909896 0.519444 0.052083 0.192593
1 0.556250 0.974074 0.046875 0.244444
1 0.351042 0.816667 0.036458 0.231481
7 0.377865 0.242593 0.040104 0.103704
7 0.367969 0.325463 0.029687 0.112037
1 0.430469 0.216204 0.023438 0.158333
1 0.537760 0.071296 0.026562 0.144444
1 0.502083 0.061574 0.030208 0.149074
1 0.284375 0.124537 0.021875 0.149074
1 0.472396 -0.014352 0.027083 0.139815
1 0.075521 0.409722 0.028125 0.175000
1 0.061198 0.386574 0.028646 0.187963
1 0.497917 0.685648 0.059375 0.226852
1 0.534375 0.694444 0.045833 0.205556
1 0.405990 0.152778 0.026562 0.127778
1 0.384896 0.161111 0.025000 0.155556
1 0.397917 -0.004167 0.025000 0.134259
1 0.297135 0.022222 0.021354 0.122222
7 0.327344 0.029167 0.031771 0.071296
1 0.157552 0.275463 0.027604 0.160185
7 0.651563 0.082407 0.031250 0.109259
1 0.192448 0.771296 0.036979 0.227778
1 0.148698 0.752778 0.049479 0.242593
1 0.285156 0.153241 0.029687 0.156481
1 0.184896 0.127778 0.029167 0.150000
1 0.200521 0.182407 0.027083 0.162963
1 0.792448 0.612500 0.038021 0.191667
1 0.163542 0.194444 0.027083 0.157407
1 0.198177 0.165278 0.027604 0.160185
1 0.129427 0.200000 0.032813 0.146296
1 0.136198 0.180093 0.031771 0.160185
1 0.150000 0.160648 0.030208 0.160185
1 0.150521 0.142130 0.028125 0.150926
1 0.117708 0.174074 0.020833 0.159259
1 0.468750 0.046759 0.028125 0.150926
1 0.237760 0.209722 0.029687 0.162037
1 0.253125 0.266204 0.035417 0.176852
1 0.961979 0.442593 0.044792 0.194444
1 0.874740 0.414352 0.032813 0.184259
1 0.799219 0.033796 0.029687 0.136111
1 0.915885 0.233796 0.032813 0.152778
1 0.913542 0.132407 0.026042 0.153704
1 0.886719 0.128241 0.032813 0.160185
1 0.929427 0.201389 0.039062 0.160185
1 0.227344 0.070833 0.022396 0.145370
1 0.200521 0.068981 0.029167 0.125000
1 0.720573 -0.035648 0.027604 0.123148
7 0.646875 0.073148 0.033333 0.087037
1 0.651563 0.076389 0.034375 0.084259
