1 0.599219 0.330093 0.029687 0.132407
1 0.415625 0.330556 0.032292 0.161111
1 0.455208 0.337963 0.029167 0.146296
1 0.617448 0.310648 0.022396 0.104630
1 0.746875 0.378704 0.058333 0.385185
1 0.366146 0.319444 0.020833 0.103704
1 0.721615 0.374537 0.049479 0.325000
1 0.528385 0.303704 0.014063 0.064815
1 0.099479 0.396296 0.053125 0.294444
1 0.123438 0.304630 0.015625 0.079630
1 0.555729 0.296759 0.012500 0.052778
1 0.543750 0.295370 0.010417 0.051852
7 0.478646 0.333796 0.023958 0.082407
7 0.495312 0.335648 0.025000 0.080556
1 0.336979 0.290278 0.010417 0.037963
1 0.341146 0.291667 0.010417 0.042593
1 0.385937 0.317130 0.011458 0.058333
1 0.350521 0.288889 0.009375 0.035185
