1 0.828906 0.680556 0.038021 0.225926
1 0.250260 0.128241 0.034896 0.173148
1 0.433333 0.644907 0.043750 0.226852
1 0.915365 0.519907 0.041146 0.193519
1 0.553125 0.974537 0.046875 0.243519
1 0.351042 0.816667 0.036458 0.231481
7 0.377865 0.242593 0.040104 0.103704
7 0.367969 0.325463 0.029687 0.112037
1 0.428385 0.218056 0.025521 0.158333
1 0.778385 -0.031944 0.026562 0.121296
1 0.538281 0.082407 0.026562 0.144444
1 0.502604 0.067130 0.030208 0.149074
1 0.279948 0.123148 0.021354 0.153704
1 0.477083 -0.006019 0.027083 0.139815
1 0.072396 0.409722 0.028125 0.171296
1 0.059896 0.388426 0.028125 0.186111
1 0.491927 0.662037 0.061979 0.222222
1 0.526042 0.666667 0.041667 0.201852
1 0.405729 0.150926 0.025000 0.135185
1 0.384375 0.160185 0.027083 0.155556
1 0.394271 0.015278 0.025000 0.134259
1 0.297135 0.022222 0.021354 0.122222
7 0.327344 0.029167 0.031771 0.071296
1 0.144792 0.290741 0.025000 0.164815
7 0.651563 0.082407 0.031250 0.109259
1 0.200260 0.743056 0.036979 0.228704
1 0.155208 0.718519 0.047917 0.231481
1 0.286458 0.147685 0.027083 0.160185
1 0.183073 0.127778 0.029687 0.150000
1 0.200521 0.182407 0.027083 0.162963
1 0.744010 0.600000 0.052604 0.188889
1 0.163021 0.194444 0.027083 0.157407
1 0.193490 0.163889 0.025521 0.161111
1 0.128906 0.200926 0.028646 0.144444
1 0.135937 0.177778 0.030208 0.162963
1 0.153125 0.159722 0.030208 0.160185
1 0.149219 0.143519 0.026562 0.151852
1 0.117708 0.174074 0.020833 0.159259
1 0.462500 0.050463 0.026042 0.150926
1 0.238281 0.192593 0.029687 0.159259
1 0.250260 0.282870 0.039062 0.184259
1 0.978906 0.454630 0.044271 0.190741
1 0.885156 0.427778 0.031771 0.185185
1 0.799479 0.025000 0.027083 0.137037
1 0.923958 0.220370 0.030208 0.155556
1 0.930208 0.137963 0.032292 0.155556
1 0.911458 0.137500 0.033333 0.156481
1 0.908854 0.182870 0.035417 0.162037
1 0.230469 0.063426 0.021354 0.136111
1 0.202604 0.065741 0.033333 0.125926
1 0.721094 -0.035185 0.028646 0.124074
7 0.646875 0.073611 0.033333 0.086111
1 0.651563 0.076389 0.034375 0.084259
