1 0.397135 0.375926 0.091146 0.442593
1 0.481510 0.370833 0.090104 0.484259
1 0.203385 0.396296 0.165104 0.675926
1 0.277604 0.390278 0.081250 0.462037
1 0.603125 0.384722 0.066667 0.369444
1 0.688021 0.340278 0.018750 0.110185
1 0.332292 0.333796 0.034375 0.184259
1 0.311458 0.371759 0.041667 0.282407
1 0.553646 0.339815 0.023958 0.114815
1 0.666927 0.337963 0.015104 0.096296
1 0.648177 0.334722 0.014063 0.084259
1 0.796094 0.339815 0.017188 0.096296
1 0.923698 0.342593 0.026562 0.112963
1 0.885938 0.346759 0.017708 0.086111
1 0.899479 0.342593 0.016667 0.087037
1 0.712240 0.332870 0.011979 0.056481
1 0.954427 0.344907 0.018229 0.106481
