1 0.846354 0.650926 0.035417 0.216667
1 0.250521 0.067130 0.033333 0.163889
1 0.432292 0.670370 0.041667 0.235185
1 0.915104 0.519444 0.041667 0.196296
1 0.557813 0.982407 0.043750 0.235185
1 0.351042 0.816667 0.036458 0.231481
7 0.377865 0.242593 0.040104 0.103704
7 0.367969 0.325463 0.029687 0.112037
1 0.423177 0.214352 0.033854 0.156481
1 0.529167 0.029630 0.027083 0.137037
1 0.497656 0.019907 0.028646 0.145370
1 0.321875 0.128241 0.018750 0.136111
1 0.108073 0.373148 0.033854 0.175926
1 0.079687 0.351852 0.027083 0.194444
1 0.544010 0.816204 0.065104 0.237963
1 0.575000 0.824537 0.042708 0.225000
1 0.404687 0.148148 0.023958 0.138889
1 0.420573 0.151852 0.027604 0.155556
1 0.297135 0.022222 0.021354 0.122222
7 0.327344 0.029167 0.031771 0.071296
1 0.218229 0.217130 0.027083 0.150926
7 0.651563 0.082407 0.031250 0.109259
1 0.155208 0.911574 0.041667 0.239815
1 0.128906 0.880093 0.049479 0.258333
1 0.286979 0.180556 0.031250 0.159259
1 0.165885 0.113426 0.024479 0.150926
1 0.200521 0.183333 0.027083 0.161111
1 0.966927 0.729167 0.044271 0.200926
1 0.163542 0.193519 0.026042 0.157407
1 0.199479 0.167130 0.023958 0.160185
1 0.128646 0.200000 0.031250 0.146296
1 0.126823 0.183333 0.027604 0.159259
1 0.163021 0.163426 0.029167 0.160185
1 0.149479 0.146759 0.026042 0.145370
1 0.117708 0.174074 0.020833 0.159259
1 0.470573 0.028241 0.025521 0.149074
1 0.217188 0.280093 0.031250 0.176852
1 0.253646 0.181481 0.034375 0.168519
1 0.893229 0.362037 0.039583 0.183333
1 0.838281 0.340278 0.028646 0.171296
1 0.789844 0.065278 0.028646 0.132407
1 0.943490 0.292130 0.035937 0.162037
1 0.877344 0.074074 0.026562 0.148148
1 0.846354 0.066204 0.028125 0.158333
1 1.004167 0.318981 0.037500 0.178704
1 0.223958 0.113889 0.023958 0.151852
1 0.200000 0.119444 0.026042 0.138889
1 0.201302 -0.025926 0.023438 0.120370
1 0.219010 -0.010648 0.026562 0.141667
1 0.269010 -0.025000 0.023438 0.133333
7 0.647396 0.071759 0.033333 0.086111
