1 0.139323 0.621759 0.019271 0.110185
1 0.590365 0.502778 0.011979 0.050000
1 0.125781 0.624074 0.018229 0.105556
1 0.129427 0.631481 0.017188 0.100000
1 0.122917 0.640741 0.016667 0.101852
1 0.044792 0.634722 0.022917 0.104630
1 0.700521 0.587500 0.026042 0.113889
1 0.736719 0.569444 0.023438 0.107407
1 0.698177 0.563426 0.018229 0.110185
1 0.828906 0.533796 0.017188 0.093519
1 0.722135 0.562037 0.030729 0.118519
1 0.037240 0.636574 0.026562 0.112037
1 0.677604 0.528704 0.014583 0.077778
1 0.687760 0.537500 0.016146 0.078704
1 0.740885 0.563889 0.025521 0.107407
1 0.722656 0.540278 0.015104 0.082407
1 0.641406 0.522222 0.021354 0.064815
1 0.629948 0.514815 0.011979 0.046296
1 0.665365 0.527315 0.014063 0.071296
1 0.654948 0.524074 0.013021 0.064815
