1 0.849740 0.569907 0.033854 0.119444
1 0.715625 0.562963 0.026042 0.112963
1 0.132292 0.552778 0.013542 0.068519
1 0.617708 0.549074 0.020833 0.096296
1 0.596615 0.526852 0.011979 0.062963
1 0.244010 0.501389 0.008854 0.034259
1 0.073958 0.551852 0.010417 0.062963
1 0.446615 0.495370 0.009896 0.044444
1 0.125260 0.553241 0.009896 0.071296
1 0.127604 0.560185 0.012500 0.066667
1 0.070833 0.558333 0.012500 0.068519
1 0.088802 0.548611 0.014063 0.073148
1 0.482292 0.515278 0.014583 0.058333
1 0.534375 0.512037 0.012500 0.055556
1 0.523698 0.513426 0.010937 0.060185
1 0.612240 0.522222 0.014063 0.074074
1 0.564844 0.510648 0.015104 0.063889
1 0.577344 0.508333 0.015104 0.057407
1 0.495312 0.513889 0.012500 0.059259
