1 0.610156 0.364815 0.029687 0.135185
1 0.438542 0.370370 0.030208 0.148148
1 0.224479 0.447685 0.113542 0.436111
1 0.493490 0.373148 0.027604 0.138889
1 0.577083 0.343056 0.015625 0.071296
1 0.648177 0.384259 0.039062 0.231481
1 0.330208 0.358333 0.020833 0.094444
1 0.637760 0.383796 0.033854 0.210185
1 0.028385 0.381481 0.039062 0.144444
1 0.515104 0.342593 0.013542 0.061111
1 0.537240 0.340278 0.010937 0.037963
1 0.524740 0.334259 0.008854 0.044444
7 0.471094 0.363889 0.023438 0.070370
7 0.489323 0.369907 0.022396 0.065741
1 0.347656 0.348148 0.015104 0.066667
1 0.322396 0.350463 0.018750 0.076852
1 0.362500 0.347222 0.012500 0.059259
1 0.369271 0.350463 0.011458 0.058333
