1 0.844792 0.654630 0.048958 0.214815
1 0.265104 0.010185 0.031250 0.174074
1 0.299740 0.609722 0.051562 0.221296
1 0.914583 0.518981 0.048958 0.193519
1 0.516927 0.981944 0.039062 0.232407
1 0.351042 0.816667 0.036458 0.231481
7 0.377865 0.242593 0.040104 0.103704
7 0.367969 0.325463 0.029687 0.112037
1 0.433594 0.213426 0.033854 0.156481
1 0.512760 -0.018056 0.025521 0.130556
1 0.485417 -0.023611 0.027083 0.136111
1 0.333854 0.126852 0.019792 0.131481
1 0.146094 0.315741 0.030729 0.170370
1 0.115625 0.308796 0.036458 0.186111
1 0.605729 0.972222 0.053125 0.238889
1 0.641667 0.978241 0.047917 0.223148
1 0.402865 0.145370 0.022396 0.140741
1 0.412760 0.124074 0.026562 0.159259
1 0.297656 0.021296 0.022396 0.122222
7 0.327344 0.029167 0.031771 0.071296
1 0.271094 0.147222 0.023438 0.144444
7 0.651563 0.082407 0.031250 0.109259
1 0.151042 1.035648 0.043750 0.128704
1 0.194792 1.008333 0.052083 0.183333
1 0.301042 0.183796 0.030208 0.163889
1 0.156771 0.072685 0.030208 0.145370
1 0.200521 0.183333 0.026042 0.159259
1 0.163021 0.193056 0.025000 0.156481
1 0.199219 0.165741 0.024479 0.159259
1 0.133073 0.198611 0.024479 0.147222
1 0.120052 0.181019 0.026562 0.167593
1 0.150521 0.166204 0.029167 0.162037
1 0.157552 0.143519 0.027604 0.151852
1 0.468490 0.004167 0.025521 0.149074
1 0.197135 0.369444 0.033854 0.188889
1 0.265885 0.100000 0.031771 0.161111
1 0.817969 1.005556 0.046354 0.177778
1 0.774740 1.017593 0.041146 0.155556
1 0.865625 0.275463 0.038542 0.175000
1 0.810417 0.260648 0.031250 0.165741
1 0.786458 0.071296 0.030208 0.131481
1 0.839323 0.015741 0.027604 0.140741
1 0.798698 0.006944 0.026562 0.145370
1 0.247396 0.158796 0.023958 0.158333
1 0.228906 0.168056 0.023438 0.139815
1 0.191927 0.028241 0.024479 0.128704
1 0.233854 0.045370 0.030208 0.144444
1 0.197135 0.039352 0.027604 0.141667
7 0.647396 0.054167 0.034375 0.117593
