1 0.691667 0.515278 0.047917 0.280556
1 0.660417 0.487037 0.038542 0.162963
1 0.245052 0.511111 0.055729 0.231481
1 0.543750 0.461111 0.023958 0.112963
1 0.130208 0.505556 0.042708 0.179630
1 0.179167 0.507407 0.032292 0.166667
1 0.405729 0.463426 0.022917 0.108333
1 0.515365 0.461111 0.020313 0.100000
1 0.205208 0.499537 0.034375 0.173148
1 0.492708 0.448611 0.016667 0.078704
1 0.068229 0.451852 0.015625 0.070370
1 0.530208 0.453704 0.015625 0.092593
1 0.342708 0.450463 0.011458 0.060185
1 0.335677 0.449537 0.010937 0.052778
1 0.348958 0.455556 0.011458 0.068519
1 0.321094 0.451389 0.010937 0.056481
1 0.306771 0.446759 0.011458 0.056481
1 0.293750 0.446759 0.010417 0.050926
7 0.751823 0.468981 0.021354 0.099074
