1 0.022396 0.745833 0.025000 0.167593
1 0.672135 0.541667 0.009896 0.051852
1 0.724479 0.534259 0.011458 0.057407
1 0.829427 0.574074 0.019271 0.090741
1 0.803385 0.573611 0.018229 0.082407
1 0.786198 0.583333 0.013021 0.087037
1 0.794271 0.577778 0.017708 0.088889
1 0.715104 0.535648 0.010417 0.054630
1 0.708594 0.530093 0.016146 0.056481
1 0.780729 0.775463 0.044792 0.215741
1 0.834375 0.739352 0.057292 0.200926
1 0.707552 0.693981 0.031771 0.187963
1 0.820573 0.587500 0.017188 0.093519
1 0.725260 0.704630 0.028646 0.205556
1 0.748698 0.585185 0.018229 0.085185
1 0.771615 0.586574 0.022396 0.082407
1 0.889062 0.633796 0.026042 0.130556
1 0.843750 0.722222 0.045833 0.198148
1 0.916406 0.630093 0.023438 0.121296
1 0.892188 0.613426 0.026042 0.119444
1 0.728906 0.584722 0.025521 0.097222
