1 0.591667 0.313426 0.032292 0.141667
1 0.473438 0.306481 0.030208 0.138889
1 0.461198 0.324074 0.036979 0.177778
1 0.839063 0.513426 0.111458 0.675000
1 0.960417 0.520370 0.135417 0.742593
1 0.286979 0.335648 0.051042 0.210185
1 0.492708 0.311111 0.022917 0.122222
1 0.525781 0.276389 0.011979 0.045370
1 0.554167 0.300000 0.029167 0.129630
1 0.558854 0.306019 0.020833 0.121296
1 0.620573 0.295833 0.019271 0.108333
1 0.200521 0.321759 0.036458 0.176852
1 0.176563 0.337500 0.028125 0.156481
1 0.424219 0.304630 0.021354 0.100000
1 0.414844 0.311111 0.025521 0.105556
1 0.331771 0.315278 0.022917 0.121296
1 0.068490 0.293519 0.018229 0.081481
1 0.090885 0.317593 0.025521 0.122222
1 0.097656 0.295833 0.017188 0.071296
1 0.399740 0.286111 0.010937 0.059259
1 0.386198 0.291204 0.009896 0.063889
1 0.353385 0.285185 0.011979 0.053704
1 0.364583 0.285648 0.013542 0.050926
