1 0.467187 0.388889 0.036458 0.155556
1 0.414062 0.372222 0.027083 0.127778
1 0.379948 0.375000 0.025521 0.131481
1 0.789062 0.587500 0.108333 0.606481
1 0.906250 0.582407 0.130208 0.612963
1 0.287760 0.376389 0.042188 0.154630
1 0.424479 0.372222 0.021875 0.112963
1 0.440365 0.360185 0.020313 0.111111
1 0.128385 0.369444 0.027604 0.122222
1 0.574479 0.389815 0.038542 0.209259
1 0.489063 0.359722 0.017708 0.106481
1 0.213542 0.362963 0.020833 0.112963
1 0.201302 0.368056 0.016146 0.087963
1 0.482292 0.352315 0.020833 0.086111
1 0.269531 0.375463 0.017188 0.100926
1 0.246615 0.346296 0.015104 0.057407
1 0.400000 0.346296 0.013542 0.062963
1 0.021875 0.343981 0.012500 0.065741
1 0.046875 0.368056 0.020833 0.099074
7 0.351042 0.360185 0.018750 0.050000
7 0.363021 0.357407 0.015625 0.044444
1 0.055729 0.346759 0.014583 0.063889
