1 0.846615 0.655093 0.052604 0.215741
1 0.366146 0.642593 0.040625 0.225926
1 0.916146 0.518981 0.039583 0.195370
1 0.501823 0.981019 0.041146 0.236111
1 0.351042 0.816667 0.036458 0.231481
7 0.377865 0.242593 0.040104 0.103704
7 0.367969 0.325463 0.029687 0.112037
1 0.431510 0.208333 0.036979 0.157407
1 0.337240 0.125463 0.020313 0.128704
1 0.195833 0.235185 0.027083 0.153704
1 0.181250 0.240741 0.026042 0.177778
1 0.405729 0.141204 0.029167 0.145370
1 0.400000 0.113889 0.027083 0.153704
1 0.302083 0.016667 0.028125 0.122222
7 0.327344 0.029167 0.031771 0.071296
7 0.651563 0.081481 0.031250 0.109259
1 0.300521 0.187500 0.028125 0.156481
1 0.174740 0.050000 0.023438 0.138889
1 0.200521 0.181944 0.028125 0.158333
1 0.164062 0.193981 0.026042 0.154630
1 0.198437 0.158796 0.023958 0.158333
1 0.135417 0.204630 0.029167 0.153704
1 0.126042 0.178704 0.029167 0.168519
1 0.154167 0.162500 0.029167 0.158333
1 0.188021 0.143519 0.026042 0.150000
1 0.119271 0.165741 0.020833 0.159259
1 0.467187 -0.025463 0.026042 0.147222
1 0.191406 0.842593 0.047396 0.244444
1 0.501563 0.417593 0.038542 0.198148
1 0.460156 0.433796 0.036979 0.195370
1 0.665885 0.818056 0.047396 0.250926
1 0.931250 0.743519 0.048958 0.229630
1 0.962500 0.695833 0.036458 0.230556
1 0.782813 0.030093 0.028125 0.136111
1 0.746615 0.033333 0.023438 0.137037
1 0.933854 0.214815 0.034375 0.162963
1 0.869271 0.175463 0.027083 0.150926
1 0.782813 0.203704 0.033333 0.150000
1 0.614062 0.150463 0.029167 0.150926
1 0.443750 -0.019444 0.026042 0.146296
1 0.417187 -0.017593 0.023958 0.142593
1 0.381250 0.011111 0.029167 0.133333
1 0.264323 0.113889 0.026562 0.142593
1 0.220833 0.469907 0.034375 0.195370
1 0.187240 0.476389 0.041146 0.182407
1 0.241146 0.148611 0.027083 0.162037
1 0.237240 0.064352 0.030729 0.136111
1 0.213021 0.037500 0.027083 0.128704
1 0.140625 0.047222 0.027083 0.127778
1 0.237760 0.311111 0.034896 0.177778
1 0.192448 0.305556 0.032813 0.172222
1 0.265625 0.288889 0.032292 0.164815
