1 0.630469 0.512500 0.011979 0.062037
1 0.685677 0.520370 0.009896 0.059259
1 0.801302 0.570370 0.022396 0.111111
1 0.776042 0.566204 0.021875 0.093519
1 0.755469 0.573148 0.014063 0.100000
1 0.768229 0.571759 0.022917 0.099074
1 0.673438 0.522222 0.012500 0.061111
1 0.738542 0.853704 0.052083 0.290741
1 0.745833 0.796759 0.046875 0.256481
1 0.623698 0.712500 0.029687 0.226852
1 0.790885 0.573611 0.017188 0.093519
1 0.651563 0.729630 0.039583 0.237037
1 0.702604 0.581944 0.021875 0.106481
1 0.732292 0.575463 0.026042 0.102778
1 0.922656 0.644907 0.047396 0.156481
1 0.769271 0.768519 0.045833 0.240741
1 0.942708 0.633796 0.032292 0.145370
1 0.915885 0.624074 0.030729 0.150000
1 0.692969 0.568519 0.025521 0.098148
