1 0.733854 0.637037 0.053125 0.224074
1 0.238802 0.329630 0.039062 0.203704
1 0.074479 0.620833 0.041667 0.230556
1 0.916146 0.519907 0.039583 0.193519
1 0.555990 0.964352 0.035937 0.252778
1 0.353646 0.820833 0.052083 0.232407
7 0.377865 0.242593 0.040104 0.103704
7 0.367969 0.325463 0.029687 0.112037
1 0.429688 0.218519 0.031250 0.161111
1 0.789583 0.131481 0.027083 0.137037
1 0.686458 0.230093 0.025000 0.147222
1 0.669531 0.237963 0.028646 0.164815
1 0.315104 0.227778 0.034375 0.155556
1 0.462240 0.268981 0.036979 0.173148
1 0.069010 0.410648 0.024479 0.173148
1 0.079427 0.393056 0.029687 0.187963
1 0.408854 0.324537 0.035417 0.180556
1 0.432292 0.332870 0.031250 0.167593
1 0.606771 0.220370 0.025000 0.148148
1 0.534115 0.201389 0.043229 0.156481
1 0.380469 0.071296 0.027604 0.150000
1 0.297396 0.020370 0.021875 0.124074
7 0.327344 0.029167 0.031771 0.071296
1 0.122656 0.657407 0.031771 0.198148
7 0.651563 0.081944 0.031250 0.108333
1 0.326042 0.336574 0.030208 0.176852
1 0.292187 0.347685 0.033333 0.189815
1 0.249479 0.040278 0.026042 0.137963
1 0.214583 0.038426 0.022917 0.147222
1 0.293229 0.136574 0.025000 0.154630
1 0.242708 0.113426 0.032292 0.150926
1 0.199219 0.179167 0.027604 0.162037
1 0.273438 0.271296 0.029167 0.155556
1 0.164062 0.195370 0.027083 0.157407
1 0.190104 0.162963 0.022917 0.159259
1 0.124479 0.192593 0.028125 0.151852
1 0.146094 0.172222 0.028646 0.170370
1 0.155208 0.152778 0.029167 0.155556
1 0.153125 0.142593 0.028125 0.153704
1 0.117188 0.174074 0.020833 0.159259
1 0.489583 -0.045370 0.021875 0.107407
1 0.197396 0.011111 0.022917 0.142593
1 0.236458 0.765278 0.046875 0.247222
1 0.803125 0.012500 0.025000 0.126852
7 0.645833 0.076852 0.032292 0.094444
