1 0.849479 0.698611 0.040625 0.223148
1 0.249740 0.162500 0.035937 0.180556
1 0.321354 0.639352 0.052083 0.223148
1 0.915365 0.519907 0.041146 0.193519
1 0.526042 0.968981 0.044792 0.252778
1 0.351042 0.816667 0.036458 0.231481
7 0.377865 0.242593 0.040104 0.103704
7 0.367969 0.325463 0.029687 0.112037
1 0.429427 0.218519 0.030729 0.161111
1 0.760156 0.027315 0.026562 0.121296
1 0.543490 0.124074 0.027604 0.148148
1 0.511719 0.115741 0.031771 0.162963
1 0.277083 0.155093 0.026042 0.156481
1 0.496094 0.060648 0.029687 0.141667
1 0.069792 0.411111 0.026042 0.174074
1 0.054167 0.392130 0.037500 0.186111
1 0.464062 0.556481 0.043750 0.211111
1 0.494271 0.559722 0.036458 0.191667
1 0.405990 0.155556 0.023438 0.127778
1 0.382552 0.163889 0.028646 0.155556
1 0.379948 0.072222 0.025521 0.144444
1 0.297135 0.022685 0.021354 0.123148
7 0.327344 0.029167 0.031771 0.071296
1 0.123177 0.366204 0.027604 0.169444
7 0.651563 0.082407 0.031250 0.109259
1 0.256510 0.615741 0.033854 0.214815
1 0.202865 0.602778 0.045312 0.225926
1 0.294531 0.135648 0.026562 0.152778
1 0.182292 0.127778 0.031250 0.151852
1 0.201042 0.179630 0.027083 0.162963
1 0.579948 0.503241 0.030729 0.186111
1 0.161458 0.196759 0.027083 0.156481
1 0.195052 0.164815 0.023438 0.161111
1 0.126823 0.202315 0.029687 0.145370
1 0.132292 0.183796 0.030208 0.163889
1 0.147656 0.155556 0.028646 0.161111
1 0.149479 0.142130 0.026042 0.152778
1 0.117708 0.174074 0.020833 0.159259
1 0.445573 0.029630 0.028646 0.146296
1 0.236719 0.147222 0.029687 0.159259
1 0.251302 0.381019 0.035937 0.195370
1 0.954948 0.513426 0.032813 0.193519
1 0.825781 -0.012037 0.024479 0.135185
1 0.934635 0.165278 0.028646 0.145370
1 0.958073 0.138889 0.034896 0.148148
1 0.865365 0.087963 0.029687 0.150000
1 0.268490 1.037500 0.052604 0.126852
1 0.302865 0.996759 0.054688 0.208333
1 0.233594 0.013889 0.024479 0.127778
1 0.211458 0.022685 0.022917 0.126852
1 0.722396 -0.034259 0.033333 0.129630
7 0.646354 0.075463 0.032292 0.086111
1 0.651042 0.075926 0.034375 0.083333
