0 0.853646 0.689815 0.048958 0.225926
0 0.259375 0.154630 0.035417 0.177778
0 0.365365 0.626389 0.048438 0.225000
0 0.915365 0.519907 0.041146 0.193519
0 0.532552 0.970833 0.046354 0.158333
0 0.351042 0.816667 0.036458 0.231481
2 0.377865 0.242593 0.040104 0.103704
2 0.367969 0.325463 0.029687 0.112037
0 0.429167 0.218519 0.030208 0.159259
0 0.538802 0.112037 0.027604 0.148148
0 0.508854 0.100926 0.033333 0.159259
0 0.267969 0.143519 0.025521 0.155556
0 0.070052 0.410648 0.026562 0.173148
0 0.054688 0.392130 0.036458 0.186111
0 0.467708 0.583333 0.050000 0.212963
0 0.500521 0.588426 0.040625 0.193519
0 0.407031 0.163426 0.032813 0.106481
0 0.384635 0.162037 0.030729 0.153704
0 0.120052 0.341204 0.027604 0.165741
2 0.651563 0.082407 0.031250 0.109259
0 0.241667 0.654630 0.036458 0.216667
0 0.186198 0.633333 0.045312 0.222222
0 0.299219 0.137037 0.029687 0.151852
0 0.182292 0.127315 0.031250 0.150926
0 0.200521 0.180556 0.027083 0.162963
0 0.620313 0.533796 0.034375 0.187963
0 0.161979 0.195370 0.027083 0.157407
0 0.192708 0.162037 0.026042 0.159259
0 0.129427 0.202315 0.031771 0.143519
0 0.135156 0.191204 0.035937 0.147222
0 0.150521 0.155556 0.029167 0.161111
0 0.147396 0.141667 0.025000 0.151852
0 0.117708 0.174074 0.020833 0.159259
0 0.235677 0.160185 0.026562 0.161111
0 0.255208 0.344444 0.039583 0.188889
0 0.934115 0.488426 0.035937 0.191667
0 0.940365 0.180556 0.033854 0.150000
0 0.944271 0.137037 0.035417 0.153704
0 0.869531 0.117593 0.030729 0.153704
2 0.646615 0.075000 0.032813 0.087037
0 0.651302 0.075926 0.033854 0.083333
