0 0.846354 0.654630 0.052083 0.214815
0 0.358333 0.648148 0.041667 0.229630
0 0.916146 0.517130 0.039583 0.195370
0 0.476562 0.984259 0.044792 0.129630
0 0.351042 0.816667 0.036458 0.231481
2 0.377865 0.242593 0.040104 0.103704
2 0.367969 0.325463 0.029687 0.112037
0 0.434635 0.208796 0.040104 0.160185
0 0.336979 0.125463 0.020833 0.128704
0 0.194792 0.236111 0.025000 0.155556
0 0.173437 0.239352 0.037500 0.176852
0 0.405729 0.141667 0.028125 0.146296
0 0.398698 0.116667 0.028646 0.155556
2 0.651563 0.081481 0.031250 0.109259
0 0.306250 0.188426 0.030208 0.158333
0 0.200000 0.177778 0.025000 0.159259
0 0.163021 0.193056 0.026042 0.154630
0 0.192448 0.161111 0.024479 0.161111
0 0.137500 0.199074 0.027083 0.155556
0 0.127083 0.180556 0.025000 0.168519
0 0.148958 0.165741 0.025000 0.161111
0 0.175000 0.150000 0.026042 0.150000
0 0.118750 0.170370 0.020833 0.159259
0 0.162500 0.677778 0.042708 0.222222
0 0.540365 0.564815 0.043229 0.216667
0 0.496875 0.579630 0.035417 0.214815
0 0.971354 0.756944 0.047917 0.228704
0 0.800260 0.086574 0.036979 0.149074
0 0.748958 0.089815 0.025000 0.144444
0 0.886719 0.105093 0.026562 0.145370
0 0.830469 0.077778 0.024479 0.133333
0 0.781771 0.133333 0.030208 0.138889
0 0.239063 0.359259 0.027083 0.183333
0 0.197396 0.358333 0.041667 0.164815
0 0.199479 0.133333 0.026042 0.159259
0 0.262500 0.223148 0.030208 0.166667
0 0.230990 0.213889 0.030729 0.159259
0 0.259375 0.198148 0.027083 0.155556
