0 0.736198 0.637500 0.053646 0.223148
0 0.217708 0.477778 0.042708 0.220370
0 0.074740 0.624074 0.043229 0.231481
0 0.917708 0.520833 0.038542 0.193519
0 0.354687 0.820833 0.052083 0.232407
2 0.377865 0.242593 0.040104 0.103704
2 0.367969 0.325463 0.029687 0.112037
0 0.429688 0.218519 0.031250 0.161111
0 0.955729 0.284259 0.033333 0.164815
0 0.788281 0.132407 0.027604 0.135185
0 0.860677 0.323148 0.030729 0.170370
0 0.818750 0.316667 0.031250 0.177778
0 0.566927 0.273611 0.051562 0.165741
0 0.554948 0.211111 0.035937 0.162963
0 0.126562 0.448148 0.033333 0.179630
0 0.142708 0.424537 0.030208 0.197222
0 0.473438 0.201852 0.031250 0.164815
0 0.489323 0.205093 0.026562 0.147222
0 0.761198 0.300463 0.025521 0.156481
0 0.742969 0.256019 0.024479 0.158333
2 0.643750 0.085648 0.038542 0.104630
0 0.275781 0.212500 0.028646 0.160185
0 0.288802 0.226389 0.053646 0.176852
0 0.253646 0.145833 0.026042 0.158333
0 0.230990 0.157870 0.027604 0.158333
0 0.292187 0.136574 0.021875 0.154630
0 0.268229 0.112963 0.026042 0.148148
0 0.198958 0.179630 0.027083 0.164815
0 0.203906 0.142593 0.024479 0.142593
0 0.162500 0.192593 0.027083 0.157407
0 0.187240 0.160185 0.025521 0.161111
0 0.124740 0.194444 0.023438 0.151852
0 0.148698 0.171296 0.030729 0.166667
0 0.141146 0.156944 0.030208 0.156481
0 0.151562 0.142593 0.028125 0.153704
0 0.119271 0.172222 0.020833 0.162963
