1 0.846615 0.654630 0.052604 0.214815
1 0.358333 0.647685 0.041667 0.226852
1 0.916146 0.518056 0.039583 0.195370
1 0.492969 0.988426 0.042188 0.217593
1 0.351042 0.816667 0.036458 0.231481
7 0.377865 0.242593 0.040104 0.103704
7 0.367969 0.325463 0.029687 0.112037
1 0.432031 0.208333 0.038021 0.157407
1 0.337240 0.125463 0.020313 0.128704
1 0.195573 0.235648 0.026562 0.154630
1 0.174219 0.239815 0.034896 0.177778
1 0.404687 0.139352 0.029167 0.145370
1 0.401042 0.115278 0.023958 0.154630
1 0.302083 0.016667 0.028125 0.122222
7 0.327344 0.029167 0.031771 0.071296
7 0.651563 0.081481 0.031250 0.109259
1 0.303646 0.187963 0.029167 0.157407
1 0.174740 0.050000 0.023438 0.138889
1 0.208073 0.178241 0.027604 0.158333
1 0.163542 0.193981 0.026042 0.154630
1 0.198437 0.164352 0.023958 0.158333
1 0.138802 0.200000 0.027604 0.153704
1 0.126302 0.185185 0.033854 0.162963
1 0.149740 0.162963 0.027604 0.159259
1 0.185677 0.145370 0.025521 0.150000
1 0.119271 0.166667 0.020833 0.159259
1 0.467187 -0.025463 0.026042 0.147222
1 0.184635 0.786111 0.044271 0.238889
1 0.513021 0.465278 0.043750 0.208333
1 0.466406 0.481019 0.032813 0.199074
1 0.689323 0.886574 0.049479 0.247222
1 0.934115 0.742593 0.047396 0.229630
1 0.962500 0.694444 0.036458 0.235185
1 0.790365 0.047222 0.030729 0.137037
1 0.755729 0.053704 0.022917 0.137037
1 0.914844 0.178704 0.026562 0.159259
1 0.855469 0.145370 0.026562 0.148148
1 0.783854 0.180093 0.031250 0.141667
1 0.600260 0.116204 0.028646 0.150926
1 0.437500 -0.025926 0.023958 0.133333
1 0.412760 -0.025463 0.024479 0.137963
1 0.377865 0.029167 0.052604 0.099074
1 0.259635 0.090278 0.027604 0.137963
1 0.226042 0.432870 0.030208 0.191667
1 0.192708 0.435648 0.038542 0.175000
1 0.238542 0.142130 0.034375 0.163889
1 0.232813 0.039815 0.035417 0.133333
1 0.212500 0.017593 0.025000 0.124074
1 0.145833 0.047222 0.027083 0.127778
1 0.254427 0.282870 0.034896 0.176852
1 0.207813 0.279167 0.031250 0.169444
1 0.260417 0.263426 0.031250 0.163889
