1 0.846354 0.657407 0.052083 0.220370
1 0.320573 0.614352 0.032813 0.232407
1 0.916146 0.519907 0.039583 0.195370
1 0.478646 0.982407 0.040625 0.235185
1 0.351042 0.816667 0.036458 0.231481
7 0.377865 0.242593 0.040104 0.103704
7 0.367969 0.325463 0.029687 0.112037
1 0.431510 0.208333 0.036979 0.157407
1 0.337500 0.125000 0.019792 0.127778
1 0.249479 0.237037 0.030208 0.155556
1 0.280990 0.245370 0.039062 0.174074
1 0.404948 0.143519 0.026562 0.148148
1 0.395573 0.108333 0.029687 0.151852
1 0.302083 0.015741 0.028125 0.124074
7 0.327344 0.029167 0.031771 0.071296
7 0.651563 0.081481 0.031250 0.109259
1 0.296615 0.187963 0.029687 0.153704
1 0.169531 0.051389 0.017188 0.139815
1 0.208333 0.176389 0.029167 0.160185
1 0.164583 0.196296 0.026042 0.155556
1 0.198958 0.158796 0.023958 0.160185
1 0.134635 0.206019 0.027604 0.147222
1 0.122396 0.181481 0.035417 0.168519
1 0.151823 0.162963 0.031771 0.157407
1 0.190625 0.148148 0.026042 0.150000
1 0.124740 0.165278 0.020313 0.154630
1 0.467187 -0.025463 0.026042 0.147222
1 0.229948 0.997222 0.051562 0.207407
1 0.505208 0.313426 0.034375 0.184259
1 0.459635 0.319907 0.032813 0.180556
1 0.609115 0.635648 0.045312 0.232407
1 0.886719 0.738426 0.047396 0.217593
1 0.889323 0.702315 0.044271 0.236111
1 0.743229 -0.017593 0.029167 0.133333
1 0.708854 -0.012037 0.022917 0.137037
1 0.983854 0.318519 0.034375 0.174074
1 0.908333 0.276852 0.029167 0.164815
1 0.796615 -0.020833 0.027604 0.147222
1 0.773177 -0.013889 0.024479 0.140741
1 0.784115 0.274074 0.038021 0.151852
1 0.688021 0.256481 0.033333 0.153704
1 0.459375 0.005093 0.028125 0.147222
1 0.430469 -0.007870 0.024479 0.141667
1 0.407552 0.011111 0.026562 0.135185
1 0.260417 0.184722 0.023958 0.147222
1 0.211458 0.578241 0.035417 0.210185
1 0.169792 0.591667 0.046875 0.196296
1 0.241146 0.143981 0.033333 0.158333
1 0.270833 0.135185 0.031250 0.151852
1 0.221094 0.094907 0.032813 0.154630
1 0.248698 0.090741 0.026562 0.140741
1 0.245833 0.034722 0.027083 0.132407
1 0.207031 0.388889 0.038021 0.183333
1 0.170052 0.393519 0.034896 0.188889
1 0.268490 0.384259 0.038021 0.177778
1 0.391146 0.002315 0.032292 0.123148
