1 0.823698 0.664815 0.045312 0.224074
1 0.252344 0.101389 0.038021 0.167593
1 0.441406 0.680556 0.046354 0.240741
1 0.910937 0.518981 0.051042 0.191667
1 0.551823 0.984259 0.046354 0.231481
1 0.351042 0.816667 0.036458 0.231481
7 0.377865 0.242593 0.040104 0.103704
7 0.367969 0.325463 0.029687 0.112037
1 0.430208 0.212963 0.028125 0.161111
1 0.534375 0.057870 0.027083 0.137963
1 0.499219 0.049074 0.027604 0.148148
1 0.292969 0.124537 0.021354 0.145370
1 0.469792 -0.035185 0.027083 0.127778
1 0.089583 0.397222 0.036458 0.175926
1 0.059896 0.382407 0.022917 0.196296
1 0.507552 0.726389 0.058854 0.228704
1 0.543750 0.737037 0.038542 0.212963
1 0.405990 0.155556 0.025521 0.122222
1 0.387240 0.162500 0.031771 0.154630
1 0.394792 -0.025926 0.025000 0.133333
1 0.297135 0.022222 0.021354 0.122222
7 0.327344 0.029167 0.031771 0.071296
1 0.172135 0.249074 0.025521 0.155556
7 0.651563 0.082407 0.031250 0.109259
1 0.176302 0.822685 0.039062 0.237963
1 0.137500 0.797222 0.055208 0.248148
1 0.277865 0.164352 0.030729 0.158333
1 0.180729 0.127315 0.028125 0.152778
1 0.200521 0.182870 0.027083 0.162037
1 0.859635 0.645833 0.038021 0.195370
1 0.163542 0.194444 0.027083 0.157407
1 0.202604 0.163889 0.026042 0.162963
1 0.129167 0.200000 0.032292 0.146296
1 0.134896 0.182870 0.029167 0.162037
1 0.156510 0.161574 0.029687 0.163889
1 0.150781 0.141667 0.026562 0.150000
1 0.117708 0.174074 0.020833 0.159259
1 0.470052 0.043519 0.025521 0.150000
1 0.228385 0.233796 0.029687 0.169444
1 0.257292 0.236111 0.031250 0.175926
1 0.935937 0.419444 0.038542 0.198148
1 0.863802 0.389352 0.031771 0.182407
1 0.794010 0.046759 0.029687 0.136111
1 0.920833 0.251389 0.035417 0.156481
1 0.895573 0.113426 0.026562 0.150926
1 0.865365 0.106481 0.029687 0.161111
1 0.961458 0.246296 0.037500 0.170370
1 0.223698 0.083333 0.023438 0.146296
1 0.196094 0.089352 0.027604 0.132407
1 0.710417 -0.037500 0.026042 0.121296
7 0.647135 0.072222 0.033854 0.087037
1 0.652344 0.076389 0.033854 0.084259
