1 0.650521 0.371296 0.029167 0.129630
1 0.452865 0.376389 0.032813 0.165741
1 0.491146 0.384722 0.031250 0.149074
1 0.838802 0.391667 0.052604 0.225926
1 0.603906 0.347222 0.017188 0.064815
1 0.001302 0.371296 0.026562 0.125926
1 0.627344 0.346759 0.014063 0.071296
7 0.546875 0.392593 0.034375 0.109259
7 0.571615 0.401389 0.035937 0.110185
1 0.366927 0.347685 0.013021 0.052778
1 0.377865 0.347222 0.013021 0.050000
1 0.387240 0.341204 0.013021 0.049074
1 0.428646 0.352778 0.017708 0.057407
1 0.400521 0.342130 0.010417 0.037963
1 0.409896 0.342593 0.011458 0.038889
