0 0.845573 0.654630 0.050521 0.214815
0 0.256510 0.634259 0.044271 0.231481
0 0.915365 0.517593 0.045312 0.190741
0 0.459635 0.989352 0.043229 0.221296
0 0.351042 0.816667 0.036458 0.231481
2 0.377865 0.242593 0.040104 0.103704
2 0.367969 0.325463 0.029687 0.112037
0 0.420052 0.206481 0.028646 0.161111
0 0.336979 0.125463 0.020833 0.128704
0 0.188021 0.261111 0.028125 0.155556
0 0.148438 0.260185 0.030208 0.181481
0 0.403385 0.146296 0.024479 0.138889
0 0.404427 0.120833 0.027604 0.158333
0 0.299479 0.019444 0.025000 0.122222
2 0.327344 0.029167 0.031771 0.071296
0 0.254167 0.060185 0.021875 0.129630
2 0.651563 0.081481 0.031250 0.109259
0 0.302083 0.187963 0.029167 0.161111
0 0.174740 0.049074 0.023438 0.138889
0 0.200000 0.181481 0.025000 0.159259
0 0.163281 0.192593 0.025521 0.155556
0 0.194792 0.166204 0.025000 0.165741
0 0.136198 0.200463 0.025521 0.150926
0 0.121615 0.179630 0.025521 0.170370
0 0.147917 0.165278 0.029167 0.162037
0 0.163542 0.147222 0.027083 0.151852
0 0.118229 0.174074 0.020833 0.159259
0 0.467448 -0.025000 0.025521 0.148148
0 0.173177 0.507407 0.036979 0.209259
0 0.251563 -0.008796 0.031250 0.145370
0 0.647917 0.777778 0.044792 0.244444
0 0.608073 0.793519 0.042188 0.237037
0 0.847396 0.178241 0.030208 0.162037
0 0.776042 0.171759 0.026042 0.154630
0 0.786979 0.008333 0.023958 0.124074
0 0.790625 -0.029167 0.021875 0.117593
0 0.788542 0.076852 0.030208 0.131481
0 0.284375 -0.041204 0.016667 0.113889
0 0.258854 0.248611 0.025000 0.169444
0 0.227344 0.252315 0.039062 0.152778
0 0.146615 0.046759 0.024479 0.130556
0 0.242188 0.127778 0.029167 0.155556
0 0.215365 0.123148 0.026562 0.155556
0 0.245573 0.105556 0.025521 0.142593
0 0.830208 -0.006481 0.017708 0.077778
0 0.483854 0.003241 0.025000 0.134259
