1 0.449479 0.445370 0.037500 0.157407
1 0.383333 0.418056 0.023958 0.117593
1 0.293229 0.417130 0.017708 0.091667
1 0.956510 0.593056 0.107813 0.495370
1 0.206771 0.423148 0.030208 0.127778
1 0.360938 0.421296 0.021875 0.107407
1 0.363281 0.409722 0.017188 0.091667
1 0.445833 0.415741 0.021875 0.116667
1 0.397656 0.413426 0.016146 0.102778
1 0.173698 0.410648 0.018229 0.086111
1 0.163802 0.418056 0.014063 0.069444
1 0.191667 0.418056 0.017708 0.087963
1 0.152083 0.406944 0.011458 0.058333
1 0.319271 0.400463 0.013542 0.063889
7 0.262240 0.408796 0.019271 0.045370
7 0.273438 0.412037 0.015625 0.044444
7 0.655990 0.429630 0.022396 0.114815
