0 0.845313 0.654630 0.050000 0.214815
0 0.226302 0.619444 0.042188 0.225926
0 0.915885 0.518056 0.048438 0.191667
0 0.464583 0.982870 0.042708 0.134259
0 0.351042 0.816667 0.036458 0.231481
2 0.377865 0.242593 0.040104 0.103704
2 0.367969 0.325463 0.029687 0.112037
0 0.425781 0.209722 0.023438 0.160185
0 0.336979 0.125463 0.020833 0.128704
0 0.176823 0.269444 0.031771 0.159259
0 0.149479 0.269907 0.029167 0.184259
0 0.403385 0.145833 0.024479 0.139815
0 0.404167 0.122685 0.028125 0.158333
0 0.255729 0.081481 0.021875 0.129630
2 0.651563 0.081481 0.031250 0.109259
0 0.302865 0.185648 0.028646 0.162037
0 0.200000 0.181481 0.025000 0.159259
0 0.163021 0.193519 0.025000 0.155556
0 0.194792 0.166204 0.025000 0.162037
0 0.134635 0.198611 0.025521 0.150926
0 0.121875 0.179167 0.026042 0.171296
0 0.147917 0.165278 0.029167 0.162037
0 0.158594 0.141667 0.027604 0.151852
0 0.118229 0.174074 0.020833 0.159259
0 0.173437 0.472685 0.038542 0.199074
0 0.684635 0.840278 0.048438 0.254630
0 0.640104 0.852315 0.044792 0.249074
0 0.849740 0.197222 0.032813 0.164815
0 0.781250 0.190741 0.025000 0.159259
0 0.785417 0.072222 0.030208 0.131481
0 0.262760 0.228241 0.024479 0.163889
0 0.232031 0.231944 0.035937 0.150926
0 0.231510 0.105093 0.031771 0.147222
0 0.202604 0.102778 0.027083 0.140741
0 0.235677 0.088889 0.025521 0.142593
