1 0.603906 0.354630 0.030729 0.127778
1 0.401562 0.352778 0.032292 0.162963
1 0.447396 0.360185 0.029167 0.151852
1 0.667969 0.351389 0.034896 0.137963
1 0.910677 0.480093 0.096354 0.637963
1 0.393229 0.338426 0.022917 0.102778
1 0.851823 0.456019 0.085938 0.515741
1 0.543229 0.328241 0.015625 0.063889
1 0.033854 0.332870 0.019792 0.100926
1 0.058594 0.333333 0.019271 0.101852
1 0.576042 0.333796 0.012500 0.052778
1 0.561979 0.330556 0.012500 0.057407
7 0.487500 0.366204 0.029167 0.095370
7 0.509115 0.368981 0.026562 0.089815
1 0.319531 0.321296 0.013021 0.051852
1 0.330208 0.323611 0.011458 0.045370
1 0.337240 0.319907 0.011979 0.043519
1 0.346094 0.315741 0.011979 0.044444
1 0.378906 0.331481 0.015104 0.057407
1 0.356250 0.318981 0.010417 0.037963
1 0.364583 0.318519 0.011458 0.038889
