1 0.853646 0.588426 0.028125 0.139815
1 0.924479 0.550926 0.019792 0.090741
1 0.892969 0.536111 0.020313 0.090741
1 0.195833 0.581944 0.022917 0.112037
1 0.222917 0.584259 0.023958 0.109259
1 0.298958 0.556481 0.016667 0.088889
1 0.283333 0.560648 0.016667 0.082407
1 0.329167 0.541667 0.016667 0.083333
1 0.316406 0.550926 0.019271 0.090741
1 0.834375 0.498148 0.011458 0.046296
1 0.732031 0.494444 0.010937 0.053704
1 0.826562 0.494444 0.011458 0.050000
1 0.542448 0.472685 0.007812 0.026852
1 0.278125 0.536111 0.011458 0.077778
1 0.401302 0.493981 0.008854 0.041667
1 0.286979 0.545370 0.015625 0.090741
1 0.645312 0.472685 0.008333 0.037963
1 0.873958 0.487963 0.015625 0.053704
1 0.410938 0.499537 0.009375 0.047222
1 0.428646 0.504167 0.009375 0.049074
1 0.392969 0.499537 0.010937 0.050926
1 0.838021 0.485648 0.007292 0.052778
1 0.667708 0.485648 0.011458 0.043519
1 0.678125 0.484259 0.010417 0.044444
1 0.725521 0.488426 0.012500 0.047222
1 0.271094 0.552778 0.015104 0.070370
1 0.778906 0.484259 0.009896 0.048148
