1 0.753906 0.545370 0.020313 0.096296
1 0.819531 0.536574 0.019271 0.076852
1 0.883073 0.615741 0.029687 0.135185
1 0.933073 0.618519 0.032813 0.131481
1 0.795052 0.518981 0.016146 0.075000
1 0.052083 0.643519 0.031250 0.157407
1 0.252865 0.553241 0.018229 0.089815
1 0.276042 0.558333 0.019792 0.090741
1 0.337240 0.528241 0.014063 0.069444
1 0.325781 0.529630 0.011979 0.066667
1 0.356250 0.519907 0.014583 0.062037
1 0.820312 0.491667 0.009375 0.046296
1 0.698698 0.492130 0.009896 0.045370
1 0.812500 0.487037 0.006250 0.035185
1 0.561979 0.470370 0.009375 0.027778
1 0.319792 0.519444 0.007292 0.070370
1 0.332292 0.517130 0.008333 0.062037
1 0.630990 0.474537 0.007812 0.034259
1 0.680208 0.481944 0.007292 0.041667
1 0.416667 0.491204 0.008333 0.041667
1 0.435937 0.497222 0.008333 0.042593
1 0.405729 0.494444 0.009375 0.042593
1 0.771875 0.484722 0.009375 0.039815
