1 0.843229 0.652778 0.045833 0.218519
1 0.257292 0.040278 0.031250 0.163889
1 0.378646 0.637963 0.052083 0.238889
1 0.915625 0.519444 0.041667 0.194444
1 0.542188 0.978704 0.039583 0.242593
1 0.351042 0.816667 0.036458 0.231481
7 0.377865 0.242593 0.040104 0.103704
7 0.367969 0.325463 0.029687 0.112037
1 0.433073 0.212963 0.030729 0.157407
1 0.521354 0.006481 0.026042 0.131481
1 0.493229 0.001389 0.028125 0.143519
1 0.333333 0.126852 0.020833 0.131481
1 0.129948 0.342593 0.031771 0.174074
1 0.096875 0.329630 0.030208 0.190741
1 0.580469 0.896296 0.065104 0.244444
1 0.617708 0.895370 0.051042 0.229630
1 0.403385 0.145370 0.021354 0.140741
1 0.440365 0.134259 0.025521 0.151852
1 0.297135 0.021296 0.021354 0.122222
7 0.327344 0.029167 0.031771 0.071296
1 0.254167 0.178704 0.025000 0.146296
7 0.651563 0.082407 0.031250 0.109259
1 0.150781 0.989352 0.043229 0.217593
1 0.180729 0.945370 0.051042 0.253704
1 0.303646 0.184722 0.025000 0.160185
1 0.170052 0.091667 0.029687 0.148148
1 0.200521 0.183333 0.027083 0.161111
1 0.163021 0.193056 0.025000 0.156481
1 0.195833 0.162500 0.025000 0.163889
1 0.125260 0.200000 0.025521 0.148148
1 0.120573 0.179167 0.026562 0.167593
1 0.163021 0.166667 0.028125 0.153704
1 0.157031 0.144444 0.026562 0.148148
1 0.467969 0.018981 0.025521 0.149074
1 0.211979 0.325000 0.034375 0.177778
1 0.263281 0.141667 0.030729 0.162963
1 0.879167 0.318981 0.040625 0.184259
1 0.827344 0.302778 0.029687 0.170370
1 0.786458 0.070370 0.030208 0.131481
1 0.980729 0.328241 0.034375 0.163889
1 0.871094 0.046296 0.027604 0.140741
1 0.824219 0.036574 0.027604 0.152778
1 0.233333 0.135648 0.022917 0.154630
1 0.208854 0.142593 0.027083 0.138889
1 0.198177 0.000463 0.024479 0.125000
1 0.236979 0.018056 0.028125 0.145370
1 0.203125 0.013426 0.026042 0.141667
7 0.647135 0.070833 0.032813 0.084259
