1 0.601562 0.380556 0.031250 0.135185
1 0.430729 0.381944 0.031250 0.152778
1 0.183594 0.475926 0.129688 0.477778
1 0.488802 0.380556 0.026562 0.140741
1 0.581510 0.356019 0.016146 0.076852
1 0.664323 0.401852 0.039062 0.259259
1 0.333073 0.371759 0.020313 0.097222
1 0.651563 0.399537 0.037500 0.226852
1 0.517188 0.350000 0.014583 0.059259
1 0.541927 0.349537 0.010937 0.037963
1 0.525260 0.348611 0.010937 0.043519
7 0.470052 0.376852 0.023438 0.070370
7 0.491146 0.372222 0.022917 0.068519
1 0.361458 0.354167 0.012500 0.060185
1 0.370312 0.356019 0.011458 0.058333
