1 0.735156 0.637037 0.053646 0.224074
1 0.246875 0.272222 0.038542 0.196296
1 0.074479 0.628704 0.043750 0.229630
1 0.915885 0.519907 0.040104 0.193519
1 0.504948 0.964352 0.036979 0.263889
1 0.352865 0.820370 0.049479 0.231481
7 0.377865 0.242593 0.040104 0.103704
7 0.367969 0.325463 0.029687 0.112037
1 0.429427 0.218519 0.030729 0.161111
1 0.790625 0.131944 0.027083 0.137963
1 0.627083 0.187963 0.023958 0.151852
1 0.586458 0.200463 0.034375 0.167593
1 0.281771 0.193056 0.025000 0.163889
1 0.496875 0.201852 0.036458 0.164815
1 0.069271 0.410648 0.025000 0.173148
1 0.062760 0.390278 0.031771 0.182407
1 0.424740 0.395370 0.036979 0.190741
1 0.454167 0.398611 0.037500 0.176852
1 0.510417 0.183333 0.017708 0.142593
1 0.429427 0.173611 0.021354 0.152778
1 0.380729 0.072222 0.027083 0.150000
1 0.295833 0.023148 0.021875 0.124074
7 0.327344 0.029167 0.031771 0.071296
1 0.128646 0.550000 0.030208 0.190741
7 0.651563 0.082407 0.031250 0.109259
1 0.323177 0.415741 0.031771 0.179630
1 0.281510 0.418981 0.035937 0.199074
1 0.262500 -0.009722 0.026042 0.137963
1 0.222135 -0.007407 0.022396 0.142593
1 0.293750 0.136574 0.023958 0.154630
1 0.198177 0.116204 0.026562 0.150926
1 0.198958 0.179167 0.027083 0.162037
1 0.329427 0.346759 0.028646 0.162037
1 0.164583 0.194907 0.027083 0.156481
1 0.187500 0.164352 0.022917 0.156481
1 0.124479 0.193519 0.028125 0.151852
1 0.145833 0.172685 0.025000 0.165741
1 0.160938 0.157407 0.029167 0.155556
1 0.152604 0.142593 0.028125 0.153704
1 0.117188 0.174074 0.020833 0.159259
1 0.471875 -0.033796 0.018750 0.130556
1 0.197917 0.059259 0.028125 0.148148
1 0.222917 0.614815 0.047917 0.225926
1 1.003385 0.707407 0.039062 0.214815
1 0.837240 0.065278 0.030729 0.132407
1 0.109896 0.760648 0.052083 0.234259
1 0.082031 0.701389 0.045312 0.226852
7 0.645833 0.076852 0.032292 0.090741
