1 0.533594 0.417593 0.031771 0.144444
1 0.477865 0.395833 0.022396 0.126852
1 0.451042 0.396296 0.025000 0.135185
1 0.778906 0.645833 0.110937 0.641667
1 0.925521 0.627315 0.146875 0.662037
1 0.335677 0.406019 0.042188 0.158333
1 0.484635 0.398148 0.021354 0.112963
1 0.515885 0.391667 0.022396 0.111111
1 0.217448 0.391204 0.026562 0.115741
1 0.680208 0.444444 0.047917 0.266667
1 0.519271 0.389815 0.016667 0.096296
1 0.567187 0.393981 0.017708 0.106481
1 0.271875 0.387500 0.023958 0.121296
1 0.256510 0.393981 0.018229 0.100926
1 0.498958 0.392593 0.021875 0.096296
1 0.100781 0.364352 0.013021 0.065741
1 0.120833 0.386111 0.020833 0.105556
7 0.428125 0.385185 0.017708 0.050000
7 0.440625 0.387037 0.015625 0.044444
1 0.130208 0.366204 0.014583 0.063889
1 0.368750 0.372222 0.012500 0.057407
1 0.357031 0.371759 0.009896 0.052778
