1 0.849479 0.570833 0.034375 0.119444
1 0.717187 0.562037 0.026042 0.112963
1 0.134375 0.552315 0.013542 0.067593
1 0.618229 0.549074 0.020833 0.096296
1 0.598177 0.526389 0.011979 0.062037
1 0.245833 0.500463 0.009375 0.034259
1 0.076563 0.550000 0.010417 0.064815
1 0.447135 0.494444 0.009896 0.044444
1 0.127344 0.552315 0.009896 0.071296
1 0.129688 0.559259 0.012500 0.066667
1 0.072917 0.557407 0.012500 0.068519
1 0.091406 0.547222 0.014063 0.072222
1 0.483333 0.514815 0.013542 0.057407
1 0.535937 0.512037 0.012500 0.055556
1 0.525260 0.513426 0.010937 0.060185
1 0.613542 0.519907 0.013542 0.071296
1 0.566146 0.510648 0.015625 0.063889
1 0.578906 0.507870 0.015104 0.058333
1 0.495573 0.512963 0.011979 0.059259
