1 0.868229 0.604167 0.029167 0.150926
1 0.898698 0.536111 0.019271 0.092593
1 0.178646 0.571296 0.025000 0.118519
1 0.203646 0.575463 0.025000 0.115741
1 0.284635 0.554630 0.021354 0.090741
1 0.269531 0.555093 0.016146 0.087963
1 0.315885 0.536574 0.017188 0.087963
1 0.304948 0.548148 0.018229 0.098148
1 0.832031 0.504630 0.011979 0.046296
1 0.730990 0.504167 0.011979 0.056481
1 0.821615 0.503704 0.010937 0.050000
1 0.534375 0.470833 0.007292 0.030556
1 0.263542 0.525926 0.011458 0.077778
1 0.394271 0.489352 0.008333 0.041667
1 0.268750 0.539815 0.018750 0.094444
1 0.641146 0.477315 0.008333 0.037963
1 0.403646 0.494907 0.010417 0.049074
1 0.420833 0.500463 0.009375 0.050926
1 0.383854 0.494444 0.010417 0.051852
1 0.830990 0.499537 0.010937 0.054630
1 0.836458 0.496759 0.010417 0.049074
1 0.663021 0.487500 0.011458 0.043519
1 0.675000 0.489815 0.008333 0.046296
1 0.720833 0.492593 0.012500 0.046296
1 0.252865 0.551852 0.015104 0.070370
