0 0.846615 0.654630 0.052604 0.214815
0 0.358333 0.647222 0.041667 0.225926
0 0.916146 0.518056 0.039583 0.195370
0 0.493229 0.988426 0.041667 0.120370
0 0.351042 0.816667 0.036458 0.231481
2 0.377865 0.242593 0.040104 0.103704
2 0.367969 0.325463 0.029687 0.112037
0 0.432031 0.208333 0.038021 0.157407
0 0.337240 0.125463 0.020313 0.128704
0 0.195573 0.235648 0.026562 0.154630
0 0.174219 0.239815 0.034896 0.177778
0 0.404427 0.139352 0.029687 0.145370
0 0.401042 0.115278 0.023958 0.154630
2 0.651563 0.081481 0.031250 0.109259
0 0.303646 0.187963 0.029167 0.157407
0 0.208073 0.178241 0.027604 0.158333
0 0.163542 0.193981 0.026042 0.154630
0 0.198437 0.163426 0.023958 0.158333
0 0.138802 0.200000 0.027604 0.153704
0 0.126562 0.185648 0.034375 0.162037
0 0.150260 0.162963 0.027604 0.159259
0 0.185677 0.145370 0.025521 0.150000
0 0.119271 0.166667 0.020833 0.159259
0 0.184896 0.788426 0.043750 0.239815
0 0.512760 0.463426 0.043229 0.206481
0 0.465885 0.478241 0.032813 0.199074
0 0.688281 0.885185 0.049479 0.238889
0 0.934115 0.742593 0.047396 0.229630
0 0.962500 0.693981 0.036458 0.234259
0 0.915104 0.180556 0.027083 0.159259
0 0.855990 0.146296 0.026562 0.148148
0 0.784115 0.181019 0.030729 0.141667
0 0.600521 0.117130 0.029167 0.150926
0 0.260156 0.091204 0.027604 0.137963
0 0.225521 0.433796 0.030208 0.191667
0 0.192969 0.436574 0.038021 0.175000
0 0.238542 0.142593 0.033333 0.162963
0 0.253906 0.283796 0.034896 0.176852
0 0.207813 0.281019 0.031250 0.169444
0 0.260937 0.264352 0.031250 0.163889
