1 0.845052 0.653704 0.049479 0.216667
1 0.263021 0.026389 0.031250 0.169444
1 0.345052 0.621296 0.043229 0.231481
1 0.913542 0.518981 0.046875 0.193519
1 0.534375 0.986111 0.039583 0.227778
1 0.351042 0.816667 0.036458 0.231481
7 0.377865 0.242593 0.040104 0.103704
7 0.367969 0.325463 0.029687 0.112037
1 0.433333 0.213426 0.033333 0.156481
1 0.517448 -0.005093 0.025521 0.130556
1 0.489844 -0.009259 0.027604 0.138889
1 0.333594 0.126852 0.020313 0.131481
1 0.139844 0.327778 0.031771 0.170370
1 0.103385 0.319907 0.029687 0.187963
1 0.594792 0.934722 0.064583 0.241667
1 0.633854 0.936574 0.050000 0.226852
1 0.403385 0.145370 0.021354 0.140741
1 0.425521 0.125926 0.028125 0.151852
1 0.297396 0.021296 0.021875 0.122222
7 0.327344 0.029167 0.031771 0.071296
1 0.266406 0.162963 0.023438 0.144444
7 0.651563 0.082407 0.031250 0.109259
1 0.154167 1.012037 0.043750 0.175926
1 0.191146 0.979630 0.053125 0.237037
1 0.304948 0.185648 0.025521 0.160185
1 0.164583 0.083333 0.028125 0.146296
1 0.200521 0.183333 0.026042 0.159259
1 0.163021 0.193056 0.025000 0.156481
1 0.196354 0.165278 0.025000 0.162037
1 0.127865 0.199074 0.027604 0.148148
1 0.117448 0.179167 0.026562 0.167593
1 0.159375 0.167130 0.028125 0.154630
1 0.157812 0.143056 0.027083 0.150926
1 0.466667 0.010648 0.026042 0.149074
1 0.205990 0.345833 0.033854 0.180556
1 0.266406 0.121296 0.031771 0.161111
1 0.875260 0.298148 0.035937 0.179630
1 0.823177 0.280556 0.026562 0.166667
1 0.786458 0.070370 0.030208 0.131481
1 0.998177 0.350463 0.035937 0.163889
1 0.857031 0.031481 0.027604 0.140741
1 0.810937 0.019907 0.027083 0.150926
1 0.238542 0.145370 0.025000 0.155556
1 0.217188 0.154630 0.025000 0.140741
1 0.196354 0.013889 0.025000 0.127778
1 0.234896 0.029630 0.030208 0.144444
1 0.202344 0.023611 0.026562 0.141667
7 0.647135 0.070370 0.032813 0.085185
