1 0.670833 0.517593 0.011458 0.055556
1 0.785937 0.570833 0.022917 0.112037
1 0.761198 0.565278 0.021354 0.093519
1 0.742448 0.574074 0.013021 0.101852
1 0.751823 0.572685 0.023438 0.100926
1 0.658333 0.521296 0.013542 0.062963
1 0.721094 0.862037 0.056771 0.288889
1 0.720573 0.810648 0.061979 0.265741
1 0.595052 0.721759 0.042188 0.228704
1 0.776302 0.571759 0.017188 0.093519
1 0.617969 0.737037 0.029687 0.251852
1 0.684115 0.579630 0.023438 0.107407
1 0.713802 0.575463 0.026562 0.102778
1 0.914062 0.649074 0.041667 0.159259
1 0.739844 0.776389 0.038021 0.247222
1 0.940625 0.637037 0.036458 0.146296
1 0.907552 0.624074 0.030729 0.150000
1 0.679427 0.566667 0.025521 0.098148
