1 0.134635 0.617130 0.019271 0.108333
1 0.578125 0.497685 0.012500 0.047222
1 0.122656 0.619444 0.018229 0.103704
1 0.125260 0.625463 0.017188 0.095370
1 0.118750 0.635648 0.016667 0.100926
1 0.042448 0.629630 0.022396 0.103704
1 0.689583 0.577315 0.025000 0.110185
1 0.691927 0.557870 0.024479 0.112037
1 0.807552 0.528241 0.018229 0.093519
1 0.711458 0.560648 0.037500 0.125000
1 0.036458 0.630093 0.026042 0.110185
1 0.669531 0.536111 0.016146 0.085185
1 0.723958 0.557870 0.017708 0.104630
1 0.627083 0.520370 0.018750 0.064815
1 0.615365 0.511574 0.011979 0.047222
1 0.652083 0.523148 0.015625 0.074074
1 0.641146 0.521296 0.011458 0.068519
