0 0.599479 0.382407 0.030208 0.131481
0 0.429167 0.383333 0.031250 0.151852
0 0.188802 0.475926 0.127604 0.451852
0 0.487500 0.381481 0.023958 0.138889
0 0.578646 0.355556 0.018750 0.077778
0 0.658073 0.403704 0.040104 0.257407
0 0.329948 0.373611 0.020313 0.097222
0 0.648958 0.398611 0.036458 0.225000
0 0.516146 0.349074 0.014583 0.059259
0 0.540365 0.347685 0.010937 0.037963
0 0.521094 0.347685 0.009896 0.049074
2 0.467969 0.378704 0.023438 0.070370
2 0.489323 0.370833 0.023438 0.067593
0 0.333073 0.355556 0.015104 0.066667
0 0.358333 0.354167 0.012500 0.060185
0 0.367188 0.356944 0.011458 0.058333
