1 0.948698 0.719444 0.055729 0.242593
1 0.916406 0.573611 0.027604 0.102778
1 0.856250 0.559722 0.023958 0.104630
1 0.000521 0.628241 0.031250 0.147222
1 0.075260 0.620370 0.025521 0.124074
1 0.046094 0.622222 0.026562 0.118519
1 0.145573 0.581481 0.021354 0.111111
1 0.108854 0.617130 0.026042 0.143519
1 0.742188 0.518056 0.014583 0.050926
1 0.679167 0.527315 0.014583 0.067593
1 0.733333 0.515741 0.010417 0.053704
1 0.415885 0.486111 0.007812 0.029630
1 0.087500 0.567130 0.023958 0.097222
1 0.275781 0.511574 0.008854 0.043519
1 0.063542 0.604630 0.023958 0.131481
1 0.559896 0.488426 0.008333 0.039815
1 0.765885 0.511574 0.010937 0.062037
1 0.299740 0.515741 0.009896 0.059259
1 0.307552 0.522222 0.010937 0.059259
1 0.263281 0.515278 0.009896 0.058333
1 0.286458 0.509259 0.010417 0.055556
1 0.719010 0.506019 0.011979 0.058333
1 0.586719 0.502315 0.009896 0.045370
1 0.594792 0.503704 0.011458 0.048148
1 0.666667 0.507407 0.011458 0.048148
1 0.656771 0.509722 0.010417 0.050926
1 0.031250 0.617593 0.016667 0.103704
1 0.766146 0.511111 0.013542 0.059259
1 0.726562 0.510648 0.011458 0.056481
1 0.750521 0.514815 0.009375 0.053704
1 0.671615 0.504167 0.011979 0.047222
