1 0.937240 0.592130 0.038021 0.173148
1 0.122656 0.606481 0.019271 0.101852
1 0.976042 0.683796 0.051042 0.226852
1 0.551823 0.496759 0.013021 0.037963
1 0.110156 0.607870 0.017188 0.097222
1 0.108854 0.622222 0.015625 0.098148
1 0.034375 0.617130 0.020833 0.097222
1 0.666667 0.567130 0.023958 0.102778
1 0.669271 0.556944 0.020833 0.108333
1 0.693490 0.555556 0.031771 0.116667
1 0.027865 0.618056 0.024479 0.104630
1 0.602083 0.524074 0.019792 0.070370
1 0.585417 0.516204 0.012500 0.054630
1 0.625521 0.525000 0.012500 0.068519
1 0.615104 0.526389 0.011458 0.073148
