1 0.735417 0.637500 0.053125 0.223148
1 0.233854 0.415741 0.042708 0.212963
1 0.074740 0.623148 0.043229 0.229630
1 0.916406 0.519907 0.039062 0.193519
1 0.639062 0.997222 0.043750 0.201852
1 0.354167 0.820833 0.052083 0.232407
7 0.377865 0.242593 0.040104 0.103704
7 0.367969 0.325463 0.029687 0.112037
1 0.429688 0.218519 0.031250 0.161111
1 1.003385 0.372685 0.036979 0.176852
1 0.788802 0.132407 0.027604 0.135185
1 0.801042 0.271296 0.026042 0.161111
1 0.768490 0.277315 0.042188 0.178704
1 0.429688 0.262500 0.039583 0.158333
1 0.533854 0.257407 0.033333 0.162963
1 0.087500 0.418981 0.029167 0.178704
1 0.090104 0.397685 0.037500 0.187963
1 0.454948 0.236574 0.027604 0.167593
1 0.476562 0.249537 0.029167 0.156481
1 0.552604 -0.032407 0.023958 0.112963
1 0.534115 -0.034722 0.022396 0.110185
1 0.709115 0.264352 0.020313 0.150926
1 0.675000 0.234722 0.028125 0.150926
1 0.380469 0.070833 0.027604 0.150926
1 0.296615 0.022685 0.020313 0.119444
7 0.327344 0.029167 0.031771 0.071296
1 0.023177 0.793981 0.034896 0.212037
7 0.651563 0.080556 0.031250 0.107407
1 0.279167 0.257870 0.028125 0.163889
1 0.273958 0.270370 0.038542 0.177778
1 0.239844 0.096759 0.026562 0.145370
1 0.212240 0.102778 0.027604 0.150000
1 0.292969 0.136574 0.023438 0.154630
1 0.267188 0.112963 0.028125 0.148148
1 0.199479 0.179167 0.028125 0.163889
1 0.259375 0.176852 0.030208 0.142593
1 0.164062 0.192593 0.027083 0.157407
1 0.188281 0.160185 0.023438 0.162963
1 0.122656 0.196296 0.025521 0.151852
1 0.146615 0.170370 0.024479 0.172222
1 0.152083 0.151389 0.030208 0.156481
1 0.152604 0.142593 0.028125 0.153704
1 0.117708 0.174074 0.020833 0.159259
1 0.487500 -0.045833 0.020833 0.106481
1 0.179688 -0.028704 0.017708 0.122222
1 0.228646 0.965741 0.051042 0.251852
7 0.648438 0.072222 0.034375 0.101852
