1 0.405990 0.374074 0.091146 0.442593
1 0.485938 0.366667 0.092708 0.483333
1 0.216927 0.387500 0.161979 0.645370
1 0.284635 0.384259 0.081771 0.450000
1 0.605729 0.381944 0.065625 0.367593
1 0.691146 0.336574 0.018750 0.110185
1 0.334896 0.333333 0.034375 0.181481
1 0.554948 0.339352 0.022396 0.115741
1 0.671094 0.334259 0.015104 0.096296
1 0.653646 0.329167 0.013542 0.082407
1 0.800260 0.335648 0.017188 0.095370
1 0.922656 0.337037 0.026562 0.112963
1 0.890104 0.342130 0.017708 0.086111
1 0.902344 0.338889 0.019271 0.092593
1 0.714844 0.331019 0.013021 0.058333
1 0.957552 0.343056 0.018229 0.106481
