1 0.734635 0.637037 0.053646 0.224074
1 0.241146 0.369907 0.039583 0.206481
1 0.074219 0.622685 0.043229 0.230556
1 0.916146 0.519907 0.039583 0.193519
1 0.602604 0.978241 0.042708 0.237963
1 0.353646 0.820833 0.052083 0.232407
7 0.377865 0.242593 0.040104 0.103704
7 0.367969 0.325463 0.029687 0.112037
1 0.429688 0.218519 0.031250 0.161111
1 0.789323 0.131944 0.027604 0.136111
1 0.741146 0.243981 0.027083 0.152778
1 0.722917 0.254630 0.034375 0.170370
1 0.367188 0.243519 0.021875 0.155556
1 0.499479 0.281019 0.035417 0.175000
1 0.068750 0.410648 0.025000 0.173148
1 0.078385 0.392593 0.027604 0.187037
1 0.427604 0.279630 0.033333 0.174074
1 0.448958 0.288426 0.026042 0.156481
1 0.655469 0.246296 0.022396 0.150000
1 0.602344 0.215278 0.039062 0.158333
1 0.380469 0.071296 0.027604 0.150000
1 0.295312 0.020370 0.021875 0.125926
7 0.327344 0.029167 0.031771 0.071296
1 0.056510 0.715278 0.035937 0.204630
7 0.651563 0.081019 0.031250 0.108333
1 0.301302 0.300463 0.026562 0.171296
1 0.288542 0.313426 0.036458 0.184259
1 0.245573 0.066667 0.027604 0.140741
1 0.208073 0.066667 0.024479 0.148148
1 0.293229 0.136574 0.025000 0.154630
1 0.266406 0.112963 0.029687 0.148148
1 0.199479 0.178704 0.028125 0.162963
1 0.263802 0.226852 0.027604 0.150000
1 0.164583 0.193519 0.027083 0.157407
1 0.189062 0.162037 0.022917 0.161111
1 0.123177 0.194444 0.025521 0.151852
1 0.149219 0.169444 0.030729 0.168519
1 0.153125 0.150926 0.029167 0.155556
1 0.152604 0.142593 0.028125 0.153704
1 0.117188 0.174074 0.020833 0.159259
1 0.488542 -0.045370 0.021875 0.107407
1 0.204427 -0.016204 0.018229 0.125000
1 0.232031 0.855556 0.051562 0.250000
1 0.780469 -0.017593 0.024479 0.127778
7 0.647135 0.075000 0.033854 0.098148
1 0.651302 0.075000 0.036979 0.088889
