1 0.798698 0.666667 0.045312 0.227778
1 0.254688 0.207407 0.037500 0.187037
1 0.181771 0.655556 0.045833 0.238889
1 0.915625 0.519907 0.040625 0.193519
1 0.502604 0.966667 0.037500 0.255556
1 0.350521 0.816667 0.036458 0.231481
7 0.377865 0.242593 0.040104 0.103704
7 0.367969 0.325463 0.029687 0.112037
1 0.429427 0.218519 0.030729 0.161111
1 0.772917 0.076852 0.028125 0.131481
1 0.565104 0.150463 0.028125 0.147222
1 0.538021 0.157870 0.031250 0.167593
1 0.277344 0.171759 0.021354 0.158333
1 0.502865 0.125926 0.030729 0.153704
1 0.069531 0.410648 0.025521 0.173148
1 0.052604 0.392130 0.040625 0.186111
1 0.451823 0.482407 0.042188 0.196296
1 0.479948 0.484259 0.035937 0.177778
1 0.437760 0.168519 0.026562 0.142593
1 0.394271 0.169444 0.021875 0.155556
1 0.380469 0.072685 0.026562 0.149074
1 0.297135 0.022685 0.021354 0.123148
7 0.327344 0.029167 0.031771 0.071296
1 0.137760 0.438889 0.029687 0.175926
7 0.651563 0.082407 0.031250 0.109259
1 0.292969 0.522222 0.033854 0.196296
1 0.250260 0.511111 0.033854 0.212963
1 0.250260 -0.042593 0.023438 0.112963
1 0.294010 0.136574 0.023438 0.154630
1 0.177604 0.122685 0.027083 0.149074
1 0.200000 0.181944 0.028125 0.163889
1 0.467708 0.427315 0.033333 0.169444
1 0.158854 0.200926 0.027083 0.157407
1 0.192708 0.164815 0.027083 0.161111
1 0.126302 0.197222 0.028646 0.150000
1 0.134375 0.179630 0.023958 0.170370
1 0.157031 0.164815 0.028646 0.140741
1 0.151562 0.142593 0.028125 0.153704
1 0.117188 0.174074 0.020833 0.159259
1 0.460677 0.001389 0.018229 0.136111
1 0.231510 0.108333 0.031771 0.153704
1 0.227083 0.479167 0.042708 0.208333
1 0.979948 0.593056 0.035937 0.197222
1 0.896875 0.119907 0.029167 0.141667
1 0.827344 0.019907 0.031771 0.130556
1 0.195312 0.935185 0.050000 0.255556
1 0.218490 0.861111 0.052604 0.253704
1 0.227865 -0.012037 0.021354 0.124074
1 0.203125 -0.011111 0.022917 0.124074
1 0.717187 -0.033796 0.028125 0.130556
7 0.645833 0.076852 0.032292 0.087037
1 0.651042 0.076852 0.035417 0.085185
