1 0.846615 0.655556 0.052604 0.216667
1 0.355990 0.636574 0.040104 0.225000
1 0.916146 0.518981 0.039583 0.195370
1 0.499740 0.981481 0.041146 0.235185
1 0.351042 0.816667 0.036458 0.231481
7 0.377865 0.242593 0.040104 0.103704
7 0.367969 0.325463 0.029687 0.112037
1 0.431510 0.208333 0.036979 0.157407
1 0.337240 0.125463 0.020313 0.128704
1 0.196094 0.235185 0.027604 0.153704
1 0.200781 0.243981 0.033854 0.176852
1 0.405469 0.141667 0.028646 0.146296
1 0.396875 0.111111 0.027083 0.153704
1 0.302083 0.016204 0.028125 0.123148
7 0.327344 0.029167 0.031771 0.071296
7 0.651563 0.081481 0.031250 0.109259
1 0.298698 0.187037 0.025521 0.155556
1 0.174740 0.050000 0.023438 0.138889
1 0.204687 0.180556 0.029167 0.157407
1 0.164062 0.193981 0.026042 0.154630
1 0.198437 0.157870 0.023958 0.158333
1 0.133333 0.204167 0.028125 0.152778
1 0.122396 0.179630 0.027083 0.170370
1 0.152865 0.162037 0.031771 0.157407
1 0.191146 0.143519 0.026042 0.150000
1 0.119271 0.163889 0.020833 0.159259
1 0.467187 -0.025463 0.026042 0.147222
1 0.197656 0.883333 0.047396 0.246296
1 0.499219 0.390741 0.032813 0.196296
1 0.456250 0.401389 0.033333 0.193519
1 0.647917 0.768519 0.043750 0.251852
1 0.930208 0.741667 0.047917 0.227778
1 0.962500 0.698148 0.037500 0.225926
1 0.772135 0.022685 0.030729 0.134259
1 0.736458 0.019444 0.022917 0.137037
1 0.945312 0.237037 0.035417 0.166667
1 0.878385 0.202315 0.027604 0.156481
1 0.783073 0.223611 0.034896 0.149074
1 0.625521 0.179630 0.029167 0.153704
1 0.450000 -0.009722 0.023958 0.145370
1 0.415104 -0.012963 0.023958 0.142593
1 0.394792 0.008333 0.027083 0.135185
1 0.268229 0.130093 0.027083 0.141667
1 0.220312 0.497222 0.033333 0.198148
1 0.180208 0.496759 0.043750 0.182407
1 0.246875 0.142593 0.028125 0.161111
1 0.241406 0.077315 0.029687 0.143519
1 0.212500 0.050000 0.028125 0.140741
1 0.120313 0.056019 0.021875 0.126852
1 0.231510 0.330093 0.035937 0.176852
1 0.184115 0.327778 0.032813 0.177778
1 0.273177 0.312963 0.033854 0.168519
1 0.380729 -0.006481 0.020833 0.124074
