1 0.567969 0.390278 0.034896 0.145370
1 0.509896 0.375926 0.025000 0.131481
1 0.484375 0.373148 0.029167 0.146296
1 0.776042 0.603704 0.111458 0.644444
1 0.910677 0.612963 0.159896 0.696296
1 0.360938 0.375926 0.045833 0.177778
1 0.520052 0.371759 0.021354 0.119444
1 0.018490 0.388426 0.041146 0.180556
1 0.557552 0.368519 0.019271 0.112963
1 0.266927 0.361111 0.025521 0.111111
1 0.782031 0.446759 0.065104 0.371296
1 0.611458 0.368056 0.017708 0.106481
1 0.291667 0.359722 0.025000 0.123148
1 0.277865 0.363426 0.021354 0.110185
1 0.523698 0.366667 0.020313 0.092593
1 0.136458 0.331481 0.014583 0.068519
1 0.150000 0.354630 0.020833 0.105556
7 0.469271 0.355556 0.018750 0.050000
1 0.165104 0.336574 0.014583 0.063889
1 0.413802 0.345370 0.011979 0.059259
1 0.402604 0.343981 0.009375 0.058333
1 0.380990 0.343056 0.011979 0.047222
