1 0.612760 0.385185 0.031771 0.138889
1 0.446354 0.370370 0.029167 0.142593
1 0.333594 0.411574 0.067187 0.308333
1 0.976823 0.632407 0.153646 0.714815
1 0.201042 0.390741 0.062500 0.262963
1 0.483333 0.371759 0.021875 0.126852
1 0.520312 0.346296 0.013542 0.055556
1 0.563802 0.374074 0.023438 0.155556
1 0.570573 0.369907 0.025521 0.141667
1 0.655469 0.369907 0.018229 0.110185
1 0.288542 0.361111 0.019792 0.120370
1 0.269271 0.362963 0.022917 0.120370
1 0.294531 0.364815 0.022396 0.129630
1 0.000521 0.362500 0.027083 0.145370
1 0.498698 0.340278 0.009896 0.034259
7 0.462500 0.362037 0.018750 0.057407
1 0.380990 0.343519 0.010937 0.059259
