1 0.122135 0.644907 0.020313 0.134259
1 0.653646 0.491204 0.012500 0.052778
1 0.107031 0.645833 0.020313 0.128704
1 0.109115 0.661574 0.017188 0.126852
1 0.099219 0.667593 0.018229 0.124074
1 0.005469 0.663426 0.026562 0.130556
1 0.708594 0.484722 0.013021 0.052778
1 0.786198 0.514815 0.016146 0.085185
1 0.820312 0.525926 0.015625 0.077778
1 0.766146 0.514815 0.017708 0.074074
1 0.695573 0.493519 0.011979 0.051852
1 0.683854 0.483333 0.015625 0.051852
1 0.761719 0.627315 0.038021 0.152778
1 0.837500 0.605556 0.022917 0.151852
1 0.728385 0.597222 0.048438 0.148148
1 0.778646 0.520370 0.013542 0.079630
1 0.963542 0.541667 0.019792 0.120370
1 0.753906 0.595370 0.040104 0.157407
1 -0.007292 0.663889 0.031250 0.131481
1 0.742188 0.519444 0.014583 0.061111
1 0.760417 0.515741 0.016667 0.061111
1 0.801562 0.543056 0.018750 0.086111
1 0.833333 0.597685 0.041667 0.149074
1 0.830469 0.542130 0.017188 0.082407
1 0.710938 0.520833 0.022917 0.071296
1 0.735417 0.518056 0.013542 0.058333
1 0.725521 0.526389 0.013542 0.060185
