0 0.846354 0.654630 0.052083 0.214815
0 0.357292 0.650926 0.040625 0.227778
0 0.916146 0.517130 0.039583 0.195370
0 0.496354 0.980556 0.041667 0.132407
0 0.351042 0.816667 0.036458 0.231481
2 0.377865 0.242593 0.040104 0.103704
2 0.367969 0.325463 0.029687 0.112037
0 0.432552 0.208333 0.039062 0.157407
0 0.337240 0.125463 0.020313 0.128704
0 0.195052 0.236111 0.025521 0.155556
0 0.174740 0.239352 0.034896 0.176852
0 0.406510 0.141204 0.027604 0.147222
0 0.400000 0.116204 0.026042 0.154630
2 0.651563 0.081481 0.031250 0.109259
0 0.305990 0.187963 0.029687 0.157407
0 0.203646 0.177315 0.026042 0.158333
0 0.163021 0.193981 0.026042 0.154630
0 0.196094 0.162963 0.024479 0.161111
0 0.138021 0.200000 0.026042 0.153704
0 0.122917 0.181019 0.023958 0.171296
0 0.139323 0.165278 0.025521 0.160185
0 0.182292 0.150926 0.026042 0.150000
0 0.118750 0.168519 0.020833 0.159259
0 0.174219 0.730093 0.041146 0.232407
0 0.525521 0.516667 0.039583 0.211111
0 0.479687 0.530556 0.034375 0.209259
0 0.726302 0.971759 0.050521 0.143519
0 0.934896 0.739815 0.043750 0.218519
0 0.964844 0.701389 0.041146 0.232407
0 0.755990 0.076389 0.025521 0.137963
0 0.901823 0.134722 0.026562 0.154630
0 0.840885 0.109259 0.025521 0.144444
0 0.786719 0.156019 0.029687 0.145370
0 0.588281 0.078241 0.027604 0.141667
0 0.234896 0.399074 0.028125 0.188889
0 0.194271 0.398148 0.040625 0.168519
0 0.227083 0.135648 0.029167 0.160185
0 0.265104 0.253704 0.031250 0.174074
0 0.223698 0.246296 0.028646 0.168519
0 0.258073 0.229167 0.030729 0.158333
