0 0.845052 0.654630 0.049479 0.214815
0 0.253906 0.606944 0.041146 0.225000
0 0.916146 0.518981 0.051042 0.193519
0 0.483333 0.979167 0.038542 0.140741
0 0.351042 0.816667 0.036458 0.231481
2 0.377865 0.242593 0.040104 0.103704
2 0.367969 0.325463 0.029687 0.112037
0 0.433594 0.213889 0.032813 0.157407
0 0.338021 0.125926 0.020833 0.129630
0 0.156250 0.299537 0.030208 0.169444
0 0.129167 0.296296 0.028125 0.185185
0 0.403646 0.147685 0.021875 0.141667
0 0.403385 0.121759 0.027604 0.158333
0 0.264844 0.123148 0.023438 0.138889
2 0.651563 0.082407 0.031250 0.109259
0 0.301823 0.185185 0.029687 0.161111
0 0.200000 0.183333 0.025000 0.159259
0 0.163021 0.193056 0.025000 0.156481
0 0.197135 0.164815 0.026562 0.157407
0 0.130729 0.199074 0.025000 0.148148
0 0.122656 0.181019 0.026562 0.167593
0 0.151562 0.167130 0.029167 0.162037
0 0.157031 0.142593 0.027604 0.151852
0 0.118229 0.174074 0.020833 0.159259
0 0.189062 0.400926 0.035417 0.190741
0 0.773438 0.957407 0.045833 0.160185
0 0.729948 0.977778 0.046354 0.131481
0 0.859115 0.246759 0.036979 0.171296
0 0.796094 0.241667 0.029687 0.162963
0 0.786458 0.071296 0.030208 0.131481
0 0.258333 0.181481 0.022917 0.161111
0 0.236979 0.185185 0.027083 0.146296
