1 0.144010 0.642593 0.019271 0.120370
1 0.619271 0.515278 0.012500 0.052778
1 0.128125 0.643056 0.019792 0.112037
1 0.133594 0.654167 0.017188 0.110185
1 0.124479 0.660648 0.016667 0.108333
1 0.042188 0.656944 0.026042 0.108333
1 0.658333 0.509259 0.011458 0.053704
1 0.643229 0.502778 0.013542 0.046296
1 0.729688 0.612500 0.028125 0.123148
1 0.781771 0.596296 0.027083 0.122222
1 0.719010 0.599074 0.022396 0.129630
1 0.729688 0.525926 0.014583 0.053704
1 0.880990 0.555556 0.018229 0.101852
1 0.739583 0.587963 0.022917 0.120370
1 0.032552 0.656019 0.026562 0.121296
1 0.710938 0.539815 0.018750 0.075926
1 0.726042 0.535648 0.014583 0.067593
1 0.735156 0.556944 0.015104 0.080556
1 0.774219 0.587500 0.019271 0.106481
1 0.763281 0.562500 0.013021 0.100926
1 0.669792 0.537037 0.017708 0.059259
1 0.694792 0.540741 0.011458 0.068519
1 0.686979 0.536574 0.012500 0.060185
