1 0.847656 0.585185 0.050521 0.164815
1 0.098958 0.599537 0.016667 0.093519
1 0.832812 0.633796 0.033333 0.173148
1 0.510156 0.500926 0.013021 0.044444
1 0.703125 0.529167 0.016667 0.080556
1 0.089323 0.599537 0.015104 0.091667
1 0.089323 0.612963 0.015104 0.092593
1 0.021615 0.609722 0.016146 0.093519
1 0.631510 0.554630 0.021354 0.094444
1 0.250260 0.515741 0.007812 0.038889
1 0.654427 0.546296 0.020313 0.107407
1 0.011458 0.609722 0.016667 0.095370
1 0.561719 0.525463 0.019271 0.071296
1 0.538281 0.522685 0.011979 0.063889
1 0.574740 0.525926 0.010937 0.066667
