1 0.657292 0.371296 0.027083 0.129630
1 0.460156 0.376852 0.032813 0.166667
1 0.497656 0.383333 0.031771 0.146296
1 0.858333 0.397222 0.054167 0.229630
1 0.610156 0.346759 0.017188 0.063889
1 0.001563 0.369907 0.026042 0.125000
1 0.634635 0.346296 0.014063 0.072222
7 0.553906 0.394444 0.033854 0.112963
7 0.580990 0.402315 0.035937 0.110185
1 0.373177 0.345370 0.013021 0.051852
1 0.383594 0.343056 0.013021 0.049074
1 0.392448 0.339352 0.013021 0.049074
1 0.434115 0.350926 0.016146 0.057407
1 0.406771 0.340278 0.010417 0.037963
1 0.416146 0.339815 0.011458 0.038889
