1 0.609635 0.369907 0.031771 0.136111
1 0.439063 0.372222 0.031250 0.151852
1 0.217188 0.451852 0.113542 0.448148
1 0.492708 0.375926 0.029167 0.140741
1 0.577083 0.343056 0.016667 0.073148
1 0.653646 0.384259 0.036458 0.244444
1 0.330208 0.362500 0.020833 0.095370
1 0.639062 0.387963 0.034375 0.214815
1 0.013021 0.382870 0.039583 0.145370
1 0.515365 0.342593 0.014063 0.061111
1 0.539323 0.341204 0.010937 0.037963
1 0.524740 0.336574 0.009896 0.043519
7 0.471615 0.363889 0.023438 0.070370
1 0.346615 0.344444 0.015104 0.066667
1 0.318750 0.348611 0.018750 0.076852
1 0.361458 0.346759 0.012500 0.060185
1 0.368229 0.350463 0.011458 0.058333
