1 0.822396 0.666204 0.043750 0.225000
1 0.252083 0.104630 0.037500 0.168519
1 0.440885 0.674537 0.046354 0.237963
1 0.908073 0.518981 0.056771 0.191667
1 0.551302 0.982870 0.046354 0.234259
1 0.351042 0.816667 0.036458 0.231481
7 0.377865 0.242593 0.040104 0.103704
7 0.367969 0.325463 0.029687 0.112037
1 0.430729 0.212963 0.027083 0.161111
1 0.534896 0.060648 0.027083 0.137963
1 0.499740 0.051852 0.028646 0.148148
1 0.291146 0.124537 0.020833 0.145370
1 0.470833 -0.031481 0.027083 0.133333
1 0.086458 0.399537 0.033333 0.176852
1 0.060417 0.382870 0.023958 0.195370
1 0.506771 0.719444 0.059375 0.229630
1 0.540885 0.725000 0.038021 0.207407
1 0.405990 0.155093 0.025521 0.123148
1 0.386458 0.162500 0.030208 0.154630
1 0.396354 -0.024537 0.025000 0.134259
1 0.297135 0.022222 0.021354 0.122222
7 0.327344 0.029167 0.031771 0.071296
1 0.169531 0.255556 0.025521 0.155556
7 0.651563 0.082407 0.031250 0.109259
1 0.178906 0.814352 0.039062 0.237963
1 0.137760 0.787500 0.052604 0.247222
1 0.278646 0.161574 0.031250 0.156481
1 0.182031 0.127315 0.028646 0.152778
1 0.200521 0.182870 0.027083 0.162037
1 0.845573 0.639352 0.045312 0.193519
1 0.163542 0.194444 0.027083 0.157407
1 0.202083 0.164352 0.027083 0.162037
1 0.129167 0.200000 0.032292 0.146296
1 0.135156 0.181944 0.029687 0.160185
1 0.154427 0.161111 0.029687 0.162963
1 0.151302 0.141667 0.026562 0.150000
1 0.117708 0.174074 0.020833 0.159259
1 0.469792 0.043981 0.026042 0.150926
1 0.229687 0.228704 0.030208 0.168519
1 0.254948 0.241204 0.032813 0.175000
1 0.942187 0.424074 0.039583 0.198148
1 0.865625 0.393981 0.032292 0.182407
1 0.795052 0.043981 0.029687 0.136111
1 0.919010 0.247685 0.034896 0.156481
1 0.897396 0.117593 0.026042 0.151852
1 0.868750 0.112963 0.030208 0.161111
1 0.954167 0.241204 0.032292 0.167593
1 0.224740 0.080556 0.023438 0.146296
1 0.197656 0.083796 0.026562 0.128704
1 0.712500 -0.036111 0.026042 0.122222
7 0.647135 0.072222 0.033854 0.087037
1 0.652344 0.076389 0.033854 0.084259
