1 0.735156 0.637500 0.053646 0.223148
1 0.238802 0.398148 0.042188 0.211111
1 0.074740 0.623148 0.043229 0.229630
1 0.916406 0.519907 0.039062 0.193519
1 0.630990 0.989815 0.043229 0.209259
1 0.353646 0.820833 0.052083 0.232407
7 0.377865 0.242593 0.040104 0.103704
7 0.367969 0.325463 0.029687 0.112037
1 0.429688 0.218519 0.031250 0.161111
1 0.788802 0.131944 0.027604 0.136111
1 0.779687 0.259722 0.027083 0.160185
1 0.751823 0.271296 0.030729 0.177778
1 0.400260 0.255556 0.034896 0.162963
1 0.523958 0.264815 0.035417 0.168519
1 0.074740 0.412500 0.023438 0.176852
1 0.079167 0.393056 0.028125 0.187963
1 0.447656 0.252778 0.028646 0.170370
1 0.467448 0.264815 0.026562 0.157407
1 0.690365 0.263426 0.022396 0.150926
1 0.648177 0.225463 0.029687 0.156481
1 0.380469 0.070833 0.027604 0.150926
1 0.296094 0.022685 0.020313 0.119444
7 0.327344 0.029167 0.031771 0.071296
1 0.028125 0.759259 0.034375 0.209259
7 0.651563 0.081019 0.031250 0.108333
1 0.285938 0.270370 0.027083 0.166667
1 0.279427 0.286111 0.039062 0.181481
1 0.240625 0.085185 0.026042 0.148148
1 0.210156 0.093519 0.027604 0.150000
1 0.292708 0.136574 0.023958 0.154630
1 0.266927 0.112963 0.028646 0.148148
1 0.199479 0.178704 0.028125 0.162963
1 0.264583 0.196296 0.028125 0.144444
1 0.166146 0.193056 0.027083 0.156481
1 0.188021 0.159722 0.022917 0.162037
1 0.122135 0.196296 0.025521 0.151852
1 0.148438 0.169907 0.029167 0.169444
1 0.151823 0.150926 0.029687 0.155556
1 0.152604 0.142593 0.028125 0.153704
1 0.117188 0.174074 0.020833 0.159259
1 0.487760 -0.045370 0.021354 0.107407
1 0.194271 -0.019444 0.018750 0.124074
1 0.232813 0.924074 0.051042 0.248148
1 0.752865 -0.036574 0.023438 0.121296
7 0.648438 0.073611 0.034375 0.100926
