0 0.772135 0.649074 0.048438 0.227778
0 0.255990 0.228241 0.038021 0.189815
0 0.128125 0.650926 0.044792 0.233333
0 0.915625 0.519907 0.040625 0.193519
0 0.512500 0.975000 0.047917 0.246296
0 0.350521 0.818981 0.042708 0.230556
2 0.377865 0.242593 0.040104 0.103704
2 0.367969 0.325463 0.029687 0.112037
0 0.429427 0.218519 0.030729 0.161111
0 0.779427 0.100000 0.026562 0.135185
0 0.588281 0.160185 0.025521 0.148148
0 0.551042 0.176389 0.031250 0.167593
0 0.280729 0.182870 0.026042 0.162037
0 0.506250 0.154630 0.032292 0.161111
0 0.069531 0.410648 0.025521 0.173148
0 0.051823 0.393056 0.042188 0.187963
0 0.445833 0.443981 0.046875 0.193519
0 0.480208 0.451852 0.038542 0.179630
0 0.454167 0.175463 0.019792 0.143519
0 0.403125 0.173148 0.021875 0.157407
0 0.380469 0.072685 0.026562 0.149074
0 0.297396 0.023148 0.021875 0.124074
2 0.327344 0.029167 0.031771 0.071296
0 0.136979 0.475926 0.030208 0.181481
2 0.651563 0.082407 0.031250 0.109259
0 0.305990 0.484259 0.033854 0.194444
0 0.260156 0.474074 0.033854 0.201852
0 0.276042 -0.037037 0.026042 0.124074
0 0.248177 -0.032870 0.023438 0.132407
0 0.294010 0.136574 0.023438 0.154630
0 0.179167 0.124537 0.027083 0.149074
0 0.197917 0.182407 0.026042 0.161111
0 0.409896 0.404167 0.035417 0.175000
0 0.164062 0.197222 0.027083 0.157407
0 0.189062 0.166204 0.022917 0.163889
0 0.130208 0.195833 0.026042 0.149074
0 0.141146 0.175926 0.023958 0.170370
0 0.160156 0.164815 0.028646 0.144444
0 0.152083 0.142593 0.028125 0.153704
0 0.117188 0.174074 0.020833 0.159259
0 0.463542 -0.015741 0.018750 0.135185
0 0.221875 0.092593 0.029167 0.150000
0 0.226042 0.526852 0.043750 0.214815
0 0.983594 0.635185 0.034896 0.211111
0 0.873958 0.097222 0.028125 0.138889
0 0.803125 -0.006481 0.025000 0.120370
0 0.167448 0.867130 0.046354 0.256481
0 0.180469 0.797685 0.051562 0.243519
0 0.226562 -0.029630 0.021875 0.124074
0 0.204427 -0.031019 0.023438 0.121296
0 0.717187 -0.034259 0.029167 0.129630
2 0.645833 0.076852 0.032292 0.088889
0 0.650781 0.076852 0.035937 0.085185
