1 0.845573 0.654630 0.050521 0.214815
1 0.298958 0.642130 0.051042 0.226852
1 0.917448 0.516667 0.040104 0.192593
1 0.477083 0.992130 0.045833 0.215741
1 0.351042 0.816667 0.036458 0.231481
7 0.377865 0.242593 0.040104 0.103704
7 0.367969 0.325463 0.029687 0.112037
1 0.423438 0.204630 0.033333 0.159259
1 0.336979 0.125463 0.020833 0.128704
1 0.185417 0.256481 0.028125 0.157407
1 0.157552 0.249537 0.028646 0.178704
1 0.403385 0.143056 0.025521 0.143519
1 0.403906 0.118981 0.029687 0.158333
1 0.299740 0.018981 0.025521 0.121296
7 0.327344 0.029167 0.031771 0.071296
1 0.252083 0.039352 0.021875 0.130556
7 0.651563 0.081481 0.031250 0.109259
1 0.299740 0.187500 0.031771 0.160185
1 0.174740 0.049074 0.023438 0.138889
1 0.200000 0.180556 0.025000 0.159259
1 0.163021 0.192593 0.026042 0.155556
1 0.194531 0.170370 0.024479 0.161111
1 0.134635 0.200463 0.025521 0.150926
1 0.121615 0.180093 0.025521 0.169444
1 0.147917 0.165278 0.029167 0.162037
1 0.167969 0.151852 0.027604 0.151852
1 0.118229 0.174074 0.020833 0.159259
1 0.467187 -0.025463 0.026042 0.147222
1 0.173958 0.545370 0.039583 0.209259
1 0.222135 -0.036111 0.030729 0.125926
1 0.612760 0.720370 0.047396 0.238889
1 0.576042 0.736111 0.040625 0.235185
1 0.834635 0.152778 0.031771 0.159259
1 0.767708 0.152315 0.031250 0.149074
1 0.823438 0.023611 0.026042 0.128704
1 0.800000 0.007870 0.021875 0.134259
1 0.792448 0.086111 0.029687 0.135185
1 0.563021 -0.037963 0.020833 0.114815
1 0.384115 -0.035648 0.022396 0.123148
1 0.281510 -0.023148 0.019271 0.122222
1 0.250521 0.276852 0.027083 0.170370
1 0.223177 0.275926 0.035937 0.159259
1 0.146354 0.046759 0.025000 0.130556
1 0.258073 0.144444 0.030729 0.153704
1 0.227344 0.145833 0.028646 0.154630
1 0.257031 0.123148 0.025521 0.142593
1 0.445573 -0.004167 0.025521 0.132407
