1 0.665885 0.537963 0.057813 0.333333
1 0.560937 0.485185 0.038542 0.162963
1 0.083073 0.551852 0.081771 0.294444
1 0.458333 0.458333 0.023958 0.112963
1 0.006510 0.513426 0.045312 0.193519
1 0.126562 0.504167 0.035417 0.186111
1 0.052083 0.511111 0.033333 0.174074
1 0.139583 0.488426 0.036458 0.160185
1 0.319010 0.464352 0.022396 0.113889
1 0.430729 0.461111 0.020833 0.101852
1 0.413542 0.450926 0.017708 0.083333
1 0.472135 0.455093 0.019271 0.095370
1 0.448177 0.458333 0.015104 0.098148
1 0.252604 0.457870 0.012500 0.067593
1 0.242448 0.457870 0.010937 0.056481
1 0.260417 0.461574 0.012500 0.071296
1 0.235417 0.454167 0.011458 0.058333
1 0.222656 0.453704 0.010937 0.061111
1 0.205990 0.453704 0.009896 0.053704
1 0.370833 0.447685 0.013542 0.063889
