1 0.626042 0.344444 0.029167 0.129630
1 0.450521 0.349074 0.031250 0.162963
1 0.055208 0.540278 0.190625 0.671296
1 0.488802 0.350463 0.023438 0.143519
1 0.738542 0.390278 0.048958 0.330556
1 0.380990 0.338426 0.020313 0.100926
1 0.716927 0.393519 0.045312 0.287037
1 0.548438 0.325463 0.014583 0.060185
1 0.183594 0.406944 0.050521 0.262037
1 0.166667 0.326389 0.021875 0.106481
1 0.152604 0.322685 0.014583 0.075000
1 0.573177 0.322222 0.009896 0.046296
1 0.560937 0.321759 0.013542 0.050926
7 0.500781 0.343981 0.023438 0.071296
7 0.516667 0.351852 0.022917 0.074074
1 0.332552 0.330556 0.017188 0.066667
1 0.396354 0.322685 0.011458 0.058333
1 0.405729 0.326389 0.011458 0.058333
