1 0.614062 0.347222 0.032292 0.138889
1 0.434375 0.343519 0.031250 0.161111
1 -0.004167 0.585648 0.193750 0.697222
1 0.470833 0.351852 0.029167 0.144444
1 0.618229 0.332870 0.025000 0.099074
1 0.735417 0.393519 0.050000 0.342593
1 0.372396 0.335185 0.020833 0.100000
1 0.715365 0.390741 0.047396 0.296296
1 0.539844 0.322685 0.014063 0.062037
1 0.156510 0.404630 0.057813 0.268519
1 0.129688 0.319907 0.014583 0.076852
1 0.564844 0.314815 0.010937 0.046296
1 0.551042 0.315741 0.011458 0.057407
7 0.489323 0.343519 0.023438 0.074074
7 0.508854 0.350463 0.022917 0.075000
1 0.314844 0.320833 0.017188 0.065741
1 0.384896 0.322685 0.012500 0.060185
1 0.396875 0.326389 0.011458 0.058333
