1 0.734635 0.637037 0.053646 0.224074
1 0.241146 0.370370 0.039583 0.205556
1 0.074219 0.622685 0.043229 0.230556
1 0.916146 0.519907 0.039583 0.193519
1 0.604167 0.979167 0.042708 0.237963
1 0.353646 0.820833 0.052083 0.232407
7 0.377865 0.242593 0.040104 0.103704
7 0.367969 0.325463 0.029687 0.112037
1 0.429688 0.218519 0.031250 0.161111
1 0.789323 0.131944 0.027604 0.136111
1 0.742708 0.245370 0.027083 0.153704
1 0.723958 0.254630 0.034375 0.170370
1 0.368229 0.244907 0.022917 0.156481
1 0.500260 0.281019 0.034896 0.175000
1 0.068750 0.410648 0.025000 0.173148
1 0.078385 0.392593 0.027604 0.187037
1 0.428125 0.278704 0.033333 0.174074
1 0.449740 0.287500 0.026562 0.156481
1 0.657031 0.246296 0.022396 0.150000
1 0.603906 0.215278 0.036979 0.158333
1 0.380469 0.071296 0.027604 0.150000
1 0.295833 0.020370 0.021875 0.125926
7 0.327344 0.029167 0.031771 0.071296
1 0.055208 0.717130 0.037500 0.204630
7 0.651563 0.081019 0.031250 0.108333
1 0.301302 0.299074 0.026562 0.172222
1 0.288021 0.312500 0.036458 0.184259
1 0.245573 0.067593 0.027604 0.140741
1 0.208073 0.068519 0.024479 0.148148
1 0.292969 0.136574 0.024479 0.154630
1 0.266406 0.112963 0.029687 0.148148
1 0.199479 0.178704 0.028125 0.162963
1 0.263802 0.225463 0.027604 0.149074
1 0.165104 0.193519 0.027083 0.157407
1 0.189062 0.162037 0.022917 0.161111
1 0.123177 0.194444 0.025521 0.151852
1 0.149740 0.169444 0.031771 0.168519
1 0.152604 0.150926 0.029167 0.155556
1 0.152604 0.142593 0.028125 0.153704
1 0.117188 0.174074 0.020833 0.159259
1 0.488281 -0.045370 0.021354 0.107407
1 0.204427 -0.016204 0.018229 0.125000
1 0.231510 0.858333 0.051562 0.250000
1 0.779427 -0.018056 0.024479 0.126852
7 0.647135 0.075000 0.033854 0.098148
1 0.651302 0.074537 0.036979 0.089815
