0 0.845052 0.654630 0.049479 0.214815
0 0.238281 0.604630 0.041146 0.229630
0 0.916667 0.518981 0.052083 0.193519
0 0.470052 0.979167 0.039062 0.140741
0 0.351042 0.816667 0.036458 0.231481
2 0.377865 0.242593 0.040104 0.103704
2 0.367969 0.325463 0.029687 0.112037
0 0.433333 0.213889 0.032292 0.157407
0 0.339062 0.125926 0.020833 0.129630
0 0.158854 0.292593 0.029167 0.164815
0 0.133333 0.289352 0.030208 0.180556
0 0.403125 0.145833 0.023958 0.141667
0 0.403646 0.121296 0.027083 0.159259
0 0.262500 0.112500 0.022917 0.134259
2 0.651563 0.082407 0.031250 0.109259
0 0.304688 0.183796 0.026042 0.163889
0 0.200000 0.183333 0.025000 0.159259
0 0.163021 0.193519 0.025000 0.155556
0 0.195573 0.166667 0.026562 0.157407
0 0.129688 0.199074 0.027083 0.148148
0 0.122135 0.181019 0.026562 0.167593
0 0.151042 0.168056 0.029167 0.162037
0 0.156771 0.141667 0.027083 0.151852
0 0.118229 0.174074 0.020833 0.159259
0 0.183594 0.414352 0.035937 0.193519
0 0.759896 0.936574 0.055208 0.180556
0 0.714063 0.949537 0.042708 0.164815
0 0.863281 0.233796 0.039062 0.167593
0 0.792188 0.232870 0.028125 0.158333
0 0.786458 0.071296 0.030208 0.131481
0 0.260937 0.187963 0.022917 0.162963
0 0.235156 0.187037 0.036979 0.144444
0 0.226562 0.074074 0.028125 0.146296
0 0.197396 0.071759 0.026042 0.141667
