1 0.736198 0.637500 0.053646 0.223148
1 0.214844 0.486574 0.042188 0.221296
1 0.074740 0.624074 0.043229 0.231481
1 0.921354 0.521296 0.039583 0.196296
1 0.596875 1.002315 0.040625 0.195370
1 0.354687 0.820833 0.052083 0.232407
7 0.377865 0.242593 0.040104 0.103704
7 0.367969 0.325463 0.029687 0.112037
1 0.429688 0.218519 0.031250 0.161111
1 0.950260 0.277778 0.033854 0.168519
1 0.788281 0.132407 0.027604 0.135185
1 0.866667 0.327778 0.033333 0.168519
1 0.824479 0.321296 0.031250 0.177778
1 0.583333 0.277778 0.036458 0.166667
1 0.557031 0.208796 0.040104 0.167593
1 0.132552 0.460185 0.032813 0.185185
1 0.150260 0.435648 0.030729 0.202778
1 0.470573 0.197685 0.030729 0.165741
1 0.487760 0.196759 0.025521 0.149074
1 0.553125 0.018981 0.023958 0.113889
1 0.531510 0.016204 0.024479 0.112037
1 0.766927 0.308333 0.027604 0.157407
1 0.748958 0.260648 0.023958 0.158333
1 0.380469 0.070833 0.027604 0.150926
1 0.404687 -0.006481 0.020833 0.101852
1 0.296615 0.020833 0.019271 0.121296
7 0.327344 0.029167 0.031771 0.071296
1 0.003125 0.921296 0.037500 0.227778
7 0.642448 0.087963 0.039062 0.103704
1 0.277344 0.206019 0.028646 0.160185
1 0.290365 0.221759 0.048438 0.169444
1 0.254427 0.155093 0.026562 0.160185
1 0.231250 0.162037 0.028125 0.155556
1 0.292187 0.136574 0.021875 0.154630
1 0.268229 0.112963 0.026042 0.148148
1 0.198958 0.179630 0.027083 0.164815
1 0.205469 0.142593 0.024479 0.142593
1 0.162760 0.192593 0.027604 0.157407
1 0.187760 0.160185 0.025521 0.161111
1 0.127083 0.194907 0.023958 0.152778
1 0.151823 0.168519 0.029687 0.166667
1 0.141146 0.156944 0.030208 0.156481
1 0.151562 0.142593 0.028125 0.153704
1 0.119531 0.171296 0.021354 0.164815
1 0.485938 -0.045833 0.019792 0.106481
1 0.650521 0.055093 0.034375 0.136111
