1 0.846354 0.656944 0.052083 0.219444
1 0.319010 0.618056 0.039062 0.225000
1 0.916146 0.519907 0.039583 0.195370
1 0.486198 0.986111 0.041146 0.225926
1 0.351042 0.816667 0.036458 0.231481
7 0.377865 0.242593 0.040104 0.103704
7 0.367969 0.325463 0.029687 0.112037
1 0.431510 0.208333 0.036979 0.157407
1 0.337240 0.125463 0.020313 0.128704
1 0.240365 0.232870 0.030729 0.152778
1 0.265885 0.243056 0.030729 0.178704
1 0.404687 0.144444 0.027083 0.148148
1 0.395833 0.110185 0.029167 0.151852
1 0.302083 0.015741 0.028125 0.124074
7 0.327344 0.029167 0.031771 0.071296
7 0.651563 0.081481 0.031250 0.109259
1 0.296094 0.188889 0.030729 0.155556
1 0.169792 0.052315 0.017708 0.137963
1 0.208333 0.179167 0.029167 0.160185
1 0.164062 0.195370 0.026042 0.155556
1 0.199740 0.160648 0.023438 0.162037
1 0.135937 0.206019 0.028125 0.149074
1 0.119271 0.181481 0.029167 0.168519
1 0.151823 0.162037 0.031771 0.157407
1 0.190625 0.147222 0.026042 0.150000
1 0.125260 0.168981 0.020313 0.154630
1 0.467187 -0.025463 0.026042 0.147222
1 0.217448 0.984259 0.051562 0.231481
1 0.504167 0.325463 0.034375 0.187963
1 0.456771 0.332407 0.033333 0.179630
1 0.614844 0.656944 0.045312 0.234259
1 0.903385 0.741204 0.040104 0.217593
1 0.903646 0.701852 0.064583 0.237037
1 0.749219 -0.008333 0.029687 0.133333
1 0.711719 -0.011111 0.023438 0.137037
1 0.977083 0.308796 0.030208 0.176852
1 0.900521 0.265278 0.034375 0.165741
1 0.791406 -0.024074 0.025521 0.133333
1 0.766927 -0.023148 0.024479 0.140741
1 0.783333 0.265741 0.033333 0.146296
1 0.669531 0.245370 0.033854 0.153704
1 0.460417 0.002315 0.029167 0.147222
1 0.425781 -0.008333 0.023438 0.142593
1 0.407552 0.011111 0.026562 0.135185
1 0.269531 0.177315 0.024479 0.143519
1 0.212760 0.569444 0.032813 0.211111
1 0.172396 0.569907 0.044792 0.187963
1 0.241667 0.144444 0.032292 0.159259
1 0.265885 0.125000 0.030729 0.151852
1 0.216406 0.078704 0.030729 0.146296
1 0.243229 0.080556 0.026042 0.138889
1 0.242969 0.030556 0.028646 0.133333
1 0.211198 0.382407 0.038021 0.181481
1 0.170313 0.381019 0.033333 0.187963
1 0.272396 0.372222 0.035417 0.177778
1 0.392188 0.002315 0.030208 0.123148
