1 0.143490 0.647222 0.019271 0.124074
1 0.632292 0.516204 0.012500 0.052778
1 0.128385 0.650000 0.020313 0.116667
1 0.132812 0.660648 0.017708 0.115741
1 0.122917 0.666667 0.015625 0.112963
1 0.035156 0.662037 0.025521 0.114815
1 0.685937 0.506019 0.010417 0.049074
1 0.672917 0.509259 0.011458 0.053704
1 0.659375 0.504167 0.013542 0.050926
1 0.744271 0.626389 0.028125 0.125000
1 0.806250 0.606481 0.029167 0.129630
1 0.723698 0.606019 0.041146 0.134259
1 0.747917 0.539815 0.015625 0.075926
1 0.910156 0.550926 0.019271 0.094444
1 0.754427 0.602778 0.033854 0.142593
1 0.026823 0.662500 0.027604 0.125000
1 0.722656 0.543519 0.017188 0.079630
1 0.740885 0.537037 0.014063 0.068519
1 0.760938 0.560185 0.016667 0.085185
1 0.792708 0.597685 0.017708 0.125000
1 0.784115 0.562963 0.013021 0.098148
1 0.685677 0.537500 0.021354 0.065741
1 0.710677 0.536574 0.014063 0.058333
1 0.702083 0.538889 0.012500 0.059259
