1 0.845833 0.654630 0.051042 0.214815
1 0.342969 0.653704 0.039062 0.227778
1 0.916406 0.516667 0.038021 0.196296
1 0.475000 0.984259 0.044792 0.229630
1 0.351042 0.816667 0.036458 0.231481
7 0.377865 0.242593 0.040104 0.103704
7 0.367969 0.325463 0.029687 0.112037
1 0.421875 0.202778 0.026042 0.162963
1 0.336979 0.125463 0.020833 0.128704
1 0.193229 0.249074 0.025000 0.161111
1 0.159896 0.245833 0.029167 0.182407
1 0.405208 0.140278 0.029167 0.147222
1 0.399219 0.114815 0.028646 0.155556
1 0.300260 0.018519 0.026562 0.122222
7 0.327344 0.029167 0.031771 0.071296
1 0.240885 0.016204 0.021354 0.123148
7 0.651563 0.081481 0.031250 0.109259
1 0.301563 0.187037 0.031250 0.159259
1 0.174740 0.049074 0.023438 0.138889
1 0.200000 0.179630 0.025000 0.159259
1 0.163021 0.192593 0.026042 0.155556
1 0.191406 0.165741 0.024479 0.161111
1 0.134115 0.200463 0.025521 0.150926
1 0.121615 0.181019 0.025521 0.167593
1 0.147656 0.166667 0.028646 0.161111
1 0.179167 0.150000 0.026042 0.150000
1 0.118750 0.173148 0.020833 0.159259
1 0.467187 -0.025463 0.026042 0.147222
1 0.167448 0.597222 0.040104 0.220370
1 0.582292 0.656944 0.041667 0.230556
1 0.544010 0.674537 0.040104 0.217593
1 0.823958 0.131019 0.031250 0.158333
1 0.762760 0.125463 0.024479 0.147222
1 0.854948 0.052315 0.027604 0.136111
1 0.806510 0.030556 0.023438 0.135185
1 0.785156 0.097685 0.030729 0.136111
1 0.565885 -0.018519 0.023438 0.137037
1 0.390365 -0.016204 0.022396 0.125000
1 0.272917 0.001389 0.018750 0.125000
1 0.244271 0.304167 0.028125 0.176852
1 0.218229 0.305093 0.036458 0.162037
1 0.145833 0.047685 0.027083 0.128704
1 0.265625 0.169907 0.033333 0.160185
1 0.234375 0.168056 0.028125 0.158333
1 0.264062 0.149537 0.027083 0.149074
1 0.416927 -0.004167 0.023438 0.128704
