1 0.456771 0.358333 0.030208 0.150000
1 0.216146 0.425000 0.106250 0.392593
1 0.505208 0.364815 0.029167 0.140741
1 0.577083 0.326389 0.016667 0.065741
1 0.646875 0.364815 0.029167 0.209259
1 0.339583 0.350000 0.020833 0.094444
1 0.635417 0.368981 0.027083 0.191667
1 0.121875 0.367130 0.037500 0.137963
1 0.069531 0.376852 0.049479 0.153704
1 0.525260 0.328241 0.014063 0.058333
1 0.276302 0.375926 0.023438 0.161111
1 0.543229 0.324074 0.009375 0.038889
1 0.531510 0.319444 0.008854 0.042593
7 0.481771 0.350000 0.023958 0.064815
1 0.376823 0.331481 0.015104 0.066667
1 0.355208 0.337500 0.017708 0.076852
1 0.372396 0.331019 0.012500 0.060185
1 0.382812 0.337500 0.011458 0.058333
