0 0.735156 0.637037 0.053646 0.224074
0 0.247396 0.270370 0.038542 0.196296
0 0.075521 0.629630 0.043750 0.229630
0 0.915885 0.519907 0.040104 0.193519
0 0.504948 0.964352 0.036979 0.263889
0 0.352604 0.820370 0.048958 0.231481
2 0.377865 0.242593 0.040104 0.103704
2 0.367969 0.325463 0.029687 0.112037
0 0.429427 0.218519 0.030729 0.161111
0 0.789583 0.130093 0.027083 0.137963
0 0.625781 0.187037 0.024479 0.151852
0 0.584896 0.198611 0.033333 0.167593
0 0.281771 0.193056 0.025000 0.163889
0 0.497917 0.200926 0.036458 0.164815
0 0.069271 0.410648 0.025000 0.173148
0 0.059896 0.390741 0.034375 0.183333
0 0.425781 0.397222 0.038021 0.190741
0 0.455469 0.400463 0.038021 0.176852
0 0.507292 0.182407 0.017708 0.142593
0 0.426563 0.173611 0.022917 0.152778
0 0.380729 0.072222 0.027083 0.150000
0 0.295833 0.023148 0.021875 0.124074
2 0.327344 0.029167 0.031771 0.071296
0 0.129167 0.546296 0.030208 0.190741
2 0.651563 0.082407 0.031250 0.109259
0 0.323177 0.418519 0.031771 0.181481
0 0.280469 0.422222 0.035937 0.200000
0 0.263021 -0.009722 0.026042 0.137963
0 0.222135 -0.009259 0.022396 0.142593
0 0.293750 0.136574 0.023958 0.154630
0 0.197656 0.117130 0.026562 0.150926
0 0.198958 0.179167 0.027083 0.162037
0 0.332552 0.348611 0.028646 0.162037
0 0.164583 0.194907 0.027083 0.156481
0 0.187500 0.164352 0.022917 0.156481
0 0.124479 0.193519 0.028125 0.151852
0 0.145573 0.172685 0.024479 0.165741
0 0.160938 0.157407 0.029167 0.155556
0 0.152604 0.142593 0.028125 0.153704
0 0.117188 0.174074 0.020833 0.159259
0 0.470833 -0.033796 0.018750 0.130556
0 0.198437 0.061111 0.028125 0.148148
0 0.222135 0.611574 0.047396 0.225000
0 1.002865 0.703704 0.039062 0.214815
0 0.838542 0.065278 0.030208 0.132407
0 0.112240 0.762963 0.049479 0.233333
0 0.086458 0.705556 0.045833 0.227778
2 0.645833 0.076852 0.032292 0.090741
