0 0.838802 0.659259 0.032813 0.220370
0 0.444531 0.679630 0.039062 0.240741
0 0.916406 0.520833 0.040104 0.197222
0 0.559115 0.980556 0.043229 0.137963
0 0.351042 0.816667 0.036458 0.231481
2 0.377865 0.242593 0.040104 0.103704
2 0.367969 0.325463 0.029687 0.112037
0 0.421615 0.212963 0.028646 0.157407
0 0.315365 0.130556 0.018229 0.138889
0 0.104167 0.382870 0.034375 0.178704
0 0.076302 0.359722 0.030729 0.189815
0 0.530729 0.796296 0.062500 0.240741
0 0.564844 0.796296 0.042188 0.209259
0 0.405729 0.148611 0.023958 0.132407
0 0.408073 0.160648 0.028646 0.154630
0 0.204167 0.223148 0.027083 0.151852
2 0.651563 0.082407 0.031250 0.109259
0 0.158854 0.887963 0.041667 0.232407
0 0.125260 0.859722 0.049479 0.256481
0 0.284115 0.176389 0.029687 0.160185
0 0.168229 0.117593 0.021875 0.151852
0 0.200521 0.182870 0.027083 0.162037
0 0.945312 0.706019 0.034375 0.199074
0 0.163802 0.193519 0.026562 0.157407
0 0.199219 0.165741 0.023438 0.164815
0 0.128646 0.200000 0.031250 0.146296
0 0.129688 0.182407 0.028125 0.161111
0 0.160938 0.162963 0.029167 0.161111
0 0.145313 0.145370 0.026042 0.146296
0 0.117708 0.174074 0.020833 0.159259
0 0.217708 0.269907 0.031250 0.175000
0 0.259635 0.198148 0.031771 0.168519
0 0.904948 0.378704 0.039062 0.185185
0 0.844010 0.354630 0.029687 0.177778
0 0.936979 0.280093 0.035417 0.158333
0 0.882812 0.087963 0.027083 0.151852
0 0.851042 0.080093 0.028125 0.158333
0 0.993229 0.299074 0.024479 0.175926
0 0.221094 0.105556 0.023438 0.146296
0 0.197135 0.111574 0.028646 0.136111
2 0.647396 0.071759 0.033333 0.086111
