0 0.846615 0.654630 0.052604 0.214815
0 0.356250 0.648148 0.041667 0.225926
0 0.916146 0.518056 0.039583 0.195370
0 0.492188 0.990278 0.041667 0.217593
0 0.351042 0.816667 0.036458 0.231481
2 0.377865 0.242593 0.040104 0.103704
2 0.367969 0.325463 0.029687 0.112037
0 0.432292 0.208333 0.038542 0.157407
0 0.337240 0.125463 0.020313 0.128704
0 0.195312 0.235648 0.026042 0.154630
0 0.174219 0.239815 0.034896 0.177778
0 0.405990 0.142130 0.026562 0.147222
0 0.400781 0.116204 0.024479 0.154630
0 0.301823 0.017130 0.028646 0.121296
2 0.327344 0.029167 0.031771 0.071296
2 0.651563 0.081481 0.031250 0.109259
0 0.304427 0.187963 0.029687 0.157407
0 0.174740 0.050000 0.023438 0.138889
0 0.208073 0.177315 0.027604 0.158333
0 0.163542 0.193981 0.026042 0.154630
0 0.197656 0.164352 0.024479 0.160185
0 0.139323 0.200000 0.028646 0.151852
0 0.124219 0.181019 0.026562 0.171296
0 0.142448 0.164815 0.027604 0.159259
0 0.186458 0.147222 0.026042 0.150000
0 0.119271 0.167593 0.020833 0.159259
0 0.467187 -0.025463 0.026042 0.147222
0 0.183854 0.767130 0.045833 0.239815
0 0.517448 0.484259 0.031771 0.211111
0 0.469271 0.496759 0.032292 0.200926
0 0.701562 0.919444 0.050000 0.242593
0 0.933594 0.740741 0.049479 0.225926
0 0.963802 0.700000 0.036979 0.235185
0 0.795573 0.055556 0.029687 0.137037
0 0.759115 0.062037 0.023438 0.137037
0 0.909115 0.164352 0.027604 0.162037
0 0.847917 0.134259 0.027083 0.146296
0 0.785156 0.170833 0.030729 0.143519
0 0.595313 0.105556 0.031250 0.148148
0 0.436719 -0.028241 0.023438 0.132407
0 0.410417 -0.026852 0.025000 0.135185
0 0.384115 0.015278 0.040104 0.123148
0 0.256771 0.081944 0.023958 0.136111
0 0.229687 0.419907 0.030208 0.191667
0 0.191667 0.421759 0.042708 0.173148
0 0.233854 0.142130 0.028125 0.163889
0 0.231771 0.032407 0.035417 0.131481
0 0.212760 0.009259 0.022396 0.122222
0 0.145833 0.047222 0.027083 0.127778
0 0.260937 0.272685 0.035417 0.175000
0 0.211198 0.268519 0.028646 0.170370
0 0.258854 0.246296 0.032292 0.159259
0 0.393490 -0.011111 0.024479 0.127778
