1 0.748437 0.634259 0.052083 0.225926
1 0.254167 0.252315 0.038542 0.193519
1 0.091146 0.636574 0.043750 0.228704
1 0.915885 0.519907 0.040104 0.193519
1 0.505990 0.968981 0.038021 0.260185
1 0.351823 0.819444 0.046354 0.231481
7 0.377865 0.242593 0.040104 0.103704
7 0.367969 0.325463 0.029687 0.112037
1 0.429427 0.218519 0.030729 0.161111
1 0.784115 0.119444 0.026562 0.135185
1 0.610156 0.175463 0.025521 0.152778
1 0.571615 0.189815 0.028646 0.170370
1 0.281510 0.190741 0.028646 0.164815
1 0.505208 0.181019 0.036458 0.163889
1 0.069271 0.410648 0.025000 0.173148
1 0.050260 0.393056 0.045312 0.187963
1 0.434635 0.415741 0.042188 0.190741
1 0.467708 0.419907 0.040625 0.176852
1 0.479167 0.175000 0.025000 0.140741
1 0.410417 0.171296 0.023958 0.157407
1 0.380729 0.072222 0.027083 0.150000
1 0.296354 0.023148 0.021875 0.124074
7 0.327344 0.029167 0.031771 0.071296
1 0.132812 0.515278 0.030208 0.182407
7 0.651563 0.082407 0.031250 0.109259
1 0.318229 0.449074 0.033333 0.188889
1 0.272396 0.446759 0.037500 0.206481
1 0.271875 -0.022685 0.026042 0.137963
1 0.229687 -0.022222 0.025000 0.140741
1 0.293750 0.136574 0.023958 0.154630
1 0.189583 0.119907 0.028125 0.149074
1 0.198698 0.180556 0.026562 0.161111
1 0.362240 0.367593 0.027604 0.161111
1 0.164583 0.194907 0.027083 0.156481
1 0.188021 0.165278 0.023958 0.162037
1 0.124479 0.193519 0.028125 0.151852
1 0.142708 0.173611 0.022917 0.165741
1 0.160938 0.159722 0.029167 0.154630
1 0.152083 0.142593 0.028125 0.153704
1 0.117188 0.174074 0.020833 0.159259
1 0.465104 -0.029167 0.018750 0.128704
1 0.204427 0.073148 0.028646 0.148148
1 0.225260 0.575000 0.044271 0.220370
1 0.991927 0.668519 0.039062 0.214815
1 0.854427 0.078241 0.032813 0.134259
1 0.783333 -0.026389 0.021875 0.115741
1 0.140365 0.808796 0.045312 0.247222
1 0.127344 0.738426 0.053646 0.232407
7 0.645833 0.076852 0.032292 0.088889
