1 0.730990 0.526852 0.017188 0.092593
1 0.788281 0.512963 0.018229 0.064815
1 0.820052 0.580556 0.028646 0.111111
1 0.870052 0.581481 0.031771 0.120370
1 0.768750 0.508333 0.015625 0.074074
1 0.052604 0.712037 0.019792 0.096296
1 0.097917 0.609259 0.023958 0.142593
1 0.140625 0.611111 0.023958 0.137037
1 0.268229 0.545833 0.017708 0.086111
1 0.289323 0.545833 0.016146 0.087963
1 0.345573 0.517593 0.013021 0.066667
1 0.336719 0.517593 0.010937 0.059259
1 0.359375 0.507407 0.011458 0.051852
1 0.563542 0.468519 0.005208 0.022222
1 0.329427 0.510185 0.008854 0.064815
1 0.623437 0.467130 0.007292 0.030556
1 0.670573 0.475926 0.009896 0.042593
1 0.418229 0.487037 0.008333 0.042593
1 0.436458 0.490741 0.008333 0.038889
1 0.408333 0.486574 0.008333 0.041667
1 0.764844 0.475463 0.009896 0.037963
