1 0.844792 0.654630 0.048958 0.214815
1 0.266667 0.014815 0.031250 0.174074
1 0.311979 0.609722 0.037500 0.223148
1 0.914323 0.518981 0.048438 0.193519
1 0.522917 0.984722 0.039583 0.225000
1 0.351042 0.816667 0.036458 0.231481
7 0.377865 0.242593 0.040104 0.103704
7 0.367969 0.325463 0.029687 0.112037
1 0.433594 0.213426 0.033854 0.156481
1 0.513802 -0.017130 0.025521 0.130556
1 0.486458 -0.019907 0.027083 0.136111
1 0.333854 0.126852 0.019792 0.131481
1 0.143750 0.317130 0.031250 0.171296
1 0.111198 0.312500 0.040104 0.184259
1 0.605469 0.965741 0.053646 0.240741
1 0.641406 0.969444 0.050521 0.224074
1 0.403125 0.145370 0.021875 0.140741
1 0.415625 0.124537 0.027083 0.160185
1 0.297656 0.021296 0.022396 0.122222
7 0.327344 0.029167 0.031771 0.071296
1 0.270573 0.151852 0.023438 0.144444
7 0.651563 0.082407 0.031250 0.109259
1 0.150000 1.029630 0.043750 0.140741
1 0.193750 1.002315 0.052083 0.195370
1 0.302344 0.183796 0.027604 0.163889
1 0.158854 0.076389 0.030208 0.145370
1 0.200521 0.183333 0.026042 0.159259
1 0.163021 0.193056 0.025000 0.156481
1 0.199219 0.166204 0.024479 0.158333
1 0.131771 0.198611 0.027083 0.147222
1 0.119010 0.181019 0.026562 0.167593
1 0.152604 0.166204 0.029167 0.162037
1 0.157812 0.143519 0.027083 0.151852
1 0.467969 0.004167 0.025521 0.149074
1 0.199740 0.366204 0.032813 0.186111
1 0.267448 0.103704 0.031771 0.161111
1 0.826042 1.012963 0.043750 0.162963
1 0.780729 1.023148 0.039583 0.144444
1 0.865625 0.281944 0.041667 0.175000
1 0.815365 0.265278 0.027604 0.165741
1 0.786458 0.070370 0.030208 0.131481
1 0.844531 0.015741 0.027604 0.140741
1 0.800781 0.007870 0.026562 0.145370
1 0.244792 0.154167 0.023958 0.154630
1 0.225781 0.164815 0.024479 0.140741
1 0.193229 0.025463 0.025000 0.128704
1 0.233854 0.045370 0.030208 0.144444
1 0.197135 0.037500 0.026562 0.141667
1 0.240885 0.024074 0.023438 0.133333
7 0.647396 0.058796 0.034375 0.108333
