1 0.836458 0.689815 0.045833 0.222222
1 0.248698 0.174074 0.036979 0.181481
1 0.283333 0.642130 0.052083 0.221296
1 0.915625 0.519907 0.040625 0.193519
1 0.518490 0.975463 0.041146 0.241667
1 0.351042 0.816667 0.036458 0.231481
7 0.377865 0.242593 0.040104 0.103704
7 0.367969 0.325463 0.029687 0.112037
1 0.429427 0.218519 0.030729 0.161111
1 0.760677 0.035648 0.024479 0.123148
1 0.549740 0.131481 0.027604 0.148148
1 0.515365 0.128241 0.032813 0.163889
1 0.278646 0.162037 0.022917 0.155556
1 0.497396 0.080556 0.032292 0.151852
1 0.069792 0.411111 0.026042 0.174074
1 0.053906 0.392130 0.038021 0.186111
1 0.460677 0.536111 0.043229 0.207407
1 0.492969 0.539815 0.042188 0.190741
1 0.408854 0.153241 0.020833 0.134259
1 0.383333 0.167593 0.029167 0.155556
1 0.380208 0.077315 0.026042 0.141667
1 0.297135 0.022685 0.021354 0.123148
7 0.327344 0.029167 0.031771 0.071296
1 0.129167 0.386574 0.028125 0.169444
7 0.651563 0.082407 0.031250 0.109259
1 0.265365 0.590741 0.033854 0.207407
1 0.222135 0.577778 0.046354 0.218519
1 0.294271 0.135648 0.026042 0.152778
1 0.185156 0.123611 0.028646 0.150926
1 0.203646 0.179630 0.027083 0.162963
1 0.550781 0.484722 0.033854 0.180556
1 0.163021 0.199074 0.027083 0.157407
1 0.196875 0.165278 0.025000 0.154630
1 0.122396 0.202315 0.031250 0.145370
1 0.129948 0.183333 0.025521 0.170370
1 0.147656 0.155556 0.028646 0.161111
1 0.151562 0.142593 0.028125 0.153704
1 0.450000 0.021296 0.026042 0.144444
1 0.236198 0.142593 0.029687 0.159259
1 0.242708 0.407407 0.042708 0.200000
1 0.965625 0.536111 0.034375 0.194444
1 0.833333 -0.019444 0.025000 0.129630
1 0.927083 0.154630 0.032292 0.148148
1 0.977604 0.130093 0.026042 0.152778
1 0.861198 0.072222 0.036979 0.146296
1 0.256771 1.014815 0.053125 0.170370
1 0.274479 0.973611 0.045833 0.241667
1 0.231510 0.012037 0.024479 0.127778
1 0.208333 0.015278 0.021875 0.126852
1 0.721354 -0.034259 0.031250 0.129630
7 0.646354 0.076389 0.032292 0.086111
1 0.651302 0.076389 0.034896 0.084259
