0 0.853906 0.698611 0.041146 0.225000
0 0.252604 0.157870 0.035417 0.178704
0 0.343490 0.632870 0.048438 0.226852
0 0.915365 0.519907 0.041146 0.193519
0 0.530729 0.966667 0.046875 0.163889
0 0.351042 0.816667 0.036458 0.231481
2 0.377865 0.242593 0.040104 0.103704
2 0.367969 0.325463 0.029687 0.112037
0 0.429427 0.218519 0.030729 0.161111
0 0.542448 0.119444 0.027604 0.148148
0 0.511198 0.108333 0.030729 0.161111
0 0.275521 0.150000 0.026042 0.155556
0 0.070052 0.410648 0.026562 0.173148
0 0.054427 0.392130 0.036979 0.186111
0 0.465365 0.567593 0.045312 0.212963
0 0.494792 0.573148 0.035417 0.194444
0 0.406250 0.158796 0.028125 0.117593
0 0.382552 0.163426 0.028646 0.154630
0 0.122135 0.357870 0.027604 0.169444
2 0.651563 0.082407 0.031250 0.109259
0 0.250260 0.631019 0.035937 0.212037
0 0.195052 0.617130 0.046354 0.226852
0 0.295312 0.135185 0.028125 0.151852
0 0.181510 0.127315 0.032813 0.150926
0 0.200521 0.180556 0.027083 0.162963
0 0.595833 0.516667 0.035417 0.185185
0 0.160938 0.195833 0.027083 0.156481
0 0.194792 0.163889 0.026042 0.162963
0 0.128906 0.201852 0.028646 0.144444
0 0.133333 0.186111 0.032292 0.159259
0 0.148438 0.155556 0.029167 0.161111
0 0.148177 0.142130 0.025521 0.152778
0 0.117708 0.174074 0.020833 0.159259
0 0.236979 0.151389 0.029167 0.160185
0 0.252604 0.368519 0.040625 0.194444
0 0.946875 0.501852 0.034375 0.192593
0 0.939844 0.174074 0.031771 0.148148
0 0.949479 0.136574 0.034375 0.152778
0 0.871354 0.101852 0.037500 0.153704
2 0.646615 0.075463 0.032813 0.086111
0 0.651042 0.075926 0.034375 0.083333
