0 0.775000 0.651389 0.047917 0.228704
0 0.255990 0.225463 0.038021 0.189815
0 0.132552 0.650926 0.046354 0.233333
0 0.915625 0.519907 0.040625 0.193519
0 0.511458 0.973611 0.046875 0.245370
0 0.350260 0.818981 0.041146 0.230556
2 0.377865 0.242593 0.040104 0.103704
2 0.367969 0.325463 0.029687 0.112037
0 0.429427 0.218519 0.030729 0.161111
0 0.778646 0.097222 0.027083 0.135185
0 0.585677 0.159722 0.025521 0.147222
0 0.548958 0.174537 0.031250 0.167593
0 0.280729 0.181019 0.026042 0.160185
0 0.505469 0.152315 0.031771 0.162037
0 0.069531 0.410648 0.025521 0.173148
0 0.051823 0.393056 0.042188 0.187963
0 0.446354 0.448611 0.046875 0.195370
0 0.480469 0.454630 0.039062 0.179630
0 0.451042 0.174537 0.023958 0.143519
0 0.402604 0.172685 0.022917 0.156481
0 0.380469 0.072685 0.026562 0.149074
0 0.297135 0.022685 0.021354 0.123148
2 0.327344 0.029167 0.031771 0.071296
0 0.137500 0.473148 0.030208 0.181481
2 0.651563 0.082407 0.031250 0.109259
0 0.303906 0.487037 0.033854 0.194444
0 0.259375 0.479167 0.033333 0.204630
0 0.275521 -0.037500 0.026042 0.123148
0 0.248698 -0.033796 0.023438 0.130556
0 0.294010 0.136574 0.023438 0.154630
0 0.179167 0.123611 0.027083 0.149074
0 0.197917 0.182407 0.026042 0.161111
0 0.415104 0.405556 0.034375 0.174074
0 0.163542 0.197685 0.027083 0.156481
0 0.189062 0.165741 0.022917 0.162963
0 0.129688 0.195370 0.026042 0.148148
0 0.140625 0.175926 0.023958 0.170370
0 0.159896 0.165278 0.028125 0.143519
0 0.152083 0.142593 0.028125 0.153704
0 0.117188 0.174074 0.020833 0.159259
0 0.462500 -0.013889 0.018750 0.135185
0 0.222396 0.092593 0.029167 0.150000
0 0.225260 0.520370 0.042188 0.212963
0 0.982292 0.628241 0.034375 0.208333
0 0.877083 0.099537 0.028125 0.139815
0 0.805469 -0.003704 0.026562 0.120370
0 0.170833 0.871759 0.047917 0.256481
0 0.182812 0.801389 0.050000 0.241667
0 0.226562 -0.028704 0.021875 0.124074
0 0.203646 -0.029167 0.022917 0.123148
0 0.717969 -0.034259 0.028646 0.129630
2 0.645833 0.076852 0.032292 0.088889
0 0.650781 0.076852 0.035937 0.085185
