1 0.561458 0.394907 0.035417 0.145370
1 0.503646 0.381944 0.025000 0.130556
1 0.480729 0.377315 0.022917 0.137963
1 0.776042 0.609259 0.110417 0.640741
1 0.918229 0.616204 0.144792 0.684259
1 0.355729 0.381481 0.035417 0.172222
1 0.514583 0.375000 0.021875 0.118519
1 0.015104 0.394444 0.039583 0.179630
1 0.547396 0.381481 0.026042 0.122222
1 0.258594 0.367593 0.025521 0.111111
1 0.759375 0.445370 0.060417 0.350000
1 0.604167 0.374537 0.017708 0.106481
1 0.287760 0.366667 0.024479 0.122222
1 0.275521 0.370833 0.021875 0.110185
1 0.523698 0.374074 0.020313 0.092593
1 0.130469 0.336574 0.013021 0.069444
1 0.146354 0.360185 0.020833 0.105556
7 0.463021 0.362037 0.018750 0.050000
1 0.159375 0.344907 0.014583 0.063889
1 0.405469 0.351852 0.011979 0.059259
1 0.396354 0.347685 0.009375 0.058333
1 0.374219 0.347685 0.011979 0.047222
