1 0.846354 0.654630 0.052083 0.214815
1 0.358333 0.649074 0.041667 0.227778
1 0.916146 0.517130 0.039583 0.195370
1 0.488021 0.982870 0.044792 0.226852
1 0.351042 0.816667 0.036458 0.231481
7 0.377865 0.242593 0.040104 0.103704
7 0.367969 0.325463 0.029687 0.112037
1 0.433854 0.209259 0.039583 0.159259
1 0.337240 0.125463 0.020313 0.128704
1 0.194792 0.236111 0.025000 0.155556
1 0.174479 0.239815 0.035417 0.177778
1 0.405469 0.141204 0.027604 0.147222
1 0.399219 0.116667 0.027604 0.155556
1 0.301302 0.017130 0.027604 0.121296
7 0.327344 0.029167 0.031771 0.071296
1 0.276823 -0.023148 0.022396 0.114815
7 0.651563 0.081481 0.031250 0.109259
1 0.306250 0.188426 0.030208 0.158333
1 0.174740 0.049074 0.023438 0.138889
1 0.200000 0.177778 0.025000 0.159259
1 0.163021 0.193519 0.026042 0.155556
1 0.194531 0.161111 0.024479 0.161111
1 0.137760 0.199537 0.026562 0.154630
1 0.127865 0.181481 0.024479 0.170370
1 0.144010 0.165741 0.024479 0.161111
1 0.175000 0.150000 0.026042 0.150000
1 0.118750 0.169444 0.020833 0.159259
1 0.467187 -0.025463 0.026042 0.147222
1 0.165885 0.698611 0.044271 0.226852
1 0.533854 0.546759 0.039583 0.213889
1 0.488021 0.562963 0.036458 0.212963
1 0.742188 1.000463 0.048958 0.187963
1 0.943229 0.741204 0.059375 0.213889
1 0.982812 0.702315 0.041667 0.236111
1 0.797396 0.074537 0.027083 0.147222
1 0.751042 0.086111 0.025000 0.142593
1 0.893229 0.118981 0.026042 0.152778
1 0.835417 0.087037 0.025000 0.133333
1 0.784375 0.141667 0.030208 0.142593
1 0.580208 0.058796 0.029167 0.143519
1 0.433333 -0.038889 0.019792 0.120370
1 0.394010 0.003241 0.022396 0.125000
1 0.262500 0.055556 0.023958 0.122222
1 0.237500 0.372222 0.028125 0.188889
1 0.196875 0.375926 0.041667 0.166667
1 0.208594 0.132407 0.025521 0.155556
1 0.225781 0.002778 0.029687 0.127778
1 0.211458 -0.016204 0.020833 0.112037
1 0.145833 0.047222 0.027083 0.127778
1 0.263802 0.231481 0.029687 0.170370
1 0.228906 0.225926 0.029687 0.161111
1 0.259115 0.210648 0.028646 0.154630
1 0.410156 -0.003241 0.023438 0.128704
