1 0.671354 0.539352 0.051042 0.343519
1 0.551302 0.489352 0.031771 0.150926
1 0.060156 0.556481 0.083854 0.307407
1 0.451042 0.458333 0.019792 0.103704
1 -0.009635 0.512037 0.045312 0.196296
1 0.114062 0.509722 0.035417 0.176852
1 0.127865 0.487500 0.036979 0.163889
1 0.310937 0.462037 0.022917 0.114815
1 0.424219 0.462963 0.017188 0.101852
1 0.406510 0.450463 0.019271 0.084259
1 0.465885 0.455093 0.019271 0.095370
1 0.440625 0.456944 0.014583 0.100926
1 0.243229 0.457870 0.012500 0.067593
1 0.233594 0.460648 0.010937 0.052778
1 0.251823 0.460648 0.013021 0.073148
1 0.214844 0.453704 0.010937 0.061111
1 0.196615 0.451389 0.009896 0.054630
1 0.209635 0.454167 0.010937 0.050926
1 0.362500 0.444907 0.013542 0.063889
