1 0.845313 0.654630 0.050000 0.214815
1 0.220312 0.615741 0.033333 0.225926
1 0.916146 0.518056 0.048958 0.191667
1 0.460417 0.982407 0.042708 0.235185
1 0.351042 0.816667 0.036458 0.231481
7 0.377865 0.242593 0.040104 0.103704
7 0.367969 0.325463 0.029687 0.112037
1 0.429948 0.211111 0.022396 0.161111
1 0.336979 0.125463 0.020833 0.128704
1 0.173698 0.273611 0.028646 0.162037
1 0.148698 0.270833 0.029687 0.182407
1 0.402865 0.145833 0.024479 0.139815
1 0.404167 0.123611 0.028125 0.158333
1 0.298958 0.019907 0.023958 0.121296
7 0.327344 0.029167 0.031771 0.071296
1 0.258073 0.085185 0.022396 0.127778
7 0.651563 0.081481 0.031250 0.109259
1 0.304948 0.183796 0.027604 0.162037
1 0.183073 0.049537 0.026562 0.139815
1 0.200000 0.182407 0.025000 0.159259
1 0.163021 0.193519 0.025000 0.155556
1 0.194271 0.165278 0.025000 0.162037
1 0.132552 0.197685 0.025521 0.150926
1 0.121875 0.179630 0.026042 0.170370
1 0.148438 0.166204 0.029167 0.162037
1 0.157552 0.141667 0.027604 0.151852
1 0.118229 0.174074 0.020833 0.159259
1 0.471875 -0.016204 0.026042 0.149074
1 0.172656 0.462037 0.039062 0.198148
1 0.255469 0.019444 0.030729 0.148148
1 0.700260 0.850000 0.043229 0.248148
1 0.653646 0.875000 0.045833 0.248148
1 0.852083 0.204167 0.034375 0.167593
1 0.780729 0.197222 0.026042 0.159259
1 0.742708 -0.016204 0.021875 0.117593
1 0.782031 -0.041204 0.022396 0.115741
1 0.785937 0.072222 0.030208 0.131481
1 0.808333 -0.036111 0.026042 0.122222
1 0.264583 0.221296 0.025000 0.162963
1 0.233854 0.224074 0.039583 0.151852
1 0.147135 0.046759 0.024479 0.130556
1 0.229167 0.100000 0.030208 0.148148
1 0.200000 0.097222 0.027083 0.140741
1 0.232031 0.084722 0.024479 0.141667
1 0.838542 -0.004630 0.020833 0.079630
1 0.537500 0.015741 0.035417 0.129630
