0 0.618750 0.363889 0.031250 0.142593
0 0.455208 0.348148 0.029167 0.140741
0 0.372396 0.389815 0.058333 0.266667
0 0.973698 0.602778 0.124479 0.744444
0 0.204167 0.381944 0.060417 0.256481
0 0.493490 0.356019 0.026562 0.125000
0 0.527604 0.324537 0.012500 0.054630
0 0.568490 0.347685 0.023438 0.150926
0 0.299740 0.335648 0.021354 0.100926
0 0.574219 0.353704 0.023438 0.137037
0 0.651563 0.342593 0.021875 0.118519
0 0.003646 0.390278 0.061458 0.273148
0 0.319792 0.346296 0.019792 0.112963
0 0.304948 0.339352 0.023438 0.110185
0 0.307552 0.352315 0.022396 0.125000
0 0.025260 0.356481 0.027604 0.140741
0 0.504948 0.323611 0.009896 0.034259
2 0.467187 0.343519 0.018750 0.057407
0 0.344010 0.328704 0.010937 0.061111
