0 0.845313 0.654630 0.050000 0.214815
0 0.231771 0.622222 0.051042 0.227778
0 0.915885 0.518056 0.047396 0.191667
0 0.464062 0.984259 0.042708 0.131481
0 0.351042 0.816667 0.036458 0.231481
2 0.377865 0.242593 0.040104 0.103704
2 0.367969 0.325463 0.029687 0.112037
0 0.421615 0.208333 0.025521 0.159259
0 0.336979 0.125463 0.020833 0.128704
0 0.179948 0.267593 0.034896 0.161111
0 0.149479 0.268519 0.029167 0.185185
0 0.403385 0.145833 0.024479 0.139815
0 0.404427 0.122222 0.027604 0.157407
0 0.254167 0.076389 0.021875 0.130556
2 0.651563 0.081481 0.031250 0.109259
0 0.302083 0.186574 0.029167 0.162037
0 0.200000 0.181481 0.025000 0.159259
0 0.163021 0.193519 0.025000 0.155556
0 0.194531 0.166204 0.025521 0.162037
0 0.135677 0.200463 0.025521 0.150926
0 0.121615 0.179167 0.025521 0.171296
0 0.147917 0.165278 0.029167 0.162037
0 0.159635 0.141667 0.027604 0.151852
0 0.118229 0.174074 0.020833 0.159259
0 0.174479 0.479630 0.037500 0.198148
0 0.672917 0.820370 0.052083 0.253704
0 0.632031 0.833796 0.042188 0.239815
0 0.847656 0.191667 0.031771 0.164815
0 0.781250 0.185648 0.026042 0.158333
0 0.785417 0.072222 0.030208 0.131481
0 0.261198 0.233796 0.024479 0.165741
0 0.232292 0.238889 0.033333 0.150000
0 0.233854 0.109722 0.031250 0.147222
0 0.204167 0.105556 0.027083 0.140741
0 0.235677 0.094444 0.025521 0.142593
