1 0.734375 0.637037 0.053125 0.224074
1 0.239063 0.347222 0.038542 0.203704
1 0.073698 0.621759 0.043229 0.232407
1 0.916146 0.519907 0.039583 0.193519
1 0.574740 0.975926 0.042188 0.248148
1 0.353646 0.820833 0.052083 0.232407
7 0.377865 0.242593 0.040104 0.103704
7 0.367969 0.325463 0.029687 0.112037
1 0.429688 0.218519 0.031250 0.161111
1 0.789583 0.131944 0.027083 0.136111
1 0.708073 0.233796 0.025521 0.145370
1 0.696875 0.244444 0.027083 0.166667
1 0.334375 0.238889 0.035417 0.144444
1 0.475781 0.280093 0.036979 0.176852
1 0.069010 0.410648 0.024479 0.173148
1 0.079167 0.393056 0.029167 0.187963
1 0.416146 0.303241 0.030208 0.169444
1 0.436719 0.309259 0.028646 0.159259
1 0.632812 0.231019 0.028125 0.149074
1 0.564323 0.207407 0.046354 0.157407
1 0.380469 0.071296 0.027604 0.150000
1 0.300260 0.020833 0.026562 0.125000
7 0.327344 0.029167 0.031771 0.071296
1 0.101042 0.686111 0.045833 0.200000
7 0.651563 0.081944 0.031250 0.108333
1 0.316667 0.318519 0.028125 0.177778
1 0.291667 0.333796 0.028125 0.189815
1 0.248177 0.051852 0.024479 0.140741
1 0.210938 0.053241 0.022917 0.147222
1 0.293490 0.137037 0.025521 0.155556
1 0.260937 0.108796 0.027083 0.147222
1 0.199219 0.179167 0.027604 0.162037
1 0.264844 0.248611 0.030729 0.156481
1 0.164062 0.194444 0.027083 0.157407
1 0.190625 0.163889 0.022917 0.162963
1 0.127083 0.192130 0.025000 0.152778
1 0.149219 0.170833 0.026562 0.171296
1 0.163021 0.151852 0.029167 0.155556
1 0.153125 0.142593 0.028125 0.153704
1 0.117188 0.174074 0.020833 0.159259
1 0.489063 -0.045370 0.021875 0.107407
1 0.202604 0.001852 0.022917 0.142593
1 0.228125 0.807407 0.052083 0.246296
1 0.794010 -0.000463 0.024479 0.126852
7 0.646354 0.075926 0.033333 0.096296
