1 0.630729 0.363426 0.031250 0.145370
1 0.457813 0.349074 0.029167 0.142593
1 0.282813 0.423148 0.083333 0.377778
1 1.028906 0.669907 0.160938 0.749074
1 0.223958 0.387037 0.070833 0.296296
1 0.498958 0.350926 0.029167 0.129630
1 0.544792 0.322222 0.013542 0.055556
1 0.590625 0.356019 0.032292 0.162037
1 0.316927 0.340278 0.021354 0.100926
1 0.597917 0.357407 0.026042 0.148148
1 0.695573 0.349537 0.021354 0.113889
1 -0.000781 0.357407 0.026562 0.159259
1 0.515104 0.331481 0.009375 0.037037
7 0.461719 0.342593 0.025521 0.057407
7 0.481250 0.343519 0.018750 0.057407
1 0.393750 0.322685 0.015625 0.062037
1 0.368490 0.323611 0.015104 0.073148
1 0.353125 0.325463 0.012500 0.060185
1 0.364323 0.325463 0.011979 0.058333
