1 0.846354 0.654630 0.052083 0.214815
1 0.358333 0.648611 0.041667 0.228704
1 0.916146 0.517130 0.039583 0.195370
1 0.482812 0.983796 0.044792 0.226852
1 0.351042 0.816667 0.036458 0.231481
7 0.377865 0.242593 0.040104 0.103704
7 0.367969 0.325463 0.029687 0.112037
1 0.434115 0.209259 0.040104 0.159259
1 0.336979 0.125463 0.020833 0.128704
1 0.194792 0.236111 0.025000 0.155556
1 0.173958 0.239352 0.036458 0.176852
1 0.405729 0.141667 0.028125 0.146296
1 0.398958 0.116667 0.028125 0.155556
1 0.301302 0.017130 0.027604 0.121296
7 0.327344 0.029167 0.031771 0.071296
1 0.273698 -0.020370 0.022396 0.114815
7 0.651563 0.081481 0.031250 0.109259
1 0.306250 0.188426 0.030208 0.158333
1 0.174740 0.049074 0.023438 0.138889
1 0.200000 0.177778 0.025000 0.159259
1 0.163021 0.193519 0.026042 0.155556
1 0.194010 0.161111 0.024479 0.161111
1 0.137760 0.199537 0.026562 0.154630
1 0.127865 0.181019 0.024479 0.169444
1 0.146094 0.165741 0.024479 0.161111
1 0.175000 0.150000 0.026042 0.150000
1 0.118750 0.170370 0.020833 0.159259
1 0.467187 -0.025463 0.026042 0.147222
1 0.164844 0.690278 0.043229 0.225000
1 0.536719 0.555556 0.046354 0.216667
1 0.491406 0.572222 0.035937 0.214815
1 0.745833 1.007407 0.046875 0.170370
1 0.953906 0.745833 0.054688 0.219444
1 0.992708 0.700926 0.042708 0.237037
1 0.798698 0.079167 0.030729 0.147222
1 0.750000 0.087500 0.025000 0.143519
1 0.891146 0.113426 0.026042 0.149074
1 0.833594 0.083333 0.024479 0.133333
1 0.783333 0.137963 0.030208 0.140741
1 0.578906 0.051389 0.028646 0.143519
1 0.433333 -0.040278 0.019792 0.117593
1 0.393490 0.003241 0.022396 0.125000
1 0.264062 0.050926 0.023958 0.122222
1 0.237760 0.368056 0.027604 0.186111
1 0.197656 0.371759 0.041146 0.169444
1 0.205208 0.135185 0.026042 0.159259
1 0.227865 -0.001389 0.026562 0.126852
1 0.212240 -0.020370 0.020313 0.111111
1 0.145833 0.047685 0.027083 0.128704
1 0.263281 0.228241 0.029687 0.169444
1 0.230469 0.224074 0.029687 0.161111
1 0.258594 0.207407 0.027604 0.155556
1 0.410938 -0.003241 0.022917 0.128704
