1 0.734635 0.637037 0.053646 0.224074
1 0.240625 0.367130 0.039583 0.204630
1 0.073698 0.622685 0.043229 0.230556
1 0.916146 0.519907 0.039583 0.193519
1 0.599479 0.977778 0.042708 0.238889
1 0.353646 0.820833 0.052083 0.232407
7 0.377865 0.242593 0.040104 0.103704
7 0.367969 0.325463 0.029687 0.112037
1 0.429688 0.218519 0.031250 0.161111
1 0.789323 0.131944 0.027604 0.136111
1 0.738281 0.242593 0.027604 0.151852
1 0.720313 0.253704 0.035417 0.168519
1 0.365104 0.242593 0.019792 0.153704
1 0.498437 0.281944 0.035417 0.175000
1 0.068750 0.410648 0.025000 0.173148
1 0.078385 0.392593 0.027604 0.187037
1 0.426563 0.281944 0.033333 0.173148
1 0.447917 0.290741 0.026042 0.157407
1 0.652865 0.244444 0.022396 0.150000
1 0.599219 0.215278 0.043229 0.158333
1 0.380469 0.071296 0.027604 0.150000
1 0.294792 0.020370 0.021875 0.125926
7 0.327344 0.029167 0.031771 0.071296
1 0.059375 0.711574 0.033333 0.204630
7 0.651563 0.081019 0.031250 0.108333
1 0.302344 0.303241 0.026562 0.171296
1 0.289583 0.315741 0.036458 0.185185
1 0.246354 0.065278 0.028125 0.139815
1 0.208073 0.063889 0.024479 0.148148
1 0.293229 0.136574 0.025000 0.154630
1 0.266406 0.112963 0.029687 0.148148
1 0.199479 0.178704 0.028125 0.162963
1 0.263802 0.229167 0.027604 0.150926
1 0.164062 0.193519 0.027083 0.157407
1 0.189062 0.162500 0.022917 0.162037
1 0.123958 0.194444 0.026042 0.151852
1 0.147917 0.169444 0.028125 0.168519
1 0.153125 0.150926 0.029167 0.155556
1 0.152604 0.142593 0.028125 0.153704
1 0.117188 0.174074 0.020833 0.159259
1 0.488542 -0.045370 0.021875 0.107407
1 0.204687 -0.016204 0.018750 0.125000
1 0.232813 0.850926 0.051042 0.250000
1 0.782813 -0.016204 0.025000 0.126852
7 0.647135 0.075000 0.033854 0.098148
1 0.651302 0.075000 0.036979 0.088889
