1 0.802344 0.668981 0.045312 0.226852
1 0.254167 0.205093 0.037500 0.186111
1 0.188281 0.654630 0.051562 0.235185
1 0.915625 0.519907 0.040625 0.193519
1 0.502604 0.966667 0.037500 0.255556
1 0.351042 0.816667 0.036458 0.231481
7 0.377865 0.242593 0.040104 0.103704
7 0.367969 0.325463 0.029687 0.112037
1 0.429427 0.218519 0.030729 0.161111
1 0.772656 0.072685 0.028646 0.130556
1 0.563021 0.148148 0.028125 0.146296
1 0.536458 0.156944 0.031250 0.167593
1 0.277604 0.170833 0.020833 0.156481
1 0.501823 0.123148 0.030729 0.155556
1 0.069531 0.410648 0.025521 0.173148
1 0.052865 0.392130 0.040104 0.186111
1 0.451562 0.488426 0.040625 0.197222
1 0.480990 0.489352 0.035937 0.180556
1 0.434375 0.166667 0.026042 0.142593
1 0.393229 0.169444 0.022917 0.155556
1 0.380469 0.073148 0.026562 0.146296
1 0.297135 0.022685 0.021354 0.123148
7 0.327344 0.029167 0.031771 0.071296
1 0.137760 0.435185 0.029687 0.175926
7 0.651563 0.082407 0.031250 0.109259
1 0.290885 0.527778 0.033854 0.196296
1 0.247656 0.517593 0.034896 0.214815
1 0.294010 0.136111 0.023438 0.153704
1 0.177604 0.122685 0.027083 0.149074
1 0.200781 0.181481 0.028646 0.164815
1 0.474740 0.430093 0.032813 0.169444
1 0.158854 0.200926 0.027083 0.157407
1 0.193229 0.164815 0.027083 0.161111
1 0.125521 0.198148 0.028125 0.151852
1 0.132292 0.180556 0.023958 0.170370
1 0.156510 0.164815 0.028646 0.140741
1 0.151562 0.142593 0.028125 0.153704
1 0.117188 0.174074 0.020833 0.159259
1 0.459896 0.003241 0.018750 0.136111
1 0.232031 0.112037 0.030729 0.153704
1 0.228646 0.472222 0.042708 0.205556
1 0.977604 0.589815 0.035417 0.198148
1 0.900521 0.120833 0.029167 0.141667
1 0.829948 0.025463 0.029687 0.130556
1 0.201042 0.942593 0.050000 0.255556
1 0.220833 0.868519 0.050000 0.251852
1 0.227865 -0.010185 0.021354 0.124074
1 0.203125 -0.008333 0.022917 0.124074
1 0.717708 -0.033796 0.028125 0.130556
7 0.645833 0.076852 0.032292 0.087037
1 0.651042 0.076852 0.035417 0.085185
