1 0.736198 0.637500 0.053646 0.223148
1 0.216667 0.481481 0.042708 0.220370
1 0.074740 0.624074 0.043229 0.231481
1 0.919010 0.520370 0.039062 0.194444
1 0.605469 1.000926 0.040104 0.198148
1 0.354687 0.820833 0.052083 0.232407
7 0.377865 0.242593 0.040104 0.103704
7 0.367969 0.325463 0.029687 0.112037
1 0.429688 0.218519 0.031250 0.161111
1 0.953646 0.281481 0.033333 0.166667
1 0.788281 0.132407 0.027604 0.135185
1 0.863021 0.325463 0.031250 0.169444
1 0.820833 0.318519 0.031250 0.177778
1 0.573698 0.275463 0.048438 0.165741
1 0.555729 0.210185 0.037500 0.164815
1 0.128646 0.451852 0.033333 0.181481
1 0.145573 0.428241 0.029687 0.199074
1 0.472656 0.200463 0.031771 0.165741
1 0.489063 0.202315 0.026042 0.147222
1 0.553125 0.016667 0.023958 0.112963
1 0.532552 0.013426 0.024479 0.112037
1 0.763542 0.303241 0.026042 0.156481
1 0.745313 0.257870 0.023958 0.158333
1 0.380469 0.070833 0.027604 0.150926
1 0.403646 -0.009722 0.020833 0.100926
1 0.296875 0.020833 0.019792 0.121296
7 0.327344 0.029167 0.031771 0.071296
1 0.003646 0.918056 0.037500 0.234259
7 0.643229 0.086574 0.038542 0.104630
1 0.276302 0.210648 0.028646 0.160185
1 0.289844 0.224537 0.052604 0.175000
1 0.254167 0.149074 0.026042 0.159259
1 0.230990 0.160185 0.027604 0.157407
1 0.292187 0.136574 0.021875 0.154630
1 0.268229 0.112963 0.026042 0.148148
1 0.198958 0.179630 0.027083 0.164815
1 0.204427 0.142593 0.024479 0.142593
1 0.162760 0.192593 0.027604 0.157407
1 0.187760 0.160185 0.025521 0.161111
1 0.125781 0.194907 0.023438 0.152778
1 0.149740 0.170370 0.030729 0.166667
1 0.141146 0.156944 0.030208 0.156481
1 0.151562 0.142593 0.028125 0.153704
1 0.119531 0.171759 0.021354 0.163889
1 0.485938 -0.045833 0.019792 0.106481
1 0.648698 0.054630 0.038021 0.135185
