1 0.733854 0.637037 0.053125 0.224074
1 0.238542 0.314352 0.039583 0.202778
1 0.073698 0.621296 0.044271 0.229630
1 0.916146 0.519907 0.039583 0.193519
1 0.538021 0.970833 0.035417 0.258333
1 0.353646 0.820833 0.052083 0.232407
7 0.377865 0.242593 0.040104 0.103704
7 0.367969 0.325463 0.029687 0.112037
1 0.429688 0.218519 0.031250 0.161111
1 0.789844 0.131481 0.027604 0.137037
1 0.666406 0.223148 0.023438 0.150000
1 0.645833 0.229167 0.030208 0.165741
1 0.300260 0.215278 0.033854 0.156481
1 0.469531 0.252778 0.039062 0.168519
1 0.069010 0.410648 0.024479 0.173148
1 0.079948 0.393056 0.030729 0.187963
1 0.405729 0.341667 0.035417 0.181481
1 0.432292 0.350926 0.034375 0.168519
1 0.587500 0.212037 0.021875 0.146296
1 0.506510 0.192593 0.036979 0.157407
1 0.380469 0.071296 0.027604 0.150000
1 0.296875 0.020370 0.021875 0.124074
7 0.327344 0.029167 0.031771 0.071296
1 0.137240 0.630556 0.033854 0.198148
7 0.651563 0.082407 0.031250 0.109259
1 0.330729 0.357407 0.029167 0.174074
1 0.290625 0.365278 0.030208 0.191667
1 0.251042 0.028241 0.026042 0.137963
1 0.220052 0.021759 0.023438 0.147222
1 0.293229 0.136574 0.025000 0.154630
1 0.232292 0.112963 0.030208 0.148148
1 0.199219 0.179167 0.027604 0.162037
1 0.282292 0.288889 0.029167 0.155556
1 0.164062 0.195370 0.027083 0.157407
1 0.188542 0.164815 0.022917 0.162963
1 0.124479 0.193519 0.028125 0.151852
1 0.146354 0.172685 0.028125 0.169444
1 0.151562 0.153704 0.029167 0.155556
1 0.153125 0.142593 0.028125 0.153704
1 0.117188 0.174074 0.020833 0.159259
1 0.490885 -0.041667 0.019271 0.112963
1 0.192448 0.024537 0.025521 0.145370
1 0.236458 0.720370 0.044792 0.233333
1 0.805990 0.027315 0.024479 0.126852
1 0.026823 0.678704 0.058854 0.218519
7 0.645833 0.076852 0.032292 0.092593
