0 0.616146 0.350000 0.032292 0.137037
0 0.441667 0.347685 0.031250 0.162037
0 0.476042 0.353704 0.029167 0.144444
0 0.623698 0.338426 0.022396 0.097222
0 0.737500 0.396759 0.050000 0.341667
0 0.375521 0.337963 0.020833 0.100000
0 0.716667 0.392130 0.046875 0.293519
0 0.543750 0.324074 0.014583 0.061111
0 0.167448 0.406481 0.057813 0.266667
0 0.136458 0.319907 0.014583 0.075000
0 0.145573 0.318056 0.015104 0.076852
0 0.568490 0.318519 0.010937 0.046296
0 0.555990 0.324074 0.011979 0.059259
2 0.492448 0.345370 0.023438 0.075926
2 0.511458 0.351389 0.022917 0.075000
0 0.321094 0.324537 0.017188 0.065741
0 0.389583 0.324537 0.012500 0.060185
0 0.400000 0.326389 0.011458 0.058333
