1 0.855208 0.568519 0.032292 0.120370
1 0.710677 0.562037 0.024479 0.118519
1 0.116667 0.559259 0.014583 0.066667
1 0.616667 0.552315 0.020833 0.100926
1 0.586719 0.529630 0.011979 0.064815
1 0.231771 0.503704 0.007292 0.035185
1 0.055208 0.560185 0.010417 0.066667
1 0.440365 0.497685 0.008854 0.045370
1 0.110417 0.560185 0.010417 0.072222
1 0.113021 0.567130 0.012500 0.067593
1 0.054427 0.564352 0.013021 0.073148
1 0.070573 0.556481 0.014063 0.075926
1 0.481510 0.516667 0.014063 0.059259
1 0.527344 0.513889 0.015104 0.055556
1 0.516667 0.516204 0.011458 0.060185
1 0.601562 0.522685 0.016667 0.073148
1 0.505208 0.513426 0.009375 0.050926
1 0.610677 0.522685 0.016146 0.071296
1 0.555469 0.512500 0.015104 0.060185
1 0.566927 0.511574 0.015104 0.058333
1 0.490625 0.518519 0.011458 0.062963
1 0.475000 0.515278 0.012500 0.050926
