0 0.735677 0.637500 0.053646 0.223148
0 0.228646 0.435185 0.043750 0.214815
0 0.074740 0.623611 0.043229 0.230556
0 0.916406 0.519907 0.039062 0.193519
0 0.354167 0.820833 0.052083 0.232407
2 0.377865 0.242593 0.040104 0.103704
2 0.367969 0.325463 0.029687 0.112037
0 0.429688 0.218519 0.031250 0.161111
0 0.984635 0.343981 0.033854 0.176852
0 0.788542 0.132407 0.027083 0.135185
0 0.824219 0.282407 0.025521 0.157407
0 0.787240 0.291667 0.030729 0.181481
0 0.475781 0.265278 0.025521 0.160185
0 0.542448 0.238889 0.039062 0.162963
0 0.102344 0.424074 0.034896 0.175926
0 0.103646 0.400463 0.033333 0.191667
0 0.461979 0.226389 0.030208 0.167593
0 0.483073 0.232407 0.026562 0.151852
0 0.727604 0.278241 0.020833 0.154630
0 0.702604 0.240278 0.026042 0.154630
0 0.019792 0.833333 0.034375 0.222222
2 0.651823 0.080093 0.031771 0.106481
0 0.269792 0.243981 0.028125 0.163889
0 0.278646 0.256019 0.044792 0.180556
0 0.243750 0.112500 0.027083 0.147222
0 0.218750 0.121759 0.026042 0.147222
0 0.292708 0.136574 0.022917 0.154630
0 0.267448 0.112963 0.027604 0.148148
0 0.199219 0.179167 0.027604 0.163889
0 0.236458 0.163426 0.027083 0.141667
0 0.160938 0.192593 0.027083 0.157407
0 0.192188 0.162963 0.020833 0.155556
0 0.123698 0.194444 0.025521 0.151852
0 0.145052 0.169444 0.023438 0.170370
0 0.151042 0.156944 0.030208 0.156481
0 0.152083 0.142593 0.028125 0.153704
0 0.118229 0.174074 0.020833 0.159259
0 0.224219 0.995370 0.051562 0.110185
2 0.648177 0.065278 0.033854 0.102778
