1 0.815104 0.675926 0.043750 0.225926
1 0.253125 0.196759 0.037500 0.186111
1 0.215625 0.652778 0.048958 0.229630
1 0.915625 0.519907 0.040625 0.193519
1 0.503906 0.970833 0.038021 0.254630
1 0.351042 0.816667 0.036458 0.231481
7 0.377865 0.242593 0.040104 0.103704
7 0.367969 0.325463 0.029687 0.112037
1 0.429427 0.218519 0.030729 0.161111
1 0.769792 0.060648 0.027083 0.128704
1 0.556771 0.144907 0.026042 0.149074
1 0.529687 0.148611 0.031250 0.167593
1 0.280469 0.169907 0.020313 0.154630
1 0.500000 0.110648 0.032292 0.156481
1 0.069531 0.410648 0.025521 0.173148
1 0.053125 0.392130 0.039583 0.186111
1 0.455208 0.502315 0.041667 0.197222
1 0.485156 0.504167 0.036979 0.184259
1 0.419792 0.161574 0.022917 0.141667
1 0.390365 0.167593 0.026562 0.155556
1 0.382292 0.077315 0.026042 0.141667
1 0.297135 0.022685 0.021354 0.123148
7 0.327344 0.029167 0.031771 0.071296
1 0.137760 0.420833 0.028646 0.176852
7 0.651563 0.082407 0.031250 0.109259
1 0.283594 0.550000 0.034896 0.201852
1 0.238281 0.537037 0.042188 0.214815
1 0.294271 0.136111 0.023958 0.153704
1 0.177604 0.122685 0.027083 0.149074
1 0.202865 0.181481 0.029687 0.164815
1 0.499740 0.447685 0.035937 0.173148
1 0.160938 0.200926 0.027083 0.157407
1 0.196094 0.165741 0.028646 0.157407
1 0.123958 0.201389 0.028125 0.150926
1 0.129948 0.182407 0.023438 0.174074
1 0.153125 0.159722 0.029167 0.149074
1 0.151562 0.142593 0.028125 0.153704
1 0.117188 0.174074 0.020833 0.159259
1 0.456771 0.009259 0.021875 0.140741
1 0.232552 0.122222 0.027604 0.155556
1 0.229427 0.451852 0.043229 0.200000
1 0.971615 0.568519 0.034896 0.194444
1 0.861458 -0.031481 0.028125 0.125926
1 0.910156 0.129167 0.031771 0.143519
1 0.840365 0.042130 0.035937 0.137963
1 0.218229 0.976389 0.053125 0.247222
1 0.235156 0.900000 0.041146 0.248148
1 0.228125 -0.001852 0.021875 0.124074
1 0.204948 -0.003241 0.022396 0.125000
1 0.719792 -0.033796 0.028125 0.130556
7 0.645833 0.076852 0.032292 0.087037
1 0.651042 0.076852 0.035417 0.085185
