1 0.846354 0.656944 0.052083 0.219444
1 0.323698 0.619907 0.039062 0.221296
1 0.916146 0.519907 0.039583 0.195370
1 0.490365 0.985648 0.041146 0.221296
1 0.351042 0.816667 0.036458 0.231481
7 0.377865 0.242593 0.040104 0.103704
7 0.367969 0.325463 0.029687 0.112037
1 0.431510 0.208333 0.036979 0.157407
1 0.337240 0.125463 0.020313 0.128704
1 0.223698 0.231019 0.027604 0.150926
1 0.254688 0.243056 0.044792 0.178704
1 0.404687 0.143519 0.027083 0.148148
1 0.396094 0.110648 0.028646 0.152778
1 0.302083 0.015741 0.028125 0.124074
7 0.327344 0.029167 0.031771 0.071296
7 0.651563 0.081481 0.031250 0.109259
1 0.295573 0.188889 0.031771 0.155556
1 0.172135 0.051389 0.018229 0.137963
1 0.209896 0.178241 0.029167 0.160185
1 0.164062 0.195370 0.026042 0.155556
1 0.199219 0.159722 0.023438 0.162037
1 0.135156 0.206481 0.027604 0.148148
1 0.116667 0.181944 0.023958 0.169444
1 0.151823 0.162037 0.031771 0.157407
1 0.190625 0.146296 0.026042 0.150000
1 0.121615 0.169907 0.020313 0.154630
1 0.467187 -0.025463 0.026042 0.147222
1 0.211719 0.973611 0.051562 0.247222
1 0.501302 0.339815 0.034896 0.192593
1 0.455208 0.343519 0.035417 0.181481
1 0.620052 0.669907 0.045312 0.234259
1 0.915104 0.740741 0.053125 0.218519
1 0.927083 0.696759 0.037500 0.237963
1 0.756510 -0.005556 0.029687 0.133333
1 0.716406 -0.003704 0.023438 0.137037
1 0.971615 0.295370 0.030729 0.174074
1 0.901302 0.247222 0.026562 0.161111
1 0.783333 -0.027778 0.021875 0.127778
1 0.780729 0.249537 0.032292 0.147222
1 0.661719 0.227315 0.028646 0.154630
1 0.459635 -0.000463 0.030729 0.147222
1 0.421875 -0.008333 0.023958 0.142593
1 0.407552 0.011111 0.026562 0.135185
1 0.276823 0.168519 0.028646 0.144444
1 0.214062 0.544907 0.031250 0.206481
1 0.173958 0.557407 0.045833 0.190741
1 0.241927 0.143519 0.032813 0.159259
1 0.262760 0.117593 0.030729 0.151852
1 0.215625 0.072222 0.031250 0.140741
1 0.240365 0.073611 0.024479 0.139815
1 0.242708 0.026389 0.027083 0.134259
1 0.217188 0.369907 0.038542 0.182407
1 0.170573 0.371296 0.031771 0.187037
1 0.274479 0.358333 0.033333 0.172222
1 0.392969 0.001852 0.028646 0.124074
