1 0.734635 0.637037 0.053646 0.224074
1 0.241146 0.371759 0.039583 0.204630
1 0.074219 0.622685 0.043229 0.230556
1 0.916146 0.519907 0.039583 0.193519
1 0.607031 0.979630 0.043229 0.237037
1 0.353646 0.820833 0.052083 0.232407
7 0.377865 0.242593 0.040104 0.103704
7 0.367969 0.325463 0.029687 0.112037
1 0.429688 0.218519 0.031250 0.161111
1 0.789062 0.131944 0.027083 0.136111
1 0.745573 0.246759 0.026562 0.154630
1 0.726562 0.255556 0.033333 0.172222
1 0.370573 0.245833 0.024479 0.158333
1 0.501302 0.280093 0.034896 0.175000
1 0.068750 0.410648 0.025000 0.173148
1 0.078385 0.392593 0.027604 0.187037
1 0.429427 0.276389 0.032813 0.175000
1 0.450781 0.285648 0.026562 0.154630
1 0.659635 0.248148 0.022396 0.150000
1 0.607292 0.215741 0.032292 0.159259
1 0.380469 0.071296 0.027604 0.150000
1 0.296354 0.020370 0.021875 0.125926
7 0.327344 0.029167 0.031771 0.071296
1 0.052344 0.721296 0.040104 0.205556
7 0.651563 0.081019 0.031250 0.108333
1 0.300260 0.296296 0.026562 0.172222
1 0.286719 0.309722 0.035937 0.184259
1 0.244792 0.068981 0.027083 0.141667
1 0.208073 0.071296 0.024479 0.148148
1 0.292969 0.136574 0.024479 0.154630
1 0.266406 0.112963 0.029687 0.148148
1 0.199479 0.178704 0.028125 0.162963
1 0.264062 0.223148 0.028125 0.148148
1 0.165625 0.193519 0.027083 0.157407
1 0.189062 0.161574 0.022917 0.160185
1 0.122396 0.194444 0.025000 0.151852
1 0.151042 0.169444 0.034375 0.168519
1 0.152604 0.150926 0.029167 0.155556
1 0.152604 0.142593 0.028125 0.153704
1 0.117188 0.174074 0.020833 0.159259
1 0.488281 -0.045370 0.021354 0.107407
1 0.204167 -0.016204 0.017708 0.125000
1 0.230469 0.862963 0.051562 0.250000
1 0.777083 -0.019444 0.023958 0.127778
7 0.647396 0.075000 0.033333 0.098148
1 0.651302 0.074537 0.036979 0.089815
