1 0.846354 0.654630 0.052083 0.214815
1 0.358333 0.648611 0.041667 0.228704
1 0.916146 0.517130 0.039583 0.195370
1 0.485938 0.982870 0.044792 0.226852
1 0.351042 0.816667 0.036458 0.231481
7 0.377865 0.242593 0.040104 0.103704
7 0.367969 0.325463 0.029687 0.112037
1 0.433854 0.209259 0.039583 0.159259
1 0.336979 0.125463 0.020833 0.128704
1 0.194792 0.236111 0.025000 0.155556
1 0.174219 0.239352 0.035937 0.176852
1 0.405469 0.141204 0.027604 0.147222
1 0.398958 0.116667 0.028125 0.155556
1 0.301302 0.017130 0.027604 0.121296
7 0.327344 0.029167 0.031771 0.071296
1 0.275260 -0.022222 0.022396 0.114815
7 0.651563 0.081481 0.031250 0.109259
1 0.306250 0.188426 0.030208 0.158333
1 0.174740 0.049074 0.023438 0.138889
1 0.200000 0.177778 0.025000 0.159259
1 0.163021 0.193519 0.026042 0.155556
1 0.194010 0.161111 0.024479 0.161111
1 0.137760 0.199537 0.026562 0.154630
1 0.127865 0.181019 0.024479 0.169444
1 0.144531 0.165741 0.024479 0.161111
1 0.175000 0.150000 0.026042 0.150000
1 0.118750 0.170370 0.020833 0.159259
1 0.467187 -0.025463 0.026042 0.147222
1 0.165365 0.694907 0.044271 0.226852
1 0.535156 0.550000 0.042188 0.214815
1 0.489323 0.566204 0.035937 0.213889
1 0.743490 1.003241 0.048438 0.182407
1 0.946354 0.742130 0.058333 0.215741
1 0.985938 0.702315 0.041667 0.236111
1 0.797917 0.076389 0.028125 0.147222
1 0.750521 0.087500 0.025000 0.143519
1 0.892708 0.117130 0.026042 0.150926
1 0.835156 0.085185 0.024479 0.133333
1 0.783854 0.139815 0.030208 0.142593
1 0.579948 0.056019 0.028646 0.143519
1 0.433333 -0.039352 0.019792 0.119444
1 0.393490 0.003241 0.022396 0.125000
1 0.263021 0.053704 0.023958 0.122222
1 0.237500 0.370833 0.028125 0.187963
1 0.197396 0.375000 0.041667 0.168519
1 0.207292 0.133796 0.026042 0.156481
1 0.226562 0.000926 0.028125 0.127778
1 0.211979 -0.017593 0.020833 0.111111
1 0.145833 0.047685 0.027083 0.128704
1 0.263281 0.229630 0.029687 0.170370
1 0.229427 0.225000 0.029687 0.161111
1 0.258854 0.209722 0.028125 0.154630
1 0.410417 -0.003241 0.022917 0.128704
