1 0.600000 0.331019 0.028125 0.130556
1 0.415625 0.331481 0.032292 0.161111
1 0.456250 0.338889 0.029167 0.146296
1 0.616667 0.312500 0.023958 0.104630
1 0.744792 0.381019 0.057292 0.378704
1 0.366146 0.320370 0.020833 0.103704
1 0.720573 0.375926 0.049479 0.322222
1 0.528385 0.305556 0.014063 0.064815
1 0.102344 0.396759 0.053646 0.291667
1 0.124479 0.305093 0.015625 0.078704
1 0.555729 0.300463 0.012500 0.052778
1 0.543229 0.298148 0.010417 0.051852
7 0.478906 0.334722 0.023438 0.082407
7 0.495573 0.337963 0.025521 0.079630
1 0.337500 0.293056 0.010417 0.037963
1 0.341927 0.293519 0.010937 0.042593
1 0.385937 0.318519 0.011458 0.057407
1 0.351042 0.291667 0.009375 0.035185
