0 0.882292 0.590741 0.033333 0.164815
0 0.112240 0.595370 0.019271 0.098148
0 0.893750 0.661111 0.046875 0.200000
0 0.529687 0.495370 0.011458 0.037037
0 0.731250 0.525000 0.012500 0.083333
0 0.098698 0.597685 0.016146 0.093519
0 0.099740 0.609722 0.015104 0.095370
0 0.026562 0.604630 0.016667 0.096296
0 0.646615 0.563426 0.022396 0.097222
0 0.266927 0.509259 0.007812 0.038889
0 0.019531 0.606481 0.020313 0.096296
0 0.579688 0.524537 0.018750 0.071296
0 0.560417 0.521296 0.012500 0.064815
0 0.595052 0.525926 0.013021 0.068519
