1 0.644271 0.362037 0.032292 0.144444
1 0.464062 0.362963 0.030208 0.150000
1 0.204687 0.418519 0.101042 0.377778
1 0.510938 0.363889 0.029167 0.137037
1 0.579167 0.335185 0.015625 0.062963
1 0.644010 0.373148 0.030729 0.198148
1 0.344792 0.346296 0.020833 0.094444
1 0.634896 0.367593 0.026042 0.181481
1 0.152344 0.370833 0.031771 0.134259
1 0.111979 0.374074 0.044792 0.148148
1 0.526302 0.331944 0.014063 0.058333
1 0.287760 0.369444 0.026562 0.153704
1 0.544792 0.330556 0.009375 0.038889
1 0.534896 0.329167 0.009375 0.041667
7 0.486458 0.355093 0.023958 0.063889
7 0.505990 0.357870 0.021354 0.063889
1 0.385156 0.340741 0.015104 0.066667
1 0.367708 0.331019 0.014583 0.076852
1 0.371875 0.336574 0.012500 0.060185
1 0.387500 0.330093 0.011458 0.058333
