1 0.845052 0.653704 0.049479 0.216667
1 0.261458 0.029630 0.031250 0.168519
1 0.357031 0.622685 0.041146 0.234259
1 0.913802 0.518519 0.046354 0.194444
1 0.535937 0.984722 0.039583 0.230556
1 0.351042 0.816667 0.036458 0.231481
7 0.377865 0.242593 0.040104 0.103704
7 0.367969 0.325463 0.029687 0.112037
1 0.433073 0.213889 0.031771 0.157407
1 0.519010 -0.003241 0.025521 0.130556
1 0.490885 -0.006481 0.027604 0.140741
1 0.333333 0.126852 0.020833 0.131481
1 0.138281 0.329630 0.031771 0.170370
1 0.102604 0.324074 0.030208 0.190741
1 0.590625 0.925926 0.064583 0.242593
1 0.630990 0.928241 0.051562 0.228704
1 0.402865 0.145370 0.021354 0.140741
1 0.429167 0.126389 0.028125 0.150926
1 0.297396 0.021296 0.021875 0.122222
7 0.327344 0.029167 0.031771 0.071296
1 0.264583 0.167593 0.023958 0.144444
7 0.651563 0.082407 0.031250 0.109259
1 0.153906 1.006019 0.043229 0.187963
1 0.190365 0.972222 0.053646 0.248148
1 0.305208 0.185648 0.025000 0.160185
1 0.165625 0.087037 0.028125 0.146296
1 0.200521 0.183333 0.027083 0.161111
1 0.163021 0.193056 0.025000 0.156481
1 0.195573 0.164815 0.024479 0.162963
1 0.126302 0.199074 0.027604 0.148148
1 0.117448 0.179167 0.026562 0.167593
1 0.161719 0.167593 0.027604 0.151852
1 0.157292 0.143519 0.027083 0.150000
1 0.466667 0.012500 0.026042 0.149074
1 0.206510 0.343519 0.032813 0.181481
1 0.267969 0.125000 0.031771 0.161111
1 0.878906 0.302778 0.036979 0.183333
1 0.824219 0.283796 0.026562 0.167593
1 0.786458 0.070370 0.030208 0.131481
1 0.994271 0.344907 0.036458 0.163889
1 0.861458 0.035185 0.027083 0.140741
1 0.814063 0.024537 0.027083 0.150926
1 0.236979 0.142593 0.025000 0.153704
1 0.215885 0.151852 0.024479 0.140741
1 0.196875 0.010648 0.025000 0.126852
1 0.235417 0.028704 0.029167 0.144444
1 0.202865 0.022685 0.026562 0.141667
7 0.647135 0.070833 0.032813 0.084259
