1 0.821875 0.676389 0.037500 0.228704
1 0.250781 0.118981 0.035937 0.171296
1 0.444792 0.658333 0.046875 0.231481
1 0.910156 0.519444 0.051562 0.192593
1 0.556250 0.973611 0.046875 0.243519
1 0.351042 0.816667 0.036458 0.231481
7 0.377865 0.242593 0.040104 0.103704
7 0.367969 0.325463 0.029687 0.112037
1 0.430469 0.216204 0.023438 0.158333
1 0.537760 0.071296 0.026562 0.144444
1 0.502083 0.061574 0.030208 0.149074
1 0.284115 0.124537 0.021354 0.149074
1 0.472396 -0.013426 0.027083 0.139815
1 0.075260 0.409722 0.027604 0.175000
1 0.060937 0.386574 0.028125 0.187963
1 0.497135 0.683796 0.058854 0.226852
1 0.534115 0.692593 0.046354 0.205556
1 0.405729 0.152778 0.027083 0.127778
1 0.384635 0.161111 0.024479 0.155556
1 0.397396 -0.003241 0.025000 0.134259
1 0.297135 0.022222 0.021354 0.122222
7 0.327344 0.029167 0.031771 0.071296
1 0.156771 0.275463 0.027083 0.160185
7 0.651563 0.082407 0.031250 0.109259
1 0.192708 0.770370 0.037500 0.227778
1 0.149479 0.750926 0.050000 0.242593
1 0.285156 0.152778 0.029687 0.155556
1 0.184896 0.127778 0.029167 0.150000
1 0.200521 0.182407 0.027083 0.162963
1 0.789583 0.611574 0.038542 0.191667
1 0.163021 0.194444 0.027083 0.157407
1 0.197917 0.165278 0.027083 0.160185
1 0.129427 0.200000 0.032813 0.146296
1 0.136198 0.180093 0.031771 0.160185
1 0.150000 0.160648 0.030208 0.160185
1 0.150521 0.142130 0.028125 0.150926
1 0.117708 0.174074 0.020833 0.159259
1 0.468750 0.046759 0.028125 0.150926
1 0.237760 0.208796 0.029687 0.162037
1 0.252865 0.267130 0.034896 0.176852
1 0.963542 0.443981 0.043750 0.195370
1 0.875260 0.415278 0.032813 0.184259
1 0.799219 0.033796 0.029687 0.136111
1 0.916667 0.233796 0.032292 0.152778
1 0.914844 0.132870 0.026562 0.154630
1 0.887500 0.129167 0.033333 0.160185
1 0.927865 0.200000 0.039062 0.159259
1 0.227865 0.070370 0.022396 0.144444
1 0.200781 0.068981 0.029687 0.125000
1 0.720573 -0.035648 0.027604 0.123148
7 0.646875 0.073148 0.033333 0.087037
1 0.651563 0.076389 0.034375 0.084259
