0 0.846615 0.654630 0.052604 0.214815
0 0.359375 0.647685 0.042708 0.225000
0 0.916146 0.518056 0.039583 0.195370
0 0.494010 0.986574 0.042188 0.122222
0 0.351042 0.816667 0.036458 0.231481
2 0.377865 0.242593 0.040104 0.103704
2 0.367969 0.325463 0.029687 0.112037
0 0.432031 0.208333 0.038021 0.157407
0 0.337240 0.125463 0.020313 0.128704
0 0.195573 0.235648 0.026562 0.154630
0 0.174219 0.240278 0.034896 0.178704
0 0.404167 0.138889 0.030208 0.144444
0 0.400781 0.115278 0.024479 0.154630
2 0.651563 0.081481 0.031250 0.109259
0 0.303125 0.187963 0.029167 0.157407
0 0.207552 0.179167 0.027604 0.158333
0 0.163542 0.193981 0.026042 0.154630
0 0.198437 0.162500 0.023958 0.158333
0 0.138281 0.200463 0.027604 0.154630
0 0.128125 0.188889 0.039583 0.153704
0 0.153385 0.162500 0.027604 0.158333
0 0.185938 0.144444 0.026042 0.150000
0 0.119271 0.166667 0.020833 0.159259
0 0.186979 0.800000 0.043750 0.242593
0 0.511458 0.452778 0.038542 0.198148
0 0.464583 0.467593 0.032292 0.198148
0 0.684115 0.876389 0.049479 0.249074
0 0.933333 0.742593 0.047917 0.229630
0 0.962500 0.693519 0.036458 0.235185
0 0.917448 0.188889 0.027604 0.161111
0 0.858073 0.151852 0.027604 0.150000
0 0.784375 0.185185 0.030208 0.142593
0 0.602083 0.123611 0.029167 0.152778
0 0.261198 0.095833 0.027604 0.137963
0 0.224219 0.439815 0.030729 0.192593
0 0.191667 0.443519 0.039583 0.177778
0 0.238802 0.144444 0.029687 0.162963
0 0.251563 0.287500 0.034375 0.176852
0 0.206250 0.287500 0.031250 0.169444
0 0.262500 0.267130 0.031250 0.163889
