1 0.991406 0.567593 0.033854 0.146296
1 0.740625 0.573148 0.026042 0.131481
1 0.069792 0.583796 0.016667 0.084259
1 0.672917 0.585648 0.031250 0.130556
1 0.564063 0.540741 0.015625 0.079630
1 0.444531 0.502315 0.009896 0.045370
1 0.613281 0.521759 0.013021 0.076852
1 0.062240 0.583333 0.014063 0.083333
1 0.061979 0.594444 0.014583 0.081481
1 -0.000521 0.593981 0.011458 0.084259
1 0.524740 0.517130 0.011979 0.062037
1 0.565625 0.543056 0.016667 0.078704
1 0.202604 0.511111 0.008333 0.033333
1 0.579427 0.537037 0.020313 0.087037
1 0.594531 0.535185 0.019271 0.087037
1 0.538281 0.519444 0.014063 0.064815
1 0.557031 0.516204 0.011979 0.065741
1 0.471615 0.517593 0.014063 0.055556
