1 0.966927 0.906481 0.090104 0.372222
1 0.318490 0.586111 0.030729 0.138889
1 0.263542 0.600926 0.037500 0.153704
1 0.205208 0.571759 0.025000 0.106481
1 0.156250 0.504167 0.016667 0.067593
1 0.284375 0.593981 0.022917 0.141667
1 0.540104 0.668056 0.040625 0.202778
1 0.161198 0.584259 0.028646 0.116667
1 0.192969 0.582407 0.021354 0.122222
1 0.454167 0.762037 0.055208 0.255556
1 0.523698 0.699074 0.044271 0.196296
1 0.490625 0.677315 0.051042 0.206481
1 0.180208 0.566204 0.025000 0.113889
1 0.244792 0.601389 0.022917 0.145370
