0 0.634896 0.358333 0.029167 0.138889
0 0.460938 0.347222 0.029167 0.142593
0 0.282292 0.424074 0.078125 0.383333
0 1.037240 0.679630 0.158854 0.746296
0 0.227604 0.386574 0.063542 0.289815
0 0.501563 0.350926 0.029167 0.129630
0 0.548698 0.324537 0.014063 0.056481
0 0.594271 0.354167 0.031250 0.162037
0 0.320052 0.338426 0.021354 0.100926
0 0.600781 0.356019 0.025521 0.149074
0 0.702865 0.344907 0.022396 0.113889
0 0.000260 0.358333 0.026562 0.157407
0 0.516927 0.330556 0.009896 0.037037
2 0.463021 0.343056 0.026042 0.058333
2 0.482292 0.345370 0.018750 0.057407
0 0.394271 0.324074 0.015625 0.062963
0 0.372396 0.319444 0.015625 0.072222
0 0.355729 0.323611 0.012500 0.060185
0 0.367708 0.322685 0.011458 0.058333
