1 0.590625 0.344444 0.035417 0.151852
1 0.491146 0.333333 0.031250 0.138889
1 0.472396 0.342593 0.035417 0.164815
1 0.802083 0.562963 0.121875 0.690741
1 0.938281 0.558796 0.146354 0.741667
1 0.321615 0.348148 0.053646 0.203704
1 0.505208 0.334259 0.022917 0.122222
1 0.525521 0.304630 0.011458 0.044444
1 0.558333 0.323148 0.026042 0.127778
1 0.280729 0.327778 0.025000 0.105556
1 0.565365 0.325000 0.021354 0.118519
1 0.617708 0.325463 0.017708 0.106481
1 0.227865 0.340278 0.031771 0.163889
1 0.211198 0.347685 0.024479 0.143519
1 0.441667 0.326852 0.025000 0.105556
1 0.085938 0.312500 0.017708 0.075000
1 0.111198 0.335185 0.022396 0.116667
1 0.116927 0.313426 0.017188 0.071296
1 0.405208 0.309722 0.011458 0.056481
1 0.396094 0.308796 0.008854 0.060185
1 0.358333 0.312963 0.011458 0.053704
1 0.385937 0.302778 0.012500 0.050000
