1 0.733594 0.499537 0.043229 0.249074
1 0.317969 0.496759 0.049479 0.202778
1 0.607292 0.446759 0.025000 0.108333
1 0.207813 0.487037 0.039583 0.168519
1 0.247135 0.491667 0.031771 0.162963
1 0.462500 0.451389 0.021875 0.106481
1 0.578646 0.451852 0.019792 0.100000
1 0.276302 0.490278 0.030729 0.163889
1 0.549219 0.441667 0.017188 0.077778
1 0.152344 0.442130 0.015104 0.063889
1 0.295052 0.468981 0.026562 0.125000
1 0.587500 0.443519 0.015625 0.090741
1 0.402083 0.441667 0.011458 0.061111
1 0.395052 0.443056 0.010937 0.052778
1 0.412500 0.447685 0.010417 0.065741
1 0.383333 0.441667 0.010417 0.053704
1 0.368229 0.439815 0.011458 0.057407
1 0.355208 0.444907 0.010417 0.050926
7 0.808073 0.461574 0.021354 0.099074
