1 0.829688 0.664815 0.036458 0.224074
1 0.253385 0.089815 0.039062 0.166667
1 0.447917 0.682407 0.038542 0.237037
1 0.916146 0.519907 0.040625 0.189815
1 0.561458 0.979167 0.043750 0.237963
1 0.351042 0.816667 0.036458 0.231481
7 0.377865 0.242593 0.040104 0.103704
7 0.367969 0.325463 0.029687 0.112037
1 0.425781 0.213426 0.029687 0.158333
1 0.533333 0.042130 0.027083 0.137963
1 0.499740 0.037037 0.028646 0.148148
1 0.304427 0.132870 0.020313 0.143519
1 0.470313 -0.043519 0.027083 0.111111
1 0.096875 0.390278 0.032292 0.173148
1 0.067708 0.368981 0.025000 0.193519
1 0.518229 0.761574 0.063542 0.237963
1 0.553646 0.767593 0.040625 0.216667
1 0.406510 0.152778 0.025521 0.122222
1 0.395313 0.162500 0.033333 0.154630
1 0.297135 0.022222 0.021354 0.122222
7 0.327344 0.029167 0.031771 0.071296
1 0.185677 0.237963 0.025521 0.155556
7 0.651563 0.082407 0.031250 0.109259
1 0.169271 0.856481 0.038542 0.240741
1 0.128646 0.833333 0.045833 0.251852
1 0.282552 0.166204 0.029687 0.158333
1 0.173177 0.125000 0.022396 0.151852
1 0.200521 0.182870 0.027083 0.162037
1 0.901302 0.673148 0.045312 0.198148
1 0.163542 0.194444 0.027083 0.157407
1 0.202604 0.163426 0.025000 0.163889
1 0.128906 0.200000 0.031771 0.146296
1 0.133594 0.182407 0.028646 0.161111
1 0.161979 0.161574 0.029167 0.163889
1 0.149479 0.141667 0.026042 0.150000
1 0.117708 0.174074 0.020833 0.159259
1 0.472396 0.039815 0.025000 0.150000
1 0.224219 0.252778 0.031771 0.168519
1 0.258073 0.213426 0.038021 0.171296
1 0.917188 0.403704 0.046875 0.198148
1 0.856510 0.371296 0.033854 0.179630
1 0.793490 0.056019 0.029687 0.136111
1 0.925000 0.266667 0.030208 0.159259
1 0.886458 0.100000 0.027083 0.153704
1 0.855469 0.096759 0.028646 0.162037
1 0.979167 0.270833 0.039583 0.175000
1 0.219531 0.095370 0.023438 0.146296
1 0.194531 0.102778 0.029687 0.135185
1 0.261979 -0.027315 0.022917 0.126852
1 0.235677 -0.035648 0.024479 0.126852
1 0.704167 -0.041204 0.026042 0.115741
7 0.647135 0.072222 0.033854 0.087037
