1 0.446615 0.444444 0.036979 0.159259
1 0.381250 0.415741 0.025000 0.118519
1 0.294010 0.411111 0.018229 0.092593
1 0.938281 0.600463 0.127604 0.491667
1 0.203646 0.420370 0.023958 0.127778
1 0.359896 0.422222 0.021875 0.107407
1 0.362500 0.409259 0.018750 0.092593
1 0.445573 0.414815 0.022396 0.118519
1 0.396094 0.413426 0.016146 0.102778
1 0.170313 0.410185 0.017708 0.087037
1 0.160156 0.418056 0.014063 0.069444
1 0.191146 0.417130 0.017708 0.087963
1 0.147396 0.406019 0.013542 0.056481
1 0.316667 0.399537 0.013542 0.063889
7 0.260156 0.406019 0.019271 0.045370
7 0.272396 0.409259 0.015625 0.044444
7 0.655990 0.426852 0.022396 0.114815
