1 0.018229 0.750000 0.025000 0.168519
1 0.672656 0.542593 0.009896 0.053704
1 0.724479 0.535185 0.011458 0.057407
1 0.829948 0.574074 0.019271 0.090741
1 0.805729 0.573148 0.020833 0.081481
1 0.786719 0.584259 0.013021 0.087037
1 0.794792 0.577778 0.017708 0.090741
1 0.715104 0.535648 0.010417 0.054630
1 0.779948 0.776389 0.044271 0.219444
1 0.835677 0.741667 0.060937 0.200000
1 0.704427 0.693981 0.031771 0.187963
1 0.820573 0.585648 0.017188 0.093519
1 0.726042 0.706944 0.030208 0.208333
1 0.748437 0.585648 0.017708 0.084259
1 0.770573 0.584722 0.023438 0.084259
1 0.891927 0.633333 0.025521 0.131481
1 0.840365 0.724074 0.052604 0.200000
1 0.918490 0.628704 0.024479 0.122222
1 0.893229 0.613889 0.027083 0.120370
1 0.729427 0.586111 0.025521 0.098148
