1 0.511979 0.428704 0.114583 0.583333
1 0.062760 0.516667 0.224479 1.070370
1 0.232813 0.400463 0.060417 0.306481
1 0.305469 0.398611 0.053646 0.300926
1 0.371615 0.369907 0.021354 0.117593
1 0.395052 0.358796 0.026562 0.121296
1 0.726042 0.357407 0.023958 0.125926
1 0.561979 0.411574 0.060417 0.375000
1 0.975000 0.357870 0.020833 0.104630
1 0.942708 0.360185 0.019792 0.098148
1 0.867708 0.350463 0.014583 0.073148
1 0.857031 0.353704 0.014063 0.074074
1 0.475521 0.376389 0.045833 0.282407
1 0.422396 0.360648 0.021875 0.110185
1 0.695312 0.356944 0.019792 0.100926
1 0.707552 0.362037 0.016146 0.087037
1 0.451823 0.360648 0.025521 0.110185
