1 0.847917 0.683333 0.051042 0.224074
1 0.254948 0.143519 0.034896 0.175926
1 0.399219 0.628704 0.038021 0.216667
1 0.915365 0.519907 0.041146 0.193519
1 0.533073 0.976389 0.047396 0.237963
1 0.351042 0.816667 0.036458 0.231481
7 0.377865 0.242593 0.040104 0.103704
7 0.367969 0.325463 0.029687 0.112037
1 0.428906 0.218056 0.027604 0.158333
1 0.772656 -0.014352 0.026562 0.121296
1 0.538802 0.099074 0.027604 0.148148
1 0.506510 0.084722 0.029687 0.156481
1 0.266406 0.130556 0.021354 0.151852
1 0.485938 0.018981 0.027083 0.139815
1 0.070573 0.410648 0.026562 0.173148
1 0.059375 0.390278 0.027083 0.184259
1 0.475781 0.617130 0.054688 0.215741
1 0.509896 0.625463 0.040625 0.199074
1 0.404687 0.152778 0.026042 0.133333
1 0.387240 0.162500 0.030729 0.156481
1 0.386198 0.043981 0.025521 0.136111
1 0.297135 0.022685 0.021354 0.123148
7 0.327344 0.029167 0.031771 0.071296
1 0.125260 0.318519 0.027604 0.162963
7 0.651563 0.082407 0.031250 0.109259
1 0.222135 0.690741 0.036979 0.218519
1 0.172396 0.679167 0.047917 0.237963
1 0.298177 0.142593 0.028646 0.151852
1 0.182552 0.129167 0.030729 0.150926
1 0.200521 0.182407 0.027083 0.162963
1 0.670833 0.567130 0.047917 0.187963
1 0.163021 0.194444 0.027083 0.157407
1 0.191667 0.162963 0.027083 0.161111
1 0.134115 0.200926 0.039062 0.142593
1 0.134375 0.180556 0.032292 0.162963
1 0.158333 0.156019 0.029167 0.160185
1 0.148177 0.140741 0.026562 0.151852
1 0.117708 0.174074 0.020833 0.159259
1 0.448958 0.046296 0.023958 0.151852
1 0.235417 0.177315 0.028125 0.160185
1 0.254427 0.317593 0.043229 0.185185
1 0.993490 0.484722 0.040104 0.178704
1 0.913281 0.457870 0.033854 0.189815
1 0.805990 0.012500 0.028646 0.136111
1 0.932813 0.198148 0.028125 0.150000
1 0.947917 0.141204 0.034375 0.152778
1 0.962500 0.144444 0.037500 0.159259
1 0.885938 0.147222 0.035417 0.159259
1 0.232292 0.048611 0.021875 0.136111
1 0.203646 0.049074 0.035417 0.127778
1 0.721615 -0.035185 0.030729 0.125926
7 0.646615 0.074537 0.032813 0.086111
1 0.651563 0.076389 0.034375 0.084259
