0 0.616146 0.366667 0.032292 0.144444
0 0.439063 0.366667 0.030208 0.150000
0 0.219792 0.434259 0.110417 0.412963
0 0.489583 0.375000 0.029167 0.140741
0 0.565625 0.342130 0.016667 0.065741
0 0.637500 0.381481 0.027083 0.220370
0 0.324479 0.354630 0.020833 0.094444
0 0.629687 0.382870 0.031250 0.195370
0 0.072656 0.381481 0.036979 0.140741
0 0.510417 0.339352 0.014583 0.058333
0 0.529948 0.334722 0.010937 0.037963
0 0.514844 0.335185 0.008854 0.044444
2 0.467187 0.360185 0.023958 0.064815
2 0.482552 0.367130 0.021354 0.063889
0 0.350781 0.346296 0.015104 0.066667
0 0.324479 0.343981 0.018750 0.076852
0 0.358333 0.343056 0.012500 0.060185
0 0.362500 0.344907 0.011458 0.058333
