1 0.742708 0.635185 0.053125 0.224074
1 0.252604 0.257870 0.038542 0.195370
1 0.084375 0.634259 0.043750 0.227778
1 0.915885 0.519907 0.040104 0.193519
1 0.504167 0.967130 0.036458 0.262037
1 0.352083 0.819444 0.046875 0.231481
7 0.377865 0.242593 0.040104 0.103704
7 0.367969 0.325463 0.029687 0.112037
1 0.429427 0.218519 0.030729 0.161111
1 0.784896 0.122685 0.027083 0.136111
1 0.615104 0.180093 0.026042 0.152778
1 0.575781 0.191667 0.028646 0.168519
1 0.281510 0.191667 0.027604 0.164815
1 0.504167 0.188426 0.036458 0.163889
1 0.069271 0.410648 0.025000 0.173148
1 0.050260 0.392593 0.044271 0.187037
1 0.432031 0.410648 0.042188 0.189815
1 0.464323 0.414352 0.040104 0.176852
1 0.486458 0.176852 0.022917 0.142593
1 0.413542 0.172222 0.025000 0.155556
1 0.380729 0.072222 0.027083 0.150000
1 0.296354 0.023148 0.021875 0.124074
7 0.327344 0.029167 0.031771 0.071296
1 0.132031 0.522685 0.029687 0.184259
7 0.651563 0.082407 0.031250 0.109259
1 0.320833 0.440741 0.032292 0.188889
1 0.273958 0.441204 0.037500 0.204630
1 0.269792 -0.017130 0.026042 0.137963
1 0.225781 -0.019444 0.022396 0.142593
1 0.293750 0.136574 0.023958 0.154630
1 0.193229 0.119907 0.028125 0.150926
1 0.198698 0.180093 0.026562 0.162037
1 0.353646 0.362500 0.028125 0.162037
1 0.164583 0.194907 0.027083 0.156481
1 0.187760 0.164352 0.023438 0.160185
1 0.124479 0.193519 0.028125 0.151852
1 0.144010 0.173148 0.023438 0.164815
1 0.160938 0.158333 0.029167 0.155556
1 0.152083 0.142593 0.028125 0.153704
1 0.117188 0.174074 0.020833 0.159259
1 0.466146 -0.030556 0.018750 0.127778
1 0.202083 0.069444 0.028125 0.148148
1 0.226302 0.590278 0.045312 0.223148
1 0.994531 0.675000 0.039062 0.214815
1 0.848437 0.073148 0.031250 0.133333
1 0.779687 -0.034722 0.020833 0.112037
1 0.133333 0.796759 0.043750 0.241667
1 0.115885 0.729167 0.057813 0.230556
7 0.645833 0.077315 0.032292 0.089815
