0 0.698177 0.558333 0.076563 0.424074
0 0.510417 0.475463 0.035417 0.158333
0 0.417448 0.447222 0.022396 0.109259
0 0.058333 0.500463 0.042708 0.189815
0 0.079427 0.482870 0.039062 0.178704
0 0.282292 0.458333 0.025000 0.118519
0 0.391146 0.454630 0.020833 0.103704
0 0.021354 0.507407 0.036458 0.185185
0 0.379948 0.442130 0.017188 0.080556
0 0.444792 0.445370 0.021875 0.103704
0 0.413281 0.445370 0.016146 0.100000
0 0.201042 0.452315 0.010417 0.060185
0 0.185677 0.445370 0.010937 0.061111
0 0.168490 0.446759 0.009896 0.054630
0 0.179948 0.445833 0.010937 0.050926
0 0.335938 0.435185 0.013542 0.062963
2 0.648958 0.456019 0.020833 0.104630
