1 0.733333 0.637037 0.053125 0.224074
1 0.239063 0.290278 0.038542 0.199074
1 0.072917 0.624074 0.047917 0.229630
1 0.915885 0.519907 0.040104 0.193519
1 0.513281 0.968519 0.035937 0.250000
1 0.353906 0.820833 0.051562 0.232407
7 0.377865 0.242593 0.040104 0.103704
7 0.367969 0.325463 0.029687 0.112037
1 0.429427 0.218519 0.030729 0.161111
1 0.790104 0.131481 0.027083 0.137037
1 0.639062 0.202778 0.020833 0.151852
1 0.605990 0.212037 0.029687 0.170370
1 0.284635 0.195370 0.025521 0.161111
1 0.486198 0.223148 0.035937 0.168519
1 0.069271 0.410648 0.025000 0.173148
1 0.076563 0.391204 0.031250 0.184259
1 0.411979 0.373148 0.036458 0.187037
1 0.440365 0.379167 0.035937 0.176852
1 0.537500 0.193981 0.022917 0.145370
1 0.456771 0.180556 0.026042 0.159259
1 0.380729 0.072222 0.027083 0.150000
1 0.295833 0.022222 0.021875 0.124074
7 0.327344 0.029167 0.031771 0.071296
1 0.132552 0.576852 0.029687 0.190741
7 0.651563 0.082407 0.031250 0.109259
1 0.329427 0.392593 0.029687 0.174074
1 0.282292 0.399074 0.037500 0.198148
1 0.255729 0.006944 0.026042 0.137963
1 0.221615 0.003241 0.023438 0.147222
1 0.293490 0.136574 0.024479 0.154630
1 0.209115 0.114352 0.026562 0.150926
1 0.198958 0.178241 0.027083 0.162037
1 0.307031 0.328704 0.027604 0.162963
1 0.164062 0.195370 0.027083 0.157407
1 0.186979 0.162500 0.022917 0.158333
1 0.124479 0.193519 0.028125 0.151852
1 0.147396 0.172685 0.027083 0.165741
1 0.160156 0.157407 0.028646 0.155556
1 0.152604 0.142593 0.028125 0.153704
1 0.117188 0.174074 0.020833 0.159259
1 0.477344 -0.039352 0.023438 0.119444
1 0.193229 0.054630 0.028125 0.148148
1 0.230729 0.655556 0.042708 0.225926
1 0.822396 0.048148 0.028125 0.133333
1 0.077083 0.726389 0.055208 0.232407
1 0.032031 0.676852 0.059896 0.220370
7 0.645833 0.076852 0.032292 0.090741
