1 0.735156 0.637500 0.053646 0.223148
1 0.235677 0.409722 0.042188 0.212037
1 0.074740 0.623148 0.043229 0.229630
1 0.916406 0.519907 0.039062 0.193519
1 0.636458 0.994907 0.043750 0.206481
1 0.354167 0.820833 0.052083 0.232407
7 0.377865 0.242593 0.040104 0.103704
7 0.367969 0.325463 0.029687 0.112037
1 0.429688 0.218519 0.031250 0.161111
1 1.006510 0.377315 0.036979 0.176852
1 0.788802 0.132407 0.027604 0.135185
1 0.793750 0.270370 0.026042 0.161111
1 0.763281 0.275000 0.038021 0.175926
1 0.420312 0.257870 0.032292 0.162037
1 0.529687 0.259259 0.035417 0.166667
1 0.082031 0.416667 0.025521 0.177778
1 0.086198 0.394907 0.034896 0.187963
1 0.452344 0.244444 0.027604 0.170370
1 0.473958 0.252778 0.028125 0.155556
1 0.551562 -0.039352 0.023958 0.112037
1 0.704167 0.263426 0.020833 0.150926
1 0.666406 0.231481 0.035937 0.150000
1 0.380469 0.070833 0.027604 0.150926
1 0.296094 0.022685 0.020313 0.119444
7 0.327344 0.029167 0.031771 0.071296
1 0.023438 0.784722 0.034375 0.213889
7 0.651563 0.080556 0.031250 0.107407
1 0.282292 0.261574 0.028125 0.163889
1 0.275260 0.275463 0.040104 0.180556
1 0.239844 0.093981 0.026562 0.147222
1 0.212240 0.100926 0.027604 0.150000
1 0.292708 0.136574 0.023958 0.154630
1 0.266927 0.112963 0.028646 0.148148
1 0.199479 0.178704 0.028125 0.162963
1 0.261458 0.182407 0.030208 0.142593
1 0.164583 0.192593 0.027083 0.157407
1 0.187500 0.160185 0.023958 0.162963
1 0.122656 0.196296 0.025521 0.151852
1 0.146615 0.169907 0.025521 0.171296
1 0.151823 0.150926 0.029687 0.155556
1 0.152604 0.142593 0.028125 0.153704
1 0.117708 0.174074 0.020833 0.159259
1 0.487500 -0.045370 0.020833 0.107407
1 0.185156 -0.024537 0.022396 0.121296
1 0.227604 0.950463 0.050000 0.249074
7 0.648438 0.072685 0.034375 0.100926
