1 0.592187 0.322685 0.029167 0.132407
1 0.402865 0.327315 0.031771 0.160185
1 0.445573 0.331481 0.026562 0.146296
1 0.623958 0.312963 0.031250 0.111111
1 0.800521 0.400000 0.098958 0.444444
1 0.368750 0.321759 0.020833 0.104630
1 0.750781 0.386574 0.058854 0.371296
1 0.523698 0.298611 0.015104 0.063889
1 0.044531 0.421296 0.055729 0.340741
1 0.063542 0.317593 0.025000 0.120370
1 0.068750 0.316204 0.017708 0.086111
1 0.097917 0.318981 0.019792 0.084259
1 0.553646 0.297685 0.012500 0.052778
1 0.542188 0.291667 0.010417 0.051852
7 0.473698 0.325463 0.024479 0.086111
7 0.496615 0.333333 0.025521 0.083333
1 0.309115 0.295833 0.013021 0.045370
1 0.319010 0.299074 0.010937 0.046296
1 0.331510 0.291667 0.010937 0.038889
1 0.337240 0.292130 0.010937 0.041667
1 0.384375 0.308333 0.011458 0.057407
1 0.345833 0.293519 0.010417 0.037037
1 0.352604 0.290278 0.010417 0.037963
