1 0.632812 0.361111 0.030208 0.142593
1 0.459375 0.348148 0.029167 0.142593
1 0.282552 0.423611 0.080729 0.380556
1 1.033073 0.675000 0.159896 0.748148
1 0.225781 0.387037 0.067187 0.292593
1 0.500521 0.350926 0.029167 0.129630
1 0.546615 0.323148 0.014063 0.055556
1 0.592708 0.355556 0.037500 0.159259
1 0.318490 0.339352 0.021354 0.100926
1 0.599219 0.356481 0.025521 0.148148
1 0.699479 0.347685 0.021875 0.113889
1 -0.000260 0.357870 0.026562 0.158333
1 0.515885 0.330556 0.009896 0.037037
7 0.462240 0.342593 0.025521 0.057407
7 0.481771 0.344444 0.018750 0.057407
1 0.393750 0.323148 0.015625 0.062963
1 0.370312 0.321296 0.015625 0.072222
1 0.354687 0.323611 0.012500 0.060185
1 0.367188 0.323611 0.011458 0.058333
