1 0.933594 0.700000 0.050521 0.222222
1 0.925260 0.570833 0.027604 0.093519
1 0.867188 0.560185 0.018750 0.103704
1 0.010417 0.613426 0.028125 0.137963
1 0.040365 0.617593 0.031771 0.138889
1 0.118490 0.606019 0.024479 0.121296
1 0.092188 0.608333 0.023958 0.112963
1 0.178646 0.572222 0.020833 0.101852
1 0.151562 0.600463 0.023958 0.130556
1 0.761458 0.521759 0.011458 0.050926
1 0.688802 0.527778 0.014063 0.064815
1 0.748958 0.517593 0.010417 0.053704
1 0.438021 0.485185 0.007292 0.029630
1 0.122396 0.552778 0.016667 0.083333
1 0.298177 0.508796 0.008854 0.043519
1 0.107813 0.594444 0.019792 0.125926
1 0.573698 0.490278 0.009896 0.039815
1 0.784635 0.514815 0.016146 0.062963
1 0.319531 0.512963 0.009896 0.059259
1 0.329167 0.518981 0.010417 0.058333
1 0.286719 0.512037 0.009896 0.057407
1 0.309375 0.505556 0.010417 0.055556
1 0.741146 0.512037 0.012500 0.057407
1 0.602865 0.502778 0.009896 0.044444
1 0.609896 0.506944 0.009375 0.045370
1 0.682552 0.507870 0.011979 0.049074
1 0.676302 0.511111 0.010937 0.050000
1 0.076302 0.602778 0.016146 0.098148
1 0.767188 0.514815 0.010417 0.053704
1 0.689323 0.502778 0.011979 0.048148
