0 0.816146 0.676852 0.043750 0.225926
0 0.253125 0.196296 0.037500 0.185185
0 0.217969 0.652778 0.047396 0.229630
0 0.915625 0.519907 0.040625 0.193519
0 0.503906 0.970833 0.038021 0.156481
0 0.351042 0.816667 0.036458 0.231481
2 0.377865 0.242593 0.040104 0.103704
2 0.367969 0.325463 0.029687 0.112037
0 0.429427 0.218519 0.030729 0.161111
0 0.556250 0.144907 0.026042 0.149074
0 0.529167 0.147685 0.031250 0.167593
0 0.280729 0.169907 0.019792 0.154630
0 0.500000 0.109722 0.032292 0.156481
0 0.069531 0.410648 0.025521 0.173148
0 0.053125 0.392130 0.039583 0.186111
0 0.455990 0.502778 0.042188 0.196296
0 0.485677 0.505093 0.036979 0.184259
0 0.418750 0.160648 0.022917 0.141667
0 0.390365 0.167593 0.026562 0.155556
0 0.382812 0.077315 0.026042 0.141667
0 0.137760 0.419444 0.028646 0.175926
2 0.651563 0.082407 0.031250 0.109259
0 0.283073 0.551389 0.034896 0.202778
0 0.237500 0.538426 0.042708 0.213889
0 0.294271 0.136111 0.023958 0.153704
0 0.177604 0.122685 0.027083 0.149074
0 0.202865 0.181481 0.029687 0.164815
0 0.501823 0.449074 0.035937 0.174074
0 0.160938 0.200926 0.027083 0.157407
0 0.196354 0.165741 0.029167 0.157407
0 0.123958 0.201389 0.028125 0.150926
0 0.129948 0.182870 0.023438 0.175000
0 0.152604 0.159259 0.029167 0.150000
0 0.151562 0.142593 0.028125 0.153704
0 0.117188 0.174074 0.020833 0.159259
0 0.232552 0.122222 0.027604 0.155556
0 0.229427 0.450926 0.043229 0.200000
0 0.971094 0.566204 0.034896 0.193519
0 0.910937 0.130556 0.032292 0.144444
0 0.219010 0.977315 0.052604 0.145370
0 0.236458 0.902778 0.040625 0.221296
2 0.645833 0.076852 0.032292 0.087037
0 0.651042 0.076852 0.035417 0.085185
