0 0.844271 0.653241 0.034375 0.217593
0 0.250521 0.070370 0.033333 0.162963
0 0.436719 0.673148 0.040104 0.237037
0 0.915365 0.519907 0.041146 0.197222
0 0.558333 0.982407 0.043750 0.235185
0 0.351042 0.816667 0.036458 0.231481
2 0.377865 0.242593 0.040104 0.103704
2 0.367969 0.325463 0.029687 0.112037
0 0.422396 0.213889 0.032292 0.157407
0 0.529687 0.031019 0.027083 0.137963
0 0.497917 0.021759 0.028125 0.147222
0 0.319792 0.129167 0.018750 0.136111
0 0.106510 0.376389 0.033854 0.176852
0 0.078385 0.353704 0.027604 0.192593
0 0.539583 0.809722 0.064583 0.239815
0 0.571615 0.815278 0.042188 0.219444
0 0.405208 0.148148 0.023958 0.137037
0 0.416667 0.154630 0.027083 0.155556
0 0.297135 0.022222 0.021354 0.122222
2 0.327344 0.029167 0.031771 0.071296
0 0.213802 0.219444 0.027604 0.151852
2 0.651563 0.082407 0.031250 0.109259
0 0.156771 0.904167 0.041667 0.239815
0 0.127083 0.873611 0.050000 0.258333
0 0.285677 0.179167 0.030729 0.160185
0 0.166146 0.114352 0.023958 0.150926
0 0.200521 0.182870 0.027083 0.162037
0 0.960677 0.721759 0.041146 0.199074
0 0.163802 0.193519 0.026562 0.157407
0 0.199479 0.167130 0.023958 0.162037
0 0.128646 0.200000 0.031250 0.146296
0 0.127604 0.182870 0.028125 0.160185
0 0.162500 0.163426 0.029167 0.160185
0 0.147917 0.146759 0.026042 0.145370
0 0.117708 0.174074 0.020833 0.159259
0 0.471615 0.029167 0.025521 0.149074
0 0.217708 0.277315 0.031250 0.176852
0 0.255469 0.184722 0.033854 0.167593
0 0.896615 0.365278 0.038021 0.182407
0 0.840365 0.343981 0.028646 0.173148
0 0.788802 0.064352 0.028646 0.132407
0 0.941146 0.287963 0.036458 0.161111
0 0.878125 0.076852 0.027083 0.148148
0 0.847917 0.069907 0.028125 0.158333
0 1.000521 0.313426 0.037500 0.178704
0 0.223177 0.110648 0.024479 0.149074
0 0.198437 0.115741 0.026042 0.138889
0 0.201302 -0.028241 0.023438 0.119444
0 0.220052 -0.014352 0.026562 0.141667
0 0.272135 -0.027778 0.023438 0.133333
2 0.647396 0.071759 0.033333 0.086111
