1 0.788281 0.661111 0.046354 0.229630
1 0.255729 0.214352 0.037500 0.187963
1 0.156510 0.653704 0.053646 0.237037
1 0.915625 0.519907 0.040625 0.193519
1 0.505729 0.971759 0.039583 0.252778
1 0.349740 0.820833 0.036979 0.230556
7 0.377865 0.242593 0.040104 0.103704
7 0.367969 0.325463 0.029687 0.112037
1 0.429427 0.218519 0.030729 0.161111
1 0.774219 0.086111 0.025521 0.133333
1 0.574740 0.152315 0.026562 0.147222
1 0.541146 0.166204 0.031250 0.167593
1 0.278646 0.176852 0.022917 0.161111
1 0.503906 0.139352 0.032813 0.160185
1 0.069531 0.410648 0.025521 0.173148
1 0.052344 0.392593 0.041146 0.187037
1 0.448698 0.468519 0.047396 0.201852
1 0.480208 0.475926 0.036458 0.183333
1 0.443229 0.170833 0.025000 0.141667
1 0.397656 0.172685 0.023438 0.156481
1 0.380469 0.072685 0.026562 0.149074
1 0.297135 0.022685 0.021354 0.123148
7 0.327344 0.029167 0.031771 0.071296
1 0.139063 0.456944 0.030208 0.180556
7 0.651563 0.082407 0.031250 0.109259
1 0.296354 0.510185 0.033333 0.200000
1 0.256250 0.497685 0.032292 0.210185
1 0.277604 -0.041667 0.026042 0.114815
1 0.250260 -0.039352 0.023438 0.119444
1 0.294010 0.136574 0.023438 0.154630
1 0.177604 0.122685 0.027083 0.149074
1 0.198698 0.182407 0.026562 0.162963
1 0.439844 0.417593 0.035937 0.170370
1 0.160938 0.200000 0.027083 0.157407
1 0.189844 0.165278 0.022396 0.162037
1 0.128385 0.195370 0.028646 0.148148
1 0.139583 0.176852 0.023958 0.170370
1 0.158594 0.165278 0.028646 0.141667
1 0.152083 0.142593 0.028125 0.153704
1 0.117188 0.174074 0.020833 0.159259
1 0.460677 -0.006019 0.018229 0.137963
1 0.226562 0.100926 0.027083 0.153704
1 0.218750 0.502315 0.042708 0.210185
1 0.979688 0.608333 0.033333 0.198148
1 0.889583 0.109722 0.029167 0.141667
1 0.818490 0.005093 0.026562 0.130556
1 0.183594 0.909259 0.050521 0.255556
1 0.199219 0.834722 0.039062 0.247222
1 0.226562 -0.016667 0.021875 0.124074
1 0.202604 -0.019444 0.022917 0.124074
1 0.717708 -0.033796 0.028125 0.130556
7 0.645833 0.076852 0.032292 0.087037
1 0.650781 0.076852 0.035937 0.085185
