1 0.865625 0.566667 0.025000 0.112963
1 0.772656 0.562963 0.023438 0.112963
1 0.207292 0.535648 0.011458 0.065741
1 0.652604 0.519907 0.013542 0.058333
1 0.630990 0.533333 0.018229 0.079630
1 0.658594 0.517593 0.010937 0.055556
1 0.161719 0.535185 0.009896 0.057407
1 0.486979 0.489815 0.010417 0.044444
1 0.672656 0.514815 0.010937 0.061111
1 0.200000 0.535185 0.010417 0.062963
1 0.203646 0.542593 0.011458 0.059259
1 0.153646 0.536574 0.012500 0.067593
1 0.176042 0.529167 0.012500 0.063889
1 0.518490 0.507407 0.009896 0.055556
1 0.527083 0.508333 0.010417 0.053704
1 0.589323 0.506019 0.016146 0.056481
1 0.575000 0.509259 0.011458 0.057407
1 0.679948 0.515278 0.015104 0.065741
1 0.621875 0.506944 0.009375 0.056481
1 0.639844 0.505556 0.014063 0.059259
1 0.537240 0.506944 0.011979 0.045370
