1 0.136719 0.619444 0.019271 0.109259
1 0.582552 0.500926 0.011979 0.050000
1 0.123698 0.621296 0.018229 0.105556
1 0.126823 0.627315 0.017188 0.097222
1 0.120313 0.637963 0.016667 0.101852
1 0.043490 0.631944 0.022396 0.104630
1 0.694010 0.581481 0.025521 0.111111
1 0.726302 0.563426 0.022396 0.110185
1 0.695052 0.558333 0.021354 0.107407
1 0.816146 0.529630 0.018750 0.094444
1 0.717708 0.561574 0.035417 0.121296
1 0.037240 0.634722 0.026562 0.112037
1 0.668750 0.521759 0.013542 0.071296
1 0.676823 0.536574 0.016146 0.082407
1 0.730729 0.558333 0.020833 0.105556
1 0.632292 0.522685 0.018750 0.071296
1 0.620573 0.511111 0.011979 0.046296
1 0.657552 0.525463 0.015104 0.073148
1 0.646875 0.522222 0.012500 0.066667
