0 0.846094 0.654630 0.051562 0.214815
0 0.359375 0.647685 0.046875 0.230556
0 0.916406 0.516667 0.038021 0.196296
0 0.471615 0.981019 0.040104 0.133333
0 0.351042 0.816667 0.036458 0.231481
2 0.377865 0.242593 0.040104 0.103704
2 0.367969 0.325463 0.029687 0.112037
0 0.427604 0.205556 0.033333 0.161111
0 0.336979 0.125463 0.020833 0.128704
0 0.193490 0.242593 0.025521 0.155556
0 0.165104 0.242593 0.034375 0.175926
0 0.405729 0.141204 0.029167 0.147222
0 0.399219 0.115278 0.028646 0.156481
2 0.651563 0.081481 0.031250 0.109259
0 0.305469 0.187500 0.030729 0.158333
0 0.200000 0.178704 0.025000 0.159259
0 0.163021 0.192593 0.026042 0.155556
0 0.189844 0.165741 0.024479 0.161111
0 0.135417 0.200000 0.025000 0.151852
0 0.122656 0.181481 0.025521 0.166667
0 0.148958 0.167130 0.028125 0.160185
0 0.176042 0.150000 0.026042 0.150000
0 0.118750 0.172222 0.020833 0.159259
0 0.163281 0.622685 0.039062 0.221296
0 0.567969 0.629630 0.043229 0.229630
0 0.526823 0.647685 0.035937 0.221296
0 0.816146 0.117130 0.033333 0.152778
0 0.756250 0.114352 0.025000 0.145370
0 0.782292 0.110185 0.031250 0.140741
0 0.241927 0.323148 0.027604 0.177778
0 0.214062 0.323148 0.037500 0.164815
0 0.149479 0.136574 0.022917 0.160185
0 0.261979 0.186574 0.029167 0.163889
0 0.235417 0.185185 0.028125 0.159259
0 0.264583 0.166667 0.027083 0.157407
