1 0.735677 0.637500 0.053646 0.223148
1 0.229427 0.432407 0.043229 0.214815
1 0.074740 0.623611 0.043229 0.230556
1 0.916406 0.519907 0.039062 0.193519
1 0.646875 1.001389 0.041667 0.193519
1 0.354167 0.820833 0.052083 0.232407
7 0.377865 0.242593 0.040104 0.103704
7 0.367969 0.325463 0.029687 0.112037
1 0.429688 0.218519 0.031250 0.161111
1 0.987760 0.348611 0.036979 0.176852
1 0.788542 0.132407 0.027083 0.135185
1 0.820833 0.281944 0.026042 0.158333
1 0.784635 0.287963 0.030729 0.181481
1 0.469531 0.264352 0.031771 0.160185
1 0.541146 0.242130 0.038542 0.162037
1 0.098698 0.422685 0.032813 0.175000
1 0.100000 0.399537 0.034375 0.191667
1 0.460677 0.229167 0.029687 0.169444
1 0.482031 0.234722 0.027604 0.152778
1 0.552083 -0.025000 0.023958 0.112963
1 0.532813 -0.024537 0.021875 0.110185
1 0.725000 0.276389 0.020833 0.154630
1 0.699219 0.240278 0.027604 0.154630
1 0.380469 0.070833 0.027604 0.150926
1 0.295833 0.022222 0.018750 0.120370
7 0.327344 0.029167 0.031771 0.071296
1 0.020573 0.824537 0.034896 0.219444
7 0.651563 0.080093 0.031250 0.106481
1 0.269792 0.244907 0.028125 0.163889
1 0.277083 0.256944 0.043750 0.180556
1 0.242708 0.109722 0.026042 0.147222
1 0.216927 0.119907 0.025521 0.149074
1 0.292708 0.136574 0.022917 0.154630
1 0.267448 0.112963 0.027604 0.148148
1 0.199219 0.179167 0.027604 0.163889
1 0.240104 0.165278 0.027083 0.141667
1 0.160938 0.192593 0.027083 0.157407
1 0.191406 0.162037 0.021354 0.157407
1 0.123177 0.194444 0.025521 0.151852
1 0.145313 0.169444 0.023958 0.170370
1 0.151042 0.156019 0.030208 0.156481
1 0.152083 0.142593 0.028125 0.153704
1 0.118229 0.174074 0.020833 0.159259
1 0.486979 -0.045833 0.020833 0.106481
1 0.226302 0.992593 0.051562 0.216667
7 0.648698 0.067130 0.033854 0.100926
