1 0.455990 0.443981 0.032813 0.152778
1 0.399740 0.418056 0.022396 0.113889
1 0.319271 0.419444 0.018750 0.098148
1 0.941927 0.601389 0.105729 0.519444
1 -0.010937 0.463426 0.048958 0.213889
1 0.202344 0.436574 0.026562 0.130556
1 0.381250 0.422222 0.020833 0.107407
1 0.385937 0.413426 0.020833 0.097222
1 0.066667 0.445833 0.030208 0.134259
1 0.467708 0.421296 0.023958 0.133333
1 0.419010 0.416204 0.016146 0.102778
1 0.185417 0.420370 0.017708 0.087037
1 0.182812 0.421759 0.013542 0.073148
1 0.212500 0.419907 0.017708 0.087963
1 0.176823 0.405556 0.010937 0.051852
1 0.332813 0.406019 0.013542 0.063889
1 0.013021 0.432407 0.017708 0.101852
7 0.284115 0.414815 0.018229 0.046296
7 0.292708 0.412963 0.015625 0.044444
7 0.678646 0.429630 0.023958 0.120370
