1 0.827083 0.664815 0.040625 0.224074
1 0.252865 0.094907 0.038021 0.167593
1 0.447135 0.681944 0.039062 0.237963
1 0.918229 0.520370 0.036458 0.190741
1 0.555729 0.983333 0.046875 0.231481
1 0.351042 0.816667 0.036458 0.231481
7 0.377865 0.242593 0.040104 0.103704
7 0.367969 0.325463 0.029687 0.112037
1 0.426302 0.213426 0.030729 0.158333
1 0.533854 0.048611 0.027083 0.137963
1 0.499740 0.044444 0.028646 0.148148
1 0.300260 0.129167 0.020313 0.143519
1 0.469792 -0.038889 0.027083 0.116667
1 0.091146 0.393519 0.031250 0.179630
1 0.061719 0.375463 0.021354 0.200926
1 0.514062 0.749537 0.064583 0.234259
1 0.551302 0.754167 0.039062 0.217593
1 0.406510 0.156481 0.025521 0.122222
1 0.388802 0.162500 0.033854 0.154630
1 0.387500 -0.035648 0.025000 0.126852
1 0.297135 0.022222 0.021354 0.122222
7 0.327344 0.029167 0.031771 0.071296
1 0.179427 0.245370 0.025521 0.155556
7 0.651563 0.082407 0.031250 0.109259
1 0.173437 0.837037 0.038542 0.240741
1 0.133594 0.813426 0.047396 0.247222
1 0.279948 0.166204 0.030729 0.158333
1 0.176042 0.126389 0.026042 0.152778
1 0.200521 0.182870 0.027083 0.162037
1 0.885417 0.658796 0.034375 0.195370
1 0.163542 0.194444 0.027083 0.157407
1 0.202604 0.163426 0.025000 0.163889
1 0.129167 0.200000 0.032292 0.146296
1 0.134375 0.182407 0.029167 0.161111
1 0.161719 0.161574 0.029687 0.163889
1 0.150000 0.141667 0.026042 0.150000
1 0.117708 0.174074 0.020833 0.159259
1 0.470573 0.041667 0.024479 0.150000
1 0.225000 0.241667 0.031250 0.166667
1 0.260417 0.224537 0.033333 0.175000
1 0.925260 0.411111 0.040104 0.198148
1 0.860156 0.380093 0.030729 0.182407
1 0.793490 0.054167 0.029687 0.136111
1 0.921094 0.260185 0.034896 0.161111
1 0.890365 0.108333 0.026562 0.151852
1 0.857812 0.104167 0.029167 0.162037
1 0.973698 0.258333 0.042188 0.174074
1 0.220833 0.091667 0.022917 0.146296
1 0.194271 0.098148 0.029167 0.135185
1 0.265625 -0.031944 0.022917 0.126852
1 0.238021 -0.037963 0.023958 0.118519
1 0.706771 -0.039815 0.026042 0.118519
7 0.647135 0.072222 0.033854 0.087037
