1 0.735677 0.637500 0.053646 0.223148
1 0.228125 0.437037 0.043750 0.214815
1 0.074740 0.623611 0.043229 0.230556
1 0.916406 0.519907 0.039062 0.193519
1 0.646615 1.003241 0.040104 0.189815
1 0.354167 0.820833 0.052083 0.232407
7 0.377865 0.242593 0.040104 0.103704
7 0.367969 0.325463 0.029687 0.112037
1 0.429688 0.218519 0.031250 0.161111
1 0.983333 0.339352 0.037500 0.176852
1 0.788542 0.132407 0.027083 0.135185
1 0.825781 0.285185 0.026562 0.159259
1 0.788542 0.292130 0.031250 0.180556
1 0.479948 0.265278 0.030729 0.160185
1 0.542969 0.237500 0.039062 0.163889
1 0.103385 0.425000 0.034896 0.175926
1 0.105208 0.401852 0.033333 0.192593
1 0.462500 0.225463 0.030208 0.167593
1 0.483594 0.231019 0.026562 0.152778
1 0.552083 -0.021296 0.023958 0.112963
1 0.532292 -0.018981 0.021875 0.110185
1 0.728906 0.279167 0.021354 0.154630
1 0.704688 0.242130 0.027083 0.154630
1 0.380469 0.070833 0.027604 0.150926
1 0.295573 0.022222 0.018229 0.120370
7 0.327344 0.029167 0.031771 0.071296
1 0.019010 0.837037 0.034896 0.222222
7 0.651042 0.080556 0.033333 0.107407
1 0.269792 0.241204 0.028125 0.163889
1 0.278646 0.252778 0.046875 0.179630
1 0.244010 0.113889 0.027604 0.148148
1 0.219792 0.123611 0.026042 0.149074
1 0.292708 0.136574 0.022917 0.154630
1 0.267448 0.112963 0.027604 0.148148
1 0.199219 0.179167 0.027604 0.163889
1 0.232813 0.160648 0.027083 0.141667
1 0.160938 0.192593 0.027083 0.157407
1 0.191667 0.162500 0.021875 0.156481
1 0.123698 0.194444 0.025521 0.151852
1 0.144792 0.169444 0.023958 0.170370
1 0.150000 0.156944 0.030208 0.156481
1 0.152083 0.142593 0.028125 0.153704
1 0.118229 0.174074 0.020833 0.159259
1 0.486719 -0.045833 0.020313 0.106481
1 0.222917 0.997685 0.051042 0.206481
7 0.648177 0.063889 0.033854 0.105556
