0 0.844792 0.654630 0.048958 0.214815
0 0.307031 0.609722 0.043229 0.223148
0 0.914323 0.518981 0.048438 0.193519
0 0.520573 0.983333 0.039062 0.130556
0 0.351042 0.816667 0.036458 0.231481
2 0.377865 0.242593 0.040104 0.103704
2 0.367969 0.325463 0.029687 0.112037
0 0.433594 0.213426 0.033854 0.156481
0 0.333854 0.126852 0.019792 0.131481
0 0.144792 0.316667 0.031250 0.170370
0 0.113021 0.311111 0.038542 0.185185
0 0.605469 0.968056 0.053646 0.151852
0 0.641406 0.973148 0.049479 0.138889
0 0.403125 0.145370 0.021875 0.140741
0 0.414583 0.124537 0.027083 0.160185
0 0.270573 0.150000 0.023438 0.144444
2 0.651563 0.082407 0.031250 0.109259
0 0.301823 0.183796 0.028646 0.163889
0 0.157812 0.074537 0.030208 0.145370
0 0.200521 0.183333 0.026042 0.159259
0 0.163021 0.193056 0.025000 0.156481
0 0.199219 0.166204 0.024479 0.158333
0 0.132292 0.198611 0.026042 0.147222
0 0.119531 0.181019 0.026562 0.167593
0 0.151562 0.166204 0.029167 0.162037
0 0.157812 0.143519 0.027083 0.151852
0 0.198698 0.367593 0.032813 0.187037
0 0.266927 0.102778 0.031771 0.161111
0 0.865625 0.279167 0.040625 0.175000
0 0.813542 0.263426 0.029167 0.165741
0 0.786458 0.070370 0.030208 0.131481
0 0.245833 0.156019 0.023958 0.156481
0 0.226823 0.165741 0.024479 0.140741
2 0.647396 0.056944 0.034375 0.112037
