1 0.644271 0.351389 0.032292 0.145370
1 0.461979 0.344444 0.030208 0.146296
1 0.198177 0.396296 0.090104 0.351852
1 0.509375 0.351852 0.029167 0.137037
1 0.572656 0.326852 0.015104 0.066667
1 0.631250 0.362500 0.027083 0.184259
1 0.338542 0.327778 0.020833 0.094444
1 0.629948 0.358796 0.026562 0.165741
1 0.163281 0.341204 0.029687 0.141667
1 0.525260 0.322685 0.014063 0.058333
1 0.301563 0.350463 0.023958 0.145370
1 0.541146 0.316667 0.009375 0.038889
1 0.531250 0.315741 0.008333 0.044444
7 0.481250 0.335648 0.023958 0.062037
7 0.499479 0.340741 0.020833 0.061111
1 0.390365 0.317593 0.015104 0.066667
1 0.370573 0.313426 0.015104 0.075000
1 0.372917 0.320833 0.012500 0.060185
1 0.384375 0.318981 0.011458 0.058333
