1 0.555729 0.402315 0.036458 0.152778
1 0.495833 0.392593 0.027083 0.131481
1 0.471875 0.381481 0.029167 0.144444
1 0.777865 0.619907 0.117188 0.639815
1 0.918229 0.633796 0.135417 0.682407
1 0.349479 0.385185 0.048958 0.175926
1 0.506510 0.379630 0.022396 0.118519
1 0.010937 0.404167 0.038542 0.178704
1 0.542188 0.387963 0.026042 0.120370
1 0.249219 0.375000 0.025521 0.111111
1 0.740885 0.450000 0.056771 0.329630
1 0.596354 0.383796 0.017708 0.106481
1 0.284375 0.373611 0.023958 0.121296
1 0.272135 0.379167 0.021354 0.112037
1 0.523698 0.381481 0.020313 0.092593
1 0.507292 0.375000 0.021875 0.096296
1 0.124740 0.343056 0.013021 0.069444
1 0.139583 0.367593 0.020833 0.105556
7 0.454688 0.373148 0.018750 0.050000
1 0.153646 0.352315 0.014583 0.063889
1 0.397135 0.359259 0.011979 0.059259
1 0.386979 0.352778 0.009375 0.057407
7 0.977344 0.434259 0.040104 0.166667
