0 0.957812 0.594907 0.042708 0.184259
0 0.126302 0.610185 0.019271 0.103704
0 0.559896 0.494444 0.012500 0.040741
0 0.115104 0.612037 0.017708 0.100000
0 0.112240 0.627778 0.016146 0.098148
0 0.039323 0.622685 0.021354 0.102778
0 0.671875 0.567130 0.021875 0.104630
0 0.690365 0.556944 0.018229 0.104630
0 0.675521 0.554630 0.033333 0.101852
0 0.695833 0.553704 0.028125 0.122222
0 0.031771 0.622222 0.025000 0.105556
0 0.705990 0.553704 0.018229 0.105556
0 0.609635 0.521759 0.019271 0.069444
0 0.594792 0.515278 0.012500 0.052778
0 0.634896 0.521759 0.015625 0.071296
0 0.622917 0.524074 0.011458 0.072222
