1 0.809635 0.673148 0.044271 0.225926
1 0.253646 0.200463 0.037500 0.186111
1 0.202083 0.653704 0.059375 0.229630
1 0.915625 0.519907 0.040625 0.193519
1 0.503385 0.968981 0.038021 0.254630
1 0.351042 0.816667 0.036458 0.231481
7 0.377865 0.242593 0.040104 0.103704
7 0.367969 0.325463 0.029687 0.112037
1 0.429427 0.218519 0.030729 0.161111
1 0.772396 0.064815 0.028125 0.129630
1 0.559635 0.143981 0.026562 0.147222
1 0.532292 0.154167 0.031250 0.167593
1 0.278646 0.169907 0.019792 0.154630
1 0.499740 0.118056 0.031771 0.160185
1 0.069531 0.410648 0.025521 0.173148
1 0.052865 0.392130 0.040104 0.186111
1 0.450521 0.499537 0.038542 0.199074
1 0.483333 0.499537 0.035417 0.186111
1 0.426563 0.163426 0.022917 0.141667
1 0.391146 0.168981 0.025000 0.154630
1 0.381250 0.075463 0.026042 0.141667
1 0.297135 0.022685 0.021354 0.123148
7 0.327344 0.029167 0.031771 0.071296
1 0.138021 0.429167 0.029167 0.178704
7 0.651563 0.082407 0.031250 0.109259
1 0.286198 0.539815 0.033854 0.200000
1 0.242708 0.530556 0.038542 0.216667
1 0.294010 0.136111 0.023438 0.153704
1 0.177604 0.122685 0.027083 0.149074
1 0.201823 0.181481 0.029687 0.164815
1 0.487500 0.437037 0.033333 0.170370
1 0.159896 0.200926 0.027083 0.157407
1 0.194271 0.165278 0.027083 0.160185
1 0.123958 0.200463 0.028125 0.152778
1 0.129948 0.181019 0.023438 0.171296
1 0.155208 0.163426 0.029167 0.141667
1 0.151562 0.142593 0.028125 0.153704
1 0.117188 0.174074 0.020833 0.159259
1 0.458073 0.006019 0.020313 0.139815
1 0.232552 0.120370 0.027604 0.155556
1 0.229948 0.458796 0.042188 0.200926
1 0.973437 0.581019 0.035417 0.197222
1 0.869531 -0.025926 0.027604 0.120370
1 0.907031 0.122685 0.029687 0.141667
1 0.835938 0.036111 0.032292 0.135185
1 0.211198 0.960185 0.051562 0.251852
1 0.227344 0.885648 0.044271 0.249074
1 0.228125 -0.005556 0.021875 0.124074
1 0.204167 -0.005556 0.022917 0.124074
1 0.718750 -0.033796 0.028125 0.130556
7 0.645833 0.076852 0.032292 0.087037
1 0.651042 0.076852 0.035417 0.085185
