1 0.530208 0.508333 0.013542 0.059259
1 0.554948 0.505556 0.009896 0.053704
1 0.669792 0.563426 0.025000 0.119444
1 0.647135 0.566204 0.023438 0.113889
1 0.623698 0.568981 0.011979 0.112037
1 0.634375 0.569444 0.020833 0.112963
1 0.546615 0.513426 0.015104 0.067593
1 0.549740 0.941667 0.067187 0.340741
1 0.512760 0.882870 0.060937 0.312037
1 0.507292 0.500000 0.013542 0.062963
1 0.403646 0.762037 0.042708 0.275926
1 0.946615 0.630093 0.033854 0.176852
1 0.406250 0.778704 0.064583 0.292593
1 0.554427 0.570833 0.023438 0.112037
1 0.590104 0.567130 0.021875 0.110185
1 0.828385 0.663426 0.043229 0.175000
1 0.540104 0.843981 0.033333 0.308333
1 0.859115 0.644444 0.038021 0.159259
1 0.821354 0.625926 0.032292 0.155556
1 0.558333 0.556944 0.025000 0.104630
