1 0.852604 0.571296 0.026042 0.116667
1 0.731250 0.561111 0.026042 0.109259
1 0.159375 0.540741 0.015625 0.066667
1 0.622135 0.540741 0.018229 0.087037
1 0.618490 0.522685 0.011979 0.060185
1 0.109115 0.537500 0.008854 0.062037
1 0.460156 0.489352 0.009896 0.043519
1 0.153646 0.540278 0.010417 0.067593
1 0.157812 0.548148 0.012500 0.062963
1 0.102083 0.543981 0.012500 0.067593
1 0.122396 0.532870 0.014583 0.067593
1 0.493490 0.508796 0.010937 0.054630
1 0.551823 0.509259 0.011979 0.057407
1 0.542708 0.511574 0.011458 0.058333
1 0.617188 0.522222 0.013542 0.061111
1 0.639583 0.518519 0.015625 0.068519
1 0.586719 0.506944 0.015104 0.058333
1 0.596875 0.503241 0.015625 0.060185
1 0.502865 0.507407 0.014063 0.059259
