1 0.142187 0.638426 0.018750 0.113889
1 0.607552 0.512037 0.013021 0.051852
1 0.127604 0.636111 0.018750 0.109259
1 0.132552 0.646296 0.017188 0.107407
1 0.125000 0.656481 0.016667 0.105556
1 0.044010 0.650926 0.023438 0.111111
1 0.718490 0.603241 0.027604 0.119444
1 0.764844 0.587500 0.025521 0.117593
1 0.708854 0.575926 0.017708 0.103704
1 0.862240 0.551852 0.018229 0.101852
1 0.732292 0.575463 0.022917 0.104630
1 0.035156 0.649537 0.025521 0.113889
1 0.697917 0.541204 0.015625 0.080556
1 0.713542 0.530093 0.012500 0.058333
1 0.717187 0.553704 0.015625 0.085185
1 0.761458 0.579167 0.022917 0.108333
1 0.747917 0.555556 0.018750 0.090741
1 0.659635 0.532407 0.016146 0.057407
1 0.684115 0.537037 0.014063 0.068519
1 0.675000 0.531944 0.012500 0.062037
