1 0.609375 0.334259 0.031250 0.135185
1 0.408854 0.342593 0.032292 0.162963
1 0.455208 0.346296 0.029167 0.148148
1 0.658854 0.332870 0.030208 0.125000
1 0.852604 0.428241 0.076042 0.528704
1 0.391667 0.331019 0.022917 0.102778
1 0.807031 0.410648 0.068229 0.437963
1 0.548698 0.317593 0.016146 0.062963
1 -0.006771 0.431019 0.055208 0.350926
1 0.040625 0.329630 0.036458 0.125926
1 0.071615 0.327315 0.020313 0.093519
1 0.094271 0.326852 0.021875 0.094444
1 0.578646 0.313426 0.012500 0.052778
1 0.562500 0.307407 0.012500 0.057407
7 0.491406 0.348148 0.028646 0.094444
7 0.516406 0.356944 0.026562 0.089815
1 0.327865 0.312963 0.013021 0.048148
1 0.337760 0.314352 0.011979 0.047222
1 0.350000 0.308796 0.011458 0.041667
1 0.354167 0.304630 0.011458 0.044444
1 0.365104 0.308796 0.010417 0.037963
1 0.373177 0.306944 0.010937 0.037963
