1 0.733333 0.637037 0.053125 0.224074
1 0.240625 0.286574 0.038542 0.199074
1 0.072917 0.625000 0.046875 0.229630
1 0.915885 0.519907 0.040104 0.193519
1 0.510417 0.968056 0.035417 0.256481
1 0.353646 0.820833 0.051042 0.232407
7 0.377865 0.242593 0.040104 0.103704
7 0.367969 0.325463 0.029687 0.112037
1 0.429427 0.218519 0.030729 0.161111
1 0.790104 0.131481 0.027083 0.137037
1 0.636979 0.200926 0.020833 0.153704
1 0.603125 0.208333 0.028125 0.170370
1 0.283073 0.195370 0.024479 0.161111
1 0.487240 0.219444 0.038021 0.168519
1 0.069271 0.410648 0.025000 0.173148
1 0.076302 0.392130 0.031771 0.186111
1 0.414323 0.378241 0.036979 0.186111
1 0.443229 0.382870 0.036458 0.176852
1 0.532292 0.191667 0.020833 0.144444
1 0.451562 0.180556 0.033333 0.159259
1 0.380729 0.072222 0.027083 0.150000
1 0.295833 0.022222 0.021875 0.124074
7 0.327344 0.029167 0.031771 0.071296
1 0.130990 0.569444 0.030729 0.188889
7 0.651563 0.082407 0.031250 0.109259
1 0.327865 0.400463 0.029687 0.180556
1 0.282031 0.405556 0.036979 0.200000
1 0.256771 0.004167 0.026042 0.137963
1 0.221615 -0.000463 0.023438 0.147222
1 0.293490 0.136574 0.024479 0.154630
1 0.207031 0.115278 0.026562 0.150926
1 0.198958 0.178241 0.027083 0.162037
1 0.310937 0.332407 0.028125 0.162963
1 0.164062 0.195370 0.027083 0.157407
1 0.187500 0.163889 0.022917 0.159259
1 0.124479 0.193519 0.028125 0.151852
1 0.147135 0.172685 0.026562 0.165741
1 0.160417 0.157407 0.029167 0.155556
1 0.152604 0.142593 0.028125 0.153704
1 0.117188 0.174074 0.020833 0.159259
1 0.475781 -0.038426 0.021354 0.121296
1 0.193750 0.054630 0.028125 0.148148
1 0.232031 0.650463 0.044271 0.226852
1 0.825000 0.051852 0.028125 0.133333
1 0.083333 0.733333 0.051042 0.233333
1 0.043750 0.683333 0.057292 0.224074
7 0.645833 0.076852 0.032292 0.090741
