1 0.635938 0.356481 0.031250 0.142593
1 0.462500 0.347222 0.029167 0.144444
1 0.254427 0.431481 0.098437 0.422222
1 1.029427 0.675926 0.173437 0.746296
1 0.220312 0.387963 0.078125 0.309259
1 0.502083 0.349074 0.029167 0.131481
1 0.554167 0.328241 0.014583 0.058333
1 0.601042 0.355093 0.029167 0.160185
1 0.322656 0.337500 0.021354 0.100926
1 0.606510 0.364352 0.024479 0.150926
1 0.713281 0.347685 0.021354 0.113889
1 0.308333 0.362037 0.021875 0.135185
1 -0.001302 0.361111 0.026562 0.151852
1 0.520833 0.328241 0.009375 0.037963
7 0.465885 0.344444 0.026562 0.059259
7 0.484896 0.349074 0.018750 0.057407
1 0.395313 0.326852 0.015625 0.064815
1 0.372396 0.322685 0.015625 0.073148
1 0.359896 0.327315 0.012500 0.060185
1 0.369792 0.320833 0.011458 0.058333
