1 0.736198 0.637500 0.053646 0.223148
1 0.223438 0.455093 0.044792 0.217593
1 0.074740 0.624074 0.043229 0.231481
1 0.916667 0.520833 0.038542 0.193519
1 0.627344 1.003241 0.040104 0.193519
1 0.354687 0.820833 0.052083 0.232407
7 0.377865 0.242593 0.040104 0.103704
7 0.367969 0.325463 0.029687 0.112037
1 0.429688 0.218519 0.031250 0.161111
1 0.970833 0.317130 0.032292 0.175000
1 0.788281 0.132407 0.027604 0.135185
1 0.843490 0.302315 0.027604 0.163889
1 0.798958 0.300000 0.031250 0.177778
1 0.527083 0.265741 0.038542 0.162963
1 0.546615 0.227778 0.041146 0.166667
1 0.116927 0.432407 0.033854 0.179630
1 0.122396 0.412037 0.030208 0.192593
1 0.467969 0.213889 0.027604 0.166667
1 0.489323 0.218056 0.024479 0.149074
1 0.552604 -0.006481 0.023958 0.112963
1 0.534115 -0.006944 0.022396 0.110185
1 0.745573 0.290278 0.025521 0.156481
1 0.723437 0.251389 0.022917 0.156481
1 0.380469 0.070833 0.027604 0.150926
1 0.394271 -0.027315 0.020833 0.100926
1 0.298438 0.020833 0.022917 0.121296
7 0.327344 0.029167 0.031771 0.071296
1 0.012760 0.866667 0.036979 0.220370
7 0.646875 0.082870 0.038542 0.108333
1 0.271615 0.228241 0.027604 0.163889
1 0.278646 0.241204 0.045833 0.175000
1 0.248958 0.131944 0.022917 0.152778
1 0.227865 0.142130 0.026562 0.152778
1 0.292448 0.136574 0.022396 0.154630
1 0.267969 0.112963 0.026562 0.148148
1 0.198958 0.179630 0.027083 0.164815
1 0.209115 0.152778 0.024479 0.142593
1 0.161719 0.192593 0.027604 0.157407
1 0.188802 0.161111 0.025521 0.161111
1 0.124219 0.194444 0.024479 0.151852
1 0.144010 0.170833 0.024479 0.165741
1 0.142187 0.156944 0.030208 0.156481
1 0.151562 0.142593 0.028125 0.153704
1 0.118750 0.174074 0.020833 0.159259
1 0.486458 -0.045833 0.019792 0.106481
1 0.222917 1.021759 0.043750 0.158333
