1 0.733333 0.637037 0.053125 0.224074
1 0.241667 0.284722 0.038542 0.199074
1 0.073177 0.625000 0.046354 0.229630
1 0.915885 0.519907 0.040104 0.193519
1 0.508854 0.967593 0.035417 0.259259
1 0.353646 0.820833 0.051042 0.232407
7 0.377865 0.242593 0.040104 0.103704
7 0.367969 0.325463 0.029687 0.112037
1 0.429427 0.218519 0.030729 0.161111
1 0.790104 0.131481 0.027083 0.137037
1 0.635938 0.199537 0.020833 0.154630
1 0.601823 0.206481 0.027604 0.170370
1 0.282292 0.194907 0.023958 0.162037
1 0.487760 0.217130 0.039062 0.167593
1 0.069271 0.410648 0.025000 0.173148
1 0.076042 0.392593 0.032292 0.187037
1 0.415365 0.380556 0.038021 0.187037
1 0.444531 0.384259 0.035937 0.175926
1 0.529687 0.190278 0.019792 0.145370
1 0.448698 0.180556 0.036979 0.159259
1 0.380729 0.072222 0.027083 0.150000
1 0.295833 0.022222 0.021875 0.124074
7 0.327344 0.029167 0.031771 0.071296
1 0.129948 0.565741 0.030729 0.187037
7 0.651563 0.082407 0.031250 0.109259
1 0.327083 0.404630 0.030208 0.183333
1 0.281771 0.408333 0.036458 0.201852
1 0.256771 0.002315 0.026042 0.137963
1 0.221094 -0.002315 0.023438 0.147222
1 0.293490 0.136574 0.024479 0.154630
1 0.205990 0.115278 0.026562 0.150926
1 0.198958 0.178241 0.027083 0.162037
1 0.312760 0.333796 0.028646 0.162037
1 0.164062 0.195370 0.027083 0.157407
1 0.187500 0.163889 0.022917 0.159259
1 0.124479 0.193519 0.028125 0.151852
1 0.147135 0.172685 0.026562 0.165741
1 0.160417 0.157407 0.029167 0.155556
1 0.152604 0.142593 0.028125 0.153704
1 0.117188 0.174074 0.020833 0.159259
1 0.474740 -0.038426 0.020313 0.121296
1 0.193750 0.054630 0.028125 0.148148
1 0.232552 0.648148 0.045312 0.227778
1 0.826042 0.053704 0.028125 0.133333
1 0.086458 0.737037 0.048958 0.233333
1 0.049479 0.686574 0.056250 0.225000
7 0.645833 0.076852 0.032292 0.090741
