1 0.618490 0.364815 0.031771 0.138889
1 0.453125 0.353704 0.029167 0.140741
1 0.361198 0.394907 0.059896 0.275000
1 0.977344 0.606481 0.131771 0.737037
1 0.201302 0.387963 0.063021 0.262963
1 0.490104 0.362963 0.030208 0.125926
1 0.526302 0.325926 0.013021 0.055556
1 0.568229 0.352315 0.026042 0.152778
1 0.299219 0.341204 0.021354 0.100926
1 0.573958 0.357870 0.025000 0.136111
1 0.653385 0.345833 0.019271 0.110185
1 0.311979 0.350926 0.019792 0.116667
1 0.295573 0.344907 0.023438 0.112037
1 0.304948 0.356019 0.022396 0.126852
1 0.017969 0.360185 0.027604 0.142593
1 0.502865 0.328241 0.009896 0.034259
7 0.466146 0.350926 0.018750 0.057407
