0 0.143490 0.646296 0.019271 0.124074
0 0.631250 0.515278 0.012500 0.052778
0 0.128385 0.649074 0.020313 0.116667
0 0.132812 0.659259 0.017708 0.114815
0 0.123438 0.666204 0.015625 0.112037
0 0.036979 0.662500 0.025000 0.113889
0 0.683854 0.505556 0.010417 0.048148
0 0.670833 0.509259 0.011458 0.053704
0 0.656771 0.504167 0.013542 0.050926
0 0.742188 0.624074 0.028125 0.124074
0 0.802604 0.604630 0.029167 0.127778
0 0.722135 0.605093 0.042188 0.132407
0 0.745052 0.539815 0.015104 0.075926
0 0.905990 0.551852 0.019271 0.094444
0 0.751823 0.600463 0.031771 0.139815
0 0.028385 0.662963 0.026562 0.122222
0 0.721615 0.545833 0.017188 0.080556
0 0.738542 0.538426 0.014583 0.069444
0 0.753385 0.564352 0.014063 0.095370
0 0.790104 0.597222 0.017708 0.122222
0 0.783073 0.565278 0.015104 0.095370
0 0.682552 0.537037 0.020313 0.064815
0 0.709115 0.541667 0.014063 0.059259
0 0.700000 0.538889 0.012500 0.059259
