1 0.621354 0.377778 0.030208 0.133333
1 0.415625 0.387037 0.032292 0.164815
1 0.458333 0.391204 0.030208 0.152778
1 0.715104 0.382870 0.039583 0.163889
1 1.002604 0.515278 0.122917 0.689815
1 0.560677 0.356944 0.016146 0.063889
1 0.013542 0.380093 0.026042 0.102778
1 0.035156 0.375926 0.025521 0.107407
1 0.600260 0.357870 0.014063 0.056481
1 0.580208 0.356019 0.012500 0.058333
7 0.506510 0.395370 0.030729 0.101852
7 0.532813 0.403704 0.032292 0.096296
1 0.335156 0.358333 0.013021 0.051852
1 0.346094 0.356019 0.011979 0.045370
1 0.347917 0.349537 0.013542 0.045370
1 0.358594 0.348611 0.011979 0.045370
1 0.394531 0.359722 0.015104 0.052778
1 0.370833 0.349537 0.010417 0.037963
1 0.379167 0.349074 0.011458 0.038889
