1 0.609375 0.375000 0.030208 0.135185
1 0.438281 0.376852 0.030729 0.157407
1 0.176563 0.494444 0.132292 0.481481
1 0.491406 0.376389 0.027604 0.139815
1 0.589063 0.352315 0.020833 0.082407
1 0.677083 0.397222 0.042708 0.270370
1 0.344531 0.365278 0.020313 0.097222
1 0.664062 0.401389 0.040625 0.236111
1 0.526042 0.352315 0.014583 0.060185
1 0.548177 0.339352 0.010937 0.037963
1 0.534115 0.337500 0.010937 0.043519
7 0.477865 0.373148 0.023438 0.070370
7 0.496875 0.375926 0.022917 0.068519
1 0.333594 0.350000 0.015104 0.066667
1 0.368229 0.351389 0.012500 0.060185
1 0.381250 0.354167 0.011458 0.058333
