0 0.636458 0.356481 0.030208 0.140741
0 0.462500 0.346759 0.029167 0.143519
0 0.262500 0.429630 0.097917 0.414815
0 0.223438 0.387037 0.071875 0.301852
0 0.502604 0.349537 0.029167 0.130556
0 0.554167 0.327315 0.014583 0.058333
0 0.599219 0.354167 0.027604 0.162037
0 0.322135 0.337500 0.021354 0.100926
0 0.604948 0.359722 0.024479 0.150926
0 0.710938 0.345833 0.021875 0.113889
0 0.307552 0.363426 0.022396 0.134259
0 0.519792 0.328704 0.009375 0.037037
2 0.465365 0.344444 0.026562 0.059259
2 0.484375 0.348148 0.018750 0.057407
0 0.395052 0.326389 0.015104 0.063889
0 0.372396 0.321759 0.015625 0.073148
0 0.358854 0.326389 0.012500 0.060185
0 0.369271 0.320833 0.011458 0.058333
