1 0.544531 0.509259 0.013021 0.059259
1 0.570052 0.507407 0.009896 0.053704
1 0.686458 0.565741 0.020833 0.112963
1 0.662760 0.567130 0.023438 0.112037
1 0.639062 0.569907 0.011458 0.110185
1 0.650781 0.573611 0.023438 0.113889
1 0.560677 0.514352 0.015104 0.067593
1 0.573698 0.935648 0.069271 0.334259
1 0.542448 0.877315 0.060937 0.313889
1 0.523438 0.502778 0.013542 0.062963
1 0.429688 0.757407 0.042708 0.270370
1 0.675260 0.571759 0.019271 0.108333
1 0.962240 0.632870 0.033854 0.176852
1 0.433594 0.775926 0.056771 0.285185
1 0.571094 0.572685 0.023438 0.110185
1 0.604948 0.570833 0.026562 0.112037
1 0.843229 0.661111 0.044792 0.170370
1 0.567708 0.837963 0.032292 0.309259
1 0.870573 0.644444 0.035937 0.157407
1 0.833854 0.625926 0.032292 0.155556
1 0.574219 0.558796 0.025521 0.102778
