1 0.914583 0.593981 0.033333 0.173148
1 0.118490 0.603704 0.019271 0.098148
1 0.939583 0.675926 0.054167 0.220370
1 0.542448 0.495833 0.013021 0.037963
1 0.105469 0.603704 0.017188 0.094444
1 0.105729 0.616667 0.015625 0.096296
1 0.032552 0.613426 0.020313 0.095370
1 0.658073 0.567130 0.023438 0.100926
1 0.660937 0.551389 0.021875 0.110185
1 0.024479 0.613889 0.020833 0.103704
1 0.593750 0.525463 0.019792 0.071296
1 0.576562 0.518056 0.012500 0.058333
1 0.616406 0.524074 0.014063 0.066667
1 0.607812 0.526389 0.012500 0.071296
