1 0.896615 0.641667 0.041146 0.175926
1 0.895312 0.545833 0.019792 0.093519
1 0.114323 0.592130 0.026562 0.125000
1 0.142187 0.595370 0.025000 0.124074
1 0.224219 0.580093 0.021354 0.100926
1 0.205469 0.579167 0.018229 0.099074
1 0.264583 0.557407 0.019792 0.094444
1 0.253125 0.571296 0.020833 0.111111
1 0.809115 0.508333 0.013021 0.046296
1 0.717969 0.518056 0.014063 0.060185
1 0.793750 0.508796 0.011458 0.049074
1 0.496354 0.479630 0.006250 0.027778
1 0.212760 0.536574 0.014063 0.084259
1 0.359635 0.499537 0.008854 0.037963
1 0.208594 0.563889 0.021354 0.109259
1 0.616927 0.482407 0.008854 0.038889
1 0.373177 0.504630 0.009896 0.053704
1 0.386458 0.509259 0.010417 0.053704
1 0.346615 0.505093 0.009896 0.056481
1 0.797917 0.504167 0.012500 0.054630
1 0.804427 0.502778 0.010937 0.051852
1 0.641927 0.493981 0.011979 0.043519
1 0.649219 0.494444 0.009896 0.044444
1 0.691927 0.501389 0.010937 0.047222
1 0.731250 0.504167 0.009375 0.050926
1 0.720573 0.506019 0.011979 0.050926
1 0.189062 0.576389 0.015625 0.084259
1 0.834635 0.506019 0.013021 0.058333
1 0.812240 0.506019 0.009896 0.049074
