1 0.845573 0.654630 0.050521 0.214815
1 0.260417 0.636574 0.043750 0.232407
1 0.915365 0.517593 0.045312 0.190741
1 0.460938 0.989352 0.043750 0.221296
1 0.351042 0.816667 0.036458 0.231481
7 0.377865 0.242593 0.040104 0.103704
7 0.367969 0.325463 0.029687 0.112037
1 0.420312 0.206481 0.029167 0.161111
1 0.336979 0.125463 0.020833 0.128704
1 0.188021 0.260648 0.028125 0.156481
1 0.148958 0.260185 0.030208 0.181481
1 0.403385 0.146296 0.024479 0.138889
1 0.404427 0.120833 0.027604 0.158333
1 0.299479 0.019444 0.025000 0.122222
7 0.327344 0.029167 0.031771 0.071296
1 0.254167 0.060185 0.021875 0.129630
7 0.651563 0.081481 0.031250 0.109259
1 0.301823 0.187963 0.029687 0.161111
1 0.174740 0.049074 0.023438 0.138889
1 0.200000 0.181481 0.025000 0.159259
1 0.163281 0.192593 0.025521 0.155556
1 0.194792 0.166667 0.025000 0.164815
1 0.136198 0.200463 0.025521 0.150926
1 0.121615 0.179630 0.025521 0.170370
1 0.147917 0.165278 0.029167 0.162037
1 0.164062 0.148148 0.027083 0.151852
1 0.118229 0.174074 0.020833 0.159259
1 0.467448 -0.025000 0.025521 0.148148
1 0.173698 0.509722 0.036979 0.208333
1 0.250260 -0.014352 0.030729 0.145370
1 0.644792 0.775926 0.044792 0.246296
1 0.605208 0.787963 0.041667 0.235185
1 0.847135 0.175463 0.029687 0.162037
1 0.775781 0.169907 0.026562 0.154630
1 0.789062 0.010648 0.023958 0.125000
1 0.790625 -0.028704 0.021875 0.116667
1 0.789583 0.076852 0.030208 0.131481
1 0.284635 -0.040278 0.017188 0.115741
1 0.258073 0.251389 0.025521 0.171296
1 0.227083 0.255093 0.037500 0.154630
1 0.146615 0.046759 0.024479 0.130556
1 0.243229 0.128704 0.029167 0.155556
1 0.216927 0.124074 0.026562 0.155556
1 0.246615 0.106481 0.025521 0.142593
1 0.829948 -0.006944 0.017188 0.076852
1 0.481250 0.003241 0.026042 0.134259
