1 0.735677 0.637500 0.053646 0.223148
1 0.230729 0.427315 0.043750 0.213889
1 0.074740 0.623611 0.043229 0.230556
1 0.916406 0.519907 0.039062 0.193519
1 0.646094 0.999074 0.043229 0.200000
1 0.354167 0.820833 0.052083 0.232407
7 0.377865 0.242593 0.040104 0.103704
7 0.367969 0.325463 0.029687 0.112037
1 0.429688 0.218519 0.031250 0.161111
1 0.992969 0.356019 0.036979 0.176852
1 0.788542 0.132407 0.027083 0.135185
1 0.815625 0.281944 0.026042 0.162037
1 0.780990 0.282407 0.030729 0.179630
1 0.459896 0.262963 0.042708 0.159259
1 0.539583 0.247685 0.037500 0.160185
1 0.093229 0.421759 0.029167 0.173148
1 0.094271 0.398611 0.035417 0.189815
1 0.459115 0.234259 0.029687 0.172222
1 0.480729 0.239352 0.028125 0.154630
1 0.552083 -0.027778 0.023958 0.112963
1 0.533594 -0.027315 0.022396 0.110185
1 0.721354 0.273611 0.020833 0.154630
1 0.694010 0.241204 0.030729 0.152778
1 0.380469 0.070833 0.027604 0.150926
1 0.296094 0.022222 0.019271 0.120370
7 0.327344 0.029167 0.031771 0.071296
1 0.022135 0.811111 0.034896 0.214815
7 0.651563 0.080093 0.031250 0.106481
1 0.269792 0.246759 0.028125 0.163889
1 0.275000 0.260185 0.041667 0.179630
1 0.241146 0.105093 0.025000 0.147222
1 0.214323 0.117130 0.025521 0.152778
1 0.292708 0.136574 0.022917 0.154630
1 0.267448 0.112963 0.027604 0.148148
1 0.199219 0.179167 0.027604 0.163889
1 0.246875 0.168981 0.027083 0.141667
1 0.161979 0.192593 0.027083 0.157407
1 0.190625 0.161574 0.021875 0.158333
1 0.122917 0.195370 0.025000 0.151852
1 0.145573 0.169907 0.024479 0.171296
1 0.151042 0.154167 0.030208 0.156481
1 0.152083 0.142593 0.028125 0.153704
1 0.118229 0.174074 0.020833 0.159259
1 0.486979 -0.045833 0.020833 0.106481
1 0.230208 0.987963 0.052083 0.225926
7 0.648698 0.069907 0.033854 0.100926
