1 0.889844 0.580093 0.024479 0.112037
1 0.808073 0.565278 0.026562 0.108333
1 0.039583 0.602315 0.023958 0.128704
1 0.244531 0.522685 0.013021 0.060185
1 0.682292 0.518519 0.013542 0.053704
1 0.651302 0.534722 0.016146 0.073148
1 0.690625 0.518056 0.010417 0.052778
1 0.207813 0.517593 0.009375 0.053704
1 0.514062 0.488889 0.009375 0.042593
1 0.705990 0.514815 0.014063 0.064815
1 0.240625 0.522685 0.010417 0.058333
1 0.243750 0.531481 0.011458 0.062963
1 0.196094 0.522685 0.013021 0.062037
1 0.218490 0.516667 0.011979 0.061111
1 0.544010 0.504630 0.008854 0.051852
1 0.554688 0.507407 0.011458 0.050000
1 0.615365 0.505093 0.010937 0.054630
1 0.605208 0.509259 0.011458 0.055556
1 0.715625 0.516204 0.013542 0.065741
1 0.660156 0.506944 0.009896 0.056481
1 0.669271 0.507407 0.013542 0.059259
1 0.702865 0.515741 0.010937 0.061111
1 0.568750 0.505093 0.009375 0.045370
1 0.622656 0.507870 0.011979 0.049074
