1 0.602083 0.378704 0.031250 0.135185
1 0.429688 0.378704 0.031250 0.151852
1 0.196354 0.467130 0.123958 0.462037
1 0.490365 0.378241 0.027604 0.139815
1 0.575781 0.354167 0.018229 0.076852
1 0.657292 0.396296 0.046875 0.255556
1 0.329948 0.370833 0.020313 0.097222
1 0.644792 0.397222 0.035417 0.222222
1 0.514583 0.347685 0.014583 0.060185
1 0.538281 0.345833 0.010937 0.037963
1 0.519792 0.344907 0.010417 0.049074
7 0.468490 0.375000 0.023438 0.070370
7 0.487240 0.369907 0.023438 0.067593
1 0.332031 0.352778 0.015104 0.066667
1 0.305990 0.348148 0.018229 0.075926
1 0.356771 0.352315 0.012500 0.060185
1 0.366667 0.354167 0.011458 0.058333
