0 0.844531 0.654167 0.048438 0.215741
0 0.360938 0.625463 0.042708 0.234259
0 0.914844 0.518519 0.044271 0.194444
0 0.536458 0.983333 0.039583 0.133333
0 0.351042 0.816667 0.036458 0.231481
2 0.377865 0.242593 0.040104 0.103704
2 0.367969 0.325463 0.029687 0.112037
0 0.433073 0.213889 0.031771 0.157407
0 0.333333 0.126852 0.020833 0.131481
0 0.136719 0.333333 0.031771 0.172222
0 0.101562 0.325000 0.030208 0.190741
0 0.589323 0.920370 0.063021 0.200926
0 0.629167 0.922685 0.052083 0.191667
0 0.402865 0.145370 0.021354 0.140741
0 0.432552 0.127778 0.026562 0.151852
0 0.263021 0.170370 0.023958 0.144444
2 0.651563 0.082407 0.031250 0.109259
0 0.188021 0.967593 0.052083 0.157407
0 0.305208 0.185648 0.025000 0.160185
0 0.165885 0.087500 0.028646 0.147222
0 0.200521 0.183333 0.027083 0.161111
0 0.163021 0.193056 0.025000 0.156481
0 0.195833 0.164815 0.025000 0.162963
0 0.126042 0.199074 0.028125 0.148148
0 0.117969 0.179167 0.026562 0.167593
0 0.162240 0.167593 0.027604 0.151852
0 0.157292 0.143519 0.027083 0.150000
0 0.207292 0.338889 0.033333 0.179630
0 0.267969 0.126852 0.031771 0.161111
0 0.879427 0.306481 0.038021 0.183333
0 0.824479 0.287963 0.027083 0.168519
0 0.786458 0.070370 0.030208 0.131481
0 0.991667 0.341204 0.026562 0.163889
0 0.236198 0.141667 0.024479 0.153704
0 0.215365 0.150463 0.023438 0.141667
2 0.647135 0.070833 0.032813 0.084259
