1 0.786719 0.660185 0.046354 0.229630
1 0.255729 0.215278 0.037500 0.187963
1 0.153385 0.653241 0.052604 0.236111
1 0.915625 0.519907 0.040625 0.193519
1 0.506771 0.971759 0.040625 0.250926
1 0.350000 0.820833 0.037500 0.230556
7 0.377865 0.242593 0.040104 0.103704
7 0.367969 0.325463 0.029687 0.112037
1 0.429427 0.218519 0.030729 0.161111
1 0.775000 0.087037 0.026042 0.133333
1 0.576302 0.154167 0.026562 0.147222
1 0.541667 0.167130 0.031250 0.167593
1 0.279427 0.177315 0.023438 0.160185
1 0.503906 0.141667 0.032813 0.161111
1 0.069531 0.410648 0.025521 0.173148
1 0.052344 0.392593 0.041146 0.187037
1 0.448698 0.466667 0.047396 0.201852
1 0.480729 0.472222 0.037500 0.181481
1 0.443490 0.171759 0.027604 0.141667
1 0.398698 0.172685 0.023438 0.156481
1 0.380469 0.072685 0.026562 0.149074
1 0.297135 0.022685 0.021354 0.123148
7 0.327344 0.029167 0.031771 0.071296
1 0.139063 0.459722 0.030208 0.180556
7 0.651563 0.082407 0.031250 0.109259
1 0.296875 0.506019 0.033333 0.199074
1 0.256771 0.496296 0.032292 0.209259
1 0.277083 -0.040741 0.026042 0.116667
1 0.250260 -0.038426 0.023438 0.121296
1 0.294010 0.136574 0.023438 0.154630
1 0.178125 0.122685 0.027083 0.149074
1 0.198437 0.182870 0.027083 0.162037
1 0.436719 0.415741 0.034896 0.170370
1 0.161458 0.200000 0.027083 0.157407
1 0.189844 0.165278 0.022396 0.162037
1 0.128646 0.195370 0.028125 0.148148
1 0.139583 0.176852 0.023958 0.170370
1 0.158854 0.165278 0.028125 0.141667
1 0.152083 0.142593 0.028125 0.153704
1 0.117188 0.174074 0.020833 0.159259
1 0.460677 -0.006481 0.018229 0.137037
1 0.225781 0.099537 0.027604 0.152778
1 0.219531 0.503241 0.042188 0.210185
1 0.979688 0.609259 0.033333 0.200000
1 0.888542 0.108796 0.029167 0.141667
1 0.816927 0.003241 0.024479 0.130556
1 0.182031 0.903704 0.050521 0.255556
1 0.196615 0.829167 0.040104 0.245370
1 0.226562 -0.018519 0.021875 0.124074
1 0.202604 -0.021296 0.022917 0.124074
1 0.718229 -0.033796 0.028125 0.130556
7 0.645833 0.076852 0.032292 0.087037
1 0.650781 0.076852 0.035937 0.085185
