1 0.641146 0.378241 0.029167 0.132407
1 0.440104 0.386111 0.033333 0.166667
1 0.478646 0.391667 0.029167 0.153704
1 0.773958 0.384722 0.048958 0.200926
1 0.591146 0.357870 0.015625 0.063889
1 0.019010 0.384722 0.026562 0.113889
1 0.631510 0.356944 0.015104 0.062037
1 0.611979 0.357870 0.014583 0.067593
7 0.531771 0.398148 0.034375 0.109259
7 0.558073 0.401389 0.031771 0.102778
1 0.357552 0.356019 0.013021 0.052778
1 0.367708 0.358796 0.011458 0.049074
1 0.381771 0.352778 0.011458 0.048148
1 0.417708 0.360185 0.016667 0.055556
1 0.393750 0.353241 0.010417 0.037963
1 0.400000 0.349074 0.011458 0.038889
