1 0.703125 0.561111 0.084375 0.437037
1 0.508854 0.474537 0.036458 0.160185
1 0.416146 0.446296 0.022917 0.111111
1 0.055990 0.499074 0.043229 0.190741
1 0.077083 0.481944 0.038542 0.178704
1 0.280469 0.459259 0.025521 0.118519
1 0.389583 0.453704 0.020833 0.103704
1 0.018750 0.508333 0.037500 0.185185
1 0.378906 0.440741 0.017188 0.081481
1 0.084896 0.475926 0.025000 0.129630
1 0.444792 0.443981 0.021875 0.104630
1 0.185156 0.444444 0.010937 0.061111
1 0.167448 0.445833 0.009896 0.054630
1 0.178906 0.445833 0.010937 0.050926
1 0.334896 0.434259 0.013542 0.062963
7 0.648958 0.455093 0.020833 0.104630
