1 0.478125 0.390278 0.033333 0.150926
1 0.423177 0.372685 0.024479 0.121296
1 0.382031 0.376389 0.022396 0.119444
1 0.854167 0.571296 0.098958 0.587037
1 0.952604 0.559722 0.109375 0.600926
1 0.288021 0.387500 0.038542 0.149074
1 0.427083 0.367593 0.021875 0.107407
1 0.443490 0.360648 0.018229 0.100926
1 0.129427 0.393056 0.025521 0.121296
1 0.562240 0.380093 0.033854 0.186111
1 0.450260 0.361111 0.017188 0.092593
1 0.487500 0.361574 0.017708 0.106481
1 0.223438 0.381019 0.020833 0.110185
1 0.211458 0.373611 0.015625 0.087963
1 0.503125 0.361574 0.020833 0.086111
1 0.258594 0.382870 0.017188 0.100926
1 0.242708 0.365741 0.012500 0.057407
1 0.396615 0.359722 0.013021 0.063889
1 0.030208 0.371296 0.011458 0.066667
1 0.056250 0.393981 0.020833 0.099074
7 0.347396 0.368056 0.018750 0.049074
7 0.360417 0.370370 0.015625 0.044444
1 0.065104 0.368981 0.013542 0.062037
7 0.793490 0.387500 0.030729 0.152778
1 0.254948 0.368519 0.011979 0.048148
