1 0.638542 0.383333 0.030208 0.133333
1 0.437500 0.389352 0.032292 0.167593
1 0.475781 0.392130 0.029687 0.154630
1 0.757812 0.380093 0.038542 0.180556
1 0.585677 0.359722 0.016146 0.063889
1 0.009635 0.388889 0.024479 0.109259
1 0.035937 0.384722 0.022917 0.113889
1 0.622396 0.356481 0.014583 0.061111
1 0.604167 0.356019 0.012500 0.067593
7 0.526042 0.399537 0.032292 0.110185
7 0.552344 0.403704 0.031771 0.101852
1 0.354948 0.360185 0.013021 0.051852
1 0.365885 0.360185 0.010937 0.046296
1 0.377604 0.351852 0.011458 0.046296
1 0.413021 0.360185 0.015625 0.053704
1 0.391667 0.353241 0.010417 0.037963
1 0.398438 0.353704 0.011458 0.038889
