1 0.830208 0.686111 0.046875 0.222222
1 0.250260 0.181019 0.036979 0.182407
1 0.267708 0.645370 0.047917 0.225926
1 0.915625 0.519907 0.040625 0.193519
1 0.516146 0.975926 0.040625 0.244444
1 0.351042 0.816667 0.036458 0.231481
7 0.377865 0.242593 0.040104 0.103704
7 0.367969 0.325463 0.029687 0.112037
1 0.429427 0.218519 0.030729 0.161111
1 0.765104 0.043056 0.027083 0.123148
1 0.552604 0.133333 0.027083 0.148148
1 0.520052 0.132407 0.030729 0.164815
1 0.279167 0.166204 0.018750 0.158333
1 0.497396 0.090741 0.031250 0.151852
1 0.069792 0.411111 0.026042 0.174074
1 0.053646 0.392130 0.038542 0.186111
1 0.460156 0.522685 0.044271 0.204630
1 0.486458 0.531019 0.038542 0.191667
1 0.409896 0.155556 0.019792 0.140741
1 0.384896 0.166204 0.030208 0.156481
1 0.381250 0.077315 0.026042 0.141667
1 0.297135 0.022685 0.021354 0.123148
7 0.327344 0.029167 0.031771 0.071296
1 0.132031 0.396296 0.029687 0.170370
7 0.651563 0.082407 0.031250 0.109259
1 0.272135 0.575463 0.033854 0.200926
1 0.227604 0.562500 0.044792 0.213889
1 0.294271 0.135648 0.025000 0.152778
1 0.184896 0.121759 0.027083 0.149074
1 0.203906 0.179630 0.027604 0.162963
1 0.536979 0.470370 0.030208 0.181481
1 0.163542 0.200000 0.027083 0.157407
1 0.197135 0.167130 0.024479 0.156481
1 0.122396 0.202778 0.029167 0.146296
1 0.129948 0.182407 0.023438 0.174074
1 0.148177 0.155556 0.028646 0.161111
1 0.151562 0.142593 0.028125 0.153704
1 0.117708 0.174074 0.020833 0.159259
1 0.452083 0.016204 0.023958 0.143519
1 0.237240 0.136574 0.029687 0.158333
1 0.245573 0.415741 0.036979 0.194444
1 0.970052 0.542130 0.034896 0.193519
1 0.840104 -0.023148 0.025000 0.129630
1 0.921615 0.144907 0.028646 0.143519
1 0.988021 0.133333 0.029167 0.146296
1 0.853125 0.058796 0.029167 0.141667
1 0.244010 0.998611 0.052604 0.202778
1 0.265104 0.949074 0.046875 0.246296
1 0.230208 0.008796 0.022917 0.128704
1 0.207292 0.006944 0.021875 0.126852
1 0.720833 -0.034259 0.030208 0.129630
7 0.646354 0.076389 0.032292 0.086111
1 0.651302 0.076389 0.034896 0.084259
