0 0.848437 0.650000 0.035417 0.216667
0 0.414583 0.666667 0.046875 0.229630
0 0.915625 0.518981 0.041667 0.195370
0 0.553646 0.982407 0.043750 0.135185
0 0.351042 0.816667 0.036458 0.231481
2 0.377865 0.242593 0.040104 0.103704
2 0.367969 0.325463 0.029687 0.112037
0 0.426302 0.215278 0.033854 0.158333
0 0.329427 0.127315 0.020313 0.134259
0 0.117188 0.362963 0.033333 0.175926
0 0.086458 0.345370 0.027083 0.190741
0 0.556250 0.842593 0.059375 0.238889
0 0.590365 0.847222 0.048438 0.222222
0 0.404427 0.145370 0.023438 0.138889
0 0.431250 0.148148 0.030208 0.153704
0 0.232292 0.204630 0.025000 0.146296
2 0.651563 0.082407 0.031250 0.109259
0 0.148698 0.941667 0.042188 0.178704
0 0.149219 0.899074 0.047396 0.229630
0 0.294531 0.185185 0.030729 0.157407
0 0.170313 0.109259 0.026042 0.150000
0 0.200521 0.183333 0.027083 0.161111
0 0.995573 0.759259 0.025000 0.207407
0 0.163542 0.193519 0.026042 0.157407
0 0.196615 0.167593 0.024479 0.159259
0 0.128125 0.200000 0.030208 0.146296
0 0.125781 0.183333 0.027604 0.159259
0 0.162760 0.164815 0.028646 0.157407
0 0.155208 0.146759 0.026042 0.145370
0 0.117708 0.174074 0.020833 0.159259
0 0.213281 0.296296 0.031771 0.177778
0 0.256250 0.170370 0.034375 0.168519
0 0.886979 0.350000 0.042708 0.185185
0 0.830729 0.326852 0.028125 0.172222
0 0.790365 0.068981 0.029687 0.132407
0 0.958073 0.304167 0.035937 0.162037
0 0.227865 0.124074 0.023438 0.157407
0 0.203385 0.128241 0.025521 0.139815
2 0.647396 0.071296 0.033333 0.085185
