1 0.825521 0.681944 0.042708 0.225000
1 0.251563 0.188426 0.037500 0.184259
1 0.241146 0.647222 0.052083 0.233333
1 0.915625 0.519907 0.040625 0.193519
1 0.510677 0.973611 0.038021 0.250926
1 0.351042 0.816667 0.036458 0.231481
7 0.377865 0.242593 0.040104 0.103704
7 0.367969 0.325463 0.029687 0.112037
1 0.429427 0.218519 0.030729 0.161111
1 0.767969 0.052778 0.028646 0.125926
1 0.554167 0.140741 0.026042 0.150000
1 0.524479 0.142130 0.031250 0.167593
1 0.281510 0.168981 0.020313 0.156481
1 0.499479 0.097685 0.031250 0.152778
1 0.069792 0.411111 0.026042 0.174074
1 0.053385 0.392130 0.039062 0.186111
1 0.459635 0.517130 0.044271 0.206481
1 0.486198 0.518519 0.034896 0.187037
1 0.412240 0.157407 0.020313 0.140741
1 0.386719 0.166667 0.027604 0.157407
1 0.382292 0.077315 0.026042 0.141667
1 0.297135 0.022685 0.021354 0.123148
7 0.327344 0.029167 0.031771 0.071296
1 0.134896 0.403704 0.030208 0.172222
7 0.651563 0.082407 0.031250 0.109259
1 0.278906 0.560185 0.033854 0.200000
1 0.232031 0.556019 0.044271 0.213889
1 0.294271 0.136111 0.025000 0.153704
1 0.181771 0.121759 0.027083 0.149074
1 0.203906 0.180093 0.028646 0.163889
1 0.521094 0.461111 0.033854 0.181481
1 0.162500 0.200000 0.027083 0.157407
1 0.196615 0.166667 0.026562 0.157407
1 0.123698 0.202778 0.027604 0.148148
1 0.129948 0.181481 0.023438 0.174074
1 0.149219 0.155556 0.028646 0.159259
1 0.151562 0.142593 0.028125 0.153704
1 0.117708 0.174074 0.020833 0.159259
1 0.452865 0.011111 0.023438 0.142593
1 0.234635 0.127315 0.029687 0.154630
1 0.241927 0.431019 0.042188 0.199074
1 0.970573 0.556481 0.034896 0.192593
1 0.853385 -0.031481 0.025521 0.129630
1 0.914583 0.138426 0.029167 0.143519
1 1.002344 0.134722 0.029687 0.147222
1 0.844531 0.048611 0.026562 0.141667
1 0.229687 0.987500 0.048958 0.225000
1 0.255990 0.930093 0.054688 0.247222
1 0.229427 0.003704 0.022396 0.125926
1 0.205208 0.005093 0.021875 0.126852
1 0.720313 -0.034259 0.029167 0.129630
7 0.646354 0.076389 0.032292 0.086111
1 0.651302 0.076389 0.034896 0.084259
