1 0.837240 0.690741 0.045312 0.222222
1 0.248438 0.173148 0.036458 0.181481
1 0.284896 0.641667 0.053125 0.222222
1 0.915625 0.519907 0.040625 0.193519
1 0.518750 0.975463 0.040625 0.241667
1 0.351042 0.816667 0.036458 0.231481
7 0.377865 0.242593 0.040104 0.103704
7 0.367969 0.325463 0.029687 0.112037
1 0.429427 0.218519 0.030729 0.161111
1 0.760156 0.035185 0.024479 0.122222
1 0.549219 0.131481 0.027604 0.148148
1 0.514583 0.128241 0.033333 0.163889
1 0.278646 0.161111 0.022917 0.155556
1 0.497396 0.079167 0.032292 0.150926
1 0.069792 0.411111 0.026042 0.174074
1 0.053906 0.392130 0.038021 0.186111
1 0.460677 0.538426 0.043229 0.208333
1 0.494010 0.540741 0.042188 0.190741
1 0.408594 0.152778 0.021354 0.133333
1 0.383073 0.167593 0.028646 0.155556
1 0.380208 0.077315 0.026042 0.141667
1 0.297135 0.022685 0.021354 0.123148
7 0.327344 0.029167 0.031771 0.071296
1 0.128906 0.385185 0.027604 0.168519
7 0.651563 0.082407 0.031250 0.109259
1 0.264583 0.592130 0.033333 0.208333
1 0.221615 0.579630 0.046354 0.218519
1 0.294271 0.135648 0.026042 0.152778
1 0.185156 0.124074 0.028646 0.151852
1 0.203646 0.179630 0.027083 0.162963
1 0.552604 0.486574 0.034375 0.180556
1 0.163021 0.198611 0.027083 0.156481
1 0.196875 0.165278 0.025000 0.154630
1 0.122656 0.202315 0.031771 0.145370
1 0.130208 0.183796 0.026042 0.169444
1 0.147656 0.155556 0.028646 0.161111
1 0.151562 0.142593 0.028125 0.153704
1 0.449740 0.022222 0.026562 0.144444
1 0.236198 0.143519 0.029687 0.159259
1 0.242448 0.406944 0.043229 0.200926
1 0.965104 0.535185 0.034375 0.194444
1 0.832812 -0.019444 0.025000 0.129630
1 0.927865 0.155556 0.032813 0.148148
1 0.976823 0.130556 0.025521 0.153704
1 0.861198 0.073148 0.035937 0.146296
1 0.257292 1.015741 0.053125 0.168519
1 0.275521 0.976389 0.045833 0.241667
1 0.231510 0.012037 0.024479 0.127778
1 0.208333 0.015278 0.021875 0.126852
1 0.721354 -0.034259 0.031250 0.129630
7 0.646354 0.076389 0.032292 0.086111
1 0.651302 0.076389 0.034896 0.084259
