0 0.736198 0.637500 0.053646 0.223148
0 0.221875 0.462963 0.044792 0.218519
0 0.074740 0.624074 0.043229 0.231481
0 0.916667 0.520833 0.038542 0.193519
0 0.621875 1.001852 0.039583 0.196296
0 0.354687 0.820833 0.052083 0.232407
2 0.377865 0.242593 0.040104 0.103704
2 0.367969 0.325463 0.029687 0.112037
0 0.429688 0.218519 0.031250 0.161111
0 0.965365 0.304630 0.032813 0.172222
0 0.788281 0.132407 0.027604 0.135185
0 0.849479 0.307870 0.029167 0.167593
0 0.806771 0.308333 0.031250 0.177778
0 0.537240 0.266204 0.036979 0.163889
0 0.549740 0.218519 0.034896 0.159259
0 0.119531 0.440278 0.032813 0.182407
0 0.129427 0.416667 0.031771 0.196296
0 0.470313 0.210648 0.028125 0.165741
0 0.489063 0.212037 0.026042 0.148148
0 0.552604 -0.000926 0.023958 0.112963
0 0.534115 -0.001389 0.022396 0.110185
0 0.750521 0.294907 0.026042 0.156481
0 0.729688 0.252778 0.025000 0.157407
0 0.380469 0.070833 0.027604 0.150926
0 0.397396 -0.025463 0.020833 0.100926
0 0.297917 0.020833 0.021875 0.121296
2 0.327344 0.029167 0.031771 0.071296
0 0.008594 0.880556 0.036979 0.222222
2 0.646094 0.083796 0.036979 0.106481
0 0.271615 0.221759 0.027604 0.163889
0 0.279427 0.233333 0.046354 0.172222
0 0.250781 0.134722 0.023438 0.154630
0 0.229948 0.144444 0.027604 0.153704
0 0.292448 0.136574 0.022396 0.154630
0 0.267969 0.112963 0.026562 0.148148
0 0.198958 0.179630 0.027083 0.164815
0 0.204948 0.148148 0.024479 0.142593
0 0.161979 0.192593 0.027083 0.157407
0 0.187760 0.160185 0.025521 0.161111
0 0.124479 0.194444 0.023958 0.151852
0 0.145833 0.170833 0.028125 0.165741
0 0.141667 0.156944 0.030208 0.156481
0 0.151562 0.142593 0.028125 0.153704
0 0.118750 0.174074 0.020833 0.159259
0 0.486198 -0.045833 0.020313 0.106481
0 0.220312 1.028241 0.042708 0.141667
0 0.647917 0.057870 0.040625 0.125000
