0 0.845052 0.654630 0.049479 0.214815
0 0.217188 0.606481 0.056250 0.229630
0 0.916667 0.518519 0.051042 0.192593
0 0.454167 0.975463 0.039583 0.239815
0 0.351042 0.816667 0.036458 0.231481
2 0.377865 0.242593 0.040104 0.103704
2 0.367969 0.325463 0.029687 0.112037
0 0.432812 0.213426 0.030208 0.158333
0 0.497917 -0.039352 0.025000 0.119444
0 0.338021 0.125926 0.020833 0.129630
0 0.167708 0.286111 0.029167 0.166667
0 0.140365 0.282407 0.030729 0.183333
0 0.583073 1.037963 0.052604 0.125926
0 0.402865 0.145370 0.024479 0.140741
0 0.404167 0.125000 0.028125 0.157407
0 0.298438 0.020370 0.023958 0.122222
2 0.327344 0.029167 0.031771 0.071296
0 0.263021 0.101389 0.022917 0.134259
2 0.651563 0.082407 0.031250 0.109259
0 0.305990 0.183333 0.025521 0.162963
0 0.173177 0.048611 0.026562 0.139815
0 0.200000 0.182407 0.025000 0.159259
0 0.163021 0.193519 0.025000 0.155556
0 0.194531 0.168981 0.026562 0.156481
0 0.129688 0.199537 0.028125 0.149074
0 0.121875 0.180556 0.026042 0.168519
0 0.149479 0.168056 0.029167 0.162037
0 0.156771 0.141667 0.027083 0.151852
0 0.118229 0.174074 0.020833 0.159259
0 0.472656 -0.011574 0.025521 0.149074
0 0.180208 0.432870 0.035417 0.195370
0 0.258333 0.053704 0.029167 0.148148
0 0.733333 0.895833 0.048958 0.232407
0 0.684375 0.914815 0.046875 0.227778
0 0.860677 0.225000 0.035937 0.170370
0 0.789062 0.220833 0.027083 0.158333
0 0.721094 -0.032407 0.021354 0.116667
0 0.786458 0.072222 0.030208 0.131481
0 0.810937 -0.021296 0.027083 0.135185
0 0.765625 -0.030093 0.025000 0.136111
0 0.264583 0.201389 0.022917 0.163889
0 0.234896 0.204167 0.032292 0.149074
0 0.154948 0.043519 0.027604 0.131481
0 0.225000 0.087963 0.028125 0.148148
0 0.195312 0.084722 0.026042 0.141667
0 0.230208 0.072685 0.022917 0.141667
0 0.841406 -0.005556 0.023438 0.079630
0 0.574740 0.025926 0.038021 0.131481
