1 0.845052 0.654630 0.049479 0.214815
1 0.217448 0.606019 0.057813 0.228704
1 0.916667 0.518519 0.051042 0.192593
1 0.454688 0.975463 0.039583 0.239815
1 0.351042 0.816667 0.036458 0.231481
7 0.377865 0.242593 0.040104 0.103704
7 0.367969 0.325463 0.029687 0.112037
1 0.433073 0.213889 0.030729 0.157407
1 0.497917 -0.039352 0.025000 0.119444
1 0.338021 0.125926 0.020833 0.129630
1 0.167187 0.287037 0.029167 0.166667
1 0.139844 0.283333 0.030729 0.183333
1 0.584115 1.037037 0.052604 0.127778
1 0.402865 0.145370 0.024479 0.140741
1 0.404167 0.125000 0.028125 0.157407
1 0.298438 0.020370 0.023958 0.122222
7 0.327344 0.029167 0.031771 0.071296
1 0.263021 0.102315 0.022917 0.134259
7 0.651563 0.082407 0.031250 0.109259
1 0.305990 0.183333 0.025521 0.162963
1 0.172656 0.048611 0.026562 0.139815
1 0.200000 0.182407 0.025000 0.159259
1 0.163021 0.193519 0.025000 0.155556
1 0.194531 0.168981 0.026562 0.156481
1 0.129688 0.199537 0.028125 0.149074
1 0.121875 0.180556 0.026042 0.168519
1 0.149479 0.168056 0.029167 0.162037
1 0.156771 0.141667 0.027083 0.151852
1 0.118229 0.174074 0.020833 0.159259
1 0.472656 -0.011574 0.025521 0.149074
1 0.180729 0.431019 0.035417 0.195370
1 0.257812 0.054630 0.029167 0.148148
1 0.734896 0.898148 0.048958 0.233333
1 0.686198 0.917593 0.046354 0.227778
1 0.861198 0.225926 0.036979 0.170370
1 0.789062 0.222685 0.027083 0.158333
1 0.720573 -0.033796 0.021354 0.115741
1 0.786458 0.072222 0.030208 0.131481
1 0.811458 -0.020370 0.027083 0.135185
1 0.766146 -0.029630 0.025000 0.137037
1 0.264583 0.201389 0.022917 0.163889
1 0.235156 0.204167 0.032813 0.149074
1 0.155469 0.043519 0.027604 0.131481
1 0.224740 0.087037 0.027604 0.148148
1 0.195312 0.082870 0.026042 0.141667
1 0.230208 0.072685 0.022917 0.141667
1 0.841667 -0.005556 0.022917 0.079630
1 0.576823 0.026389 0.039062 0.130556
