1 0.666667 0.532870 0.059375 0.304630
1 0.582812 0.491204 0.035417 0.156481
1 0.128906 0.541204 0.069271 0.273148
1 0.472396 0.460648 0.023958 0.108333
1 0.037240 0.513889 0.045312 0.188889
1 0.155729 0.506481 0.034375 0.174074
1 0.080729 0.512963 0.035417 0.168519
1 0.163802 0.490278 0.035937 0.152778
1 0.340104 0.464815 0.022917 0.112963
1 0.448437 0.467593 0.018750 0.100000
1 0.429948 0.452778 0.017188 0.081481
1 0.485156 0.456019 0.019271 0.095370
1 0.463802 0.462037 0.015104 0.094444
1 0.271354 0.457870 0.012500 0.067593
1 0.260937 0.457870 0.010417 0.054630
1 0.277865 0.464352 0.011979 0.069444
1 0.253125 0.455093 0.011458 0.058333
1 0.238281 0.453704 0.010937 0.061111
1 0.223958 0.459259 0.010417 0.051852
1 0.388021 0.452315 0.013542 0.063889
7 0.690885 0.468056 0.021354 0.099074
