1 0.888802 0.581944 0.023438 0.112037
1 0.805208 0.566667 0.028125 0.107407
1 0.033854 0.604167 0.023958 0.128704
1 0.241667 0.523148 0.012500 0.059259
1 0.679688 0.518519 0.013542 0.053704
1 0.649740 0.535185 0.016146 0.072222
1 0.688021 0.518056 0.010417 0.052778
1 0.205208 0.517593 0.009375 0.053704
1 0.511719 0.487500 0.009896 0.043519
1 0.703646 0.515278 0.013542 0.063889
1 0.237760 0.523611 0.009896 0.058333
1 0.241146 0.531944 0.011458 0.063889
1 0.192969 0.523611 0.013021 0.062037
1 0.215625 0.517130 0.012500 0.062037
1 0.541927 0.505093 0.008854 0.052778
1 0.553125 0.507407 0.011458 0.050000
1 0.613021 0.504630 0.011458 0.053704
1 0.603125 0.509259 0.011458 0.055556
1 0.713021 0.516204 0.014583 0.065741
1 0.657031 0.506944 0.009896 0.056481
1 0.667188 0.506944 0.013542 0.058333
1 0.701042 0.515741 0.010417 0.061111
1 0.566146 0.505093 0.009375 0.045370
1 0.620313 0.507870 0.011458 0.049074
