1 0.992969 0.777315 0.061979 0.293519
1 0.897135 0.569444 0.030729 0.105556
1 0.823438 0.562037 0.021875 0.109259
1 0.070573 0.600926 0.023438 0.124074
1 0.005208 0.646296 0.033333 0.157407
1 0.700521 0.518519 0.013542 0.050000
1 0.656510 0.531481 0.016146 0.075926
1 0.702604 0.513426 0.010417 0.052778
1 0.370312 0.487037 0.006250 0.029630
1 0.008594 0.579630 0.024479 0.098148
1 0.227604 0.518519 0.009375 0.053704
1 0.525260 0.486111 0.009896 0.040741
1 0.723698 0.513426 0.016146 0.065741
1 0.257552 0.521296 0.009896 0.059259
1 0.262500 0.528704 0.011458 0.062963
1 0.215625 0.522222 0.011458 0.062963
1 0.238021 0.514352 0.011458 0.056481
1 0.555990 0.504630 0.009896 0.048148
1 0.564844 0.506019 0.011979 0.047222
1 0.630208 0.506019 0.011458 0.052778
1 0.620313 0.509722 0.011458 0.054630
1 0.730990 0.516204 0.009896 0.063889
1 0.675781 0.508796 0.009896 0.058333
1 0.685156 0.507870 0.013021 0.058333
1 0.715625 0.513426 0.010417 0.058333
1 0.582812 0.506019 0.009375 0.045370
1 0.639062 0.507870 0.012500 0.049074
