1 0.846354 0.657407 0.052083 0.220370
1 0.319271 0.616204 0.036458 0.228704
1 0.916146 0.519907 0.039583 0.195370
1 0.482552 0.984722 0.041146 0.230556
1 0.351042 0.816667 0.036458 0.231481
7 0.377865 0.242593 0.040104 0.103704
7 0.367969 0.325463 0.029687 0.112037
1 0.431510 0.208333 0.036979 0.157407
1 0.337240 0.125463 0.020313 0.128704
1 0.245052 0.234722 0.030729 0.154630
1 0.272396 0.243981 0.033333 0.176852
1 0.404687 0.144444 0.027083 0.148148
1 0.395833 0.109259 0.029167 0.151852
1 0.302083 0.015741 0.028125 0.124074
7 0.327344 0.029167 0.031771 0.071296
7 0.651563 0.081481 0.031250 0.109259
1 0.296354 0.188426 0.030208 0.154630
1 0.169531 0.051852 0.017188 0.138889
1 0.208333 0.178241 0.029167 0.160185
1 0.164062 0.195370 0.026042 0.155556
1 0.199740 0.160185 0.023438 0.161111
1 0.135417 0.205556 0.028125 0.148148
1 0.120573 0.181481 0.031771 0.168519
1 0.151823 0.162037 0.031771 0.157407
1 0.190625 0.147222 0.026042 0.150000
1 0.124740 0.167130 0.020313 0.154630
1 0.467187 -0.025463 0.026042 0.147222
1 0.222656 0.990278 0.051562 0.221296
1 0.505469 0.318056 0.033854 0.184259
1 0.458594 0.329167 0.030729 0.180556
1 0.612240 0.647685 0.045312 0.234259
1 0.895312 0.740278 0.043750 0.217593
1 0.897656 0.701852 0.053646 0.237037
1 0.746354 -0.012963 0.029167 0.133333
1 0.710677 -0.011111 0.023438 0.137037
1 0.980208 0.312500 0.032292 0.175000
1 0.903906 0.270370 0.031771 0.164815
1 0.794010 -0.023611 0.027604 0.143519
1 0.769792 -0.019444 0.023958 0.140741
1 0.783594 0.268981 0.035937 0.149074
1 0.677865 0.250926 0.033854 0.153704
1 0.460677 0.003704 0.028646 0.146296
1 0.427865 -0.008333 0.023438 0.142593
1 0.407552 0.011111 0.026562 0.135185
1 0.265365 0.180556 0.024479 0.144444
1 0.211979 0.573148 0.034375 0.211111
1 0.171875 0.581481 0.045833 0.192593
1 0.242188 0.144444 0.032292 0.159259
1 0.267969 0.129630 0.030729 0.151852
1 0.218490 0.086111 0.031771 0.150000
1 0.245573 0.084722 0.026562 0.139815
1 0.244271 0.032407 0.028125 0.133333
1 0.209115 0.384722 0.038021 0.182407
1 0.170573 0.387037 0.033854 0.187037
1 0.271094 0.378241 0.038021 0.178704
1 0.391667 0.002315 0.031250 0.123148
