1 0.817708 0.582407 0.027083 0.127778
1 0.891146 0.550926 0.021875 0.087037
1 0.863021 0.535648 0.017708 0.084259
1 0.218490 0.571759 0.020313 0.104630
1 0.241406 0.574074 0.022396 0.107407
1 0.317188 0.549537 0.016667 0.080556
1 0.301823 0.552315 0.015104 0.078704
1 0.341146 0.536111 0.015625 0.081481
1 0.324740 0.539352 0.014063 0.078704
1 0.831771 0.506481 0.011458 0.042593
1 0.721615 0.504167 0.009896 0.054630
1 0.824219 0.506019 0.011979 0.049074
1 0.552344 0.478241 0.006771 0.026852
1 0.293750 0.531944 0.009375 0.080556
1 0.305208 0.531944 0.013542 0.078704
1 0.643750 0.481481 0.008333 0.037037
1 0.876302 0.500463 0.015104 0.050926
1 0.415885 0.500463 0.008854 0.047222
1 0.434635 0.504630 0.009896 0.050000
1 0.399219 0.497685 0.010937 0.045370
1 0.728646 0.495833 0.010417 0.041667
1 0.779427 0.496296 0.009896 0.048148
