1 0.673177 0.539815 0.009896 0.055556
1 0.723958 0.536111 0.011458 0.057407
1 0.831510 0.575463 0.021354 0.097222
1 0.804688 0.575926 0.016667 0.092593
1 0.785677 0.579630 0.013021 0.087037
1 0.796615 0.577778 0.019271 0.092593
1 0.714063 0.534722 0.010417 0.054630
1 0.779427 0.782870 0.044271 0.228704
1 0.837760 0.748148 0.063021 0.209259
1 0.699479 0.694444 0.030208 0.187037
1 0.820833 0.581944 0.017708 0.093519
1 0.723698 0.712037 0.041146 0.205556
1 0.748177 0.587500 0.017188 0.086111
1 0.768750 0.581019 0.021875 0.086111
1 0.899479 0.631481 0.025000 0.137037
1 0.839844 0.731944 0.049479 0.210185
1 0.925000 0.626852 0.027083 0.127778
1 0.900000 0.616667 0.022917 0.124074
1 0.728385 0.584259 0.025521 0.098148
