1 0.846354 0.656481 0.052083 0.218519
1 0.332813 0.620370 0.051042 0.220370
1 0.916146 0.519907 0.039583 0.195370
1 0.489583 0.988889 0.041667 0.222222
1 0.351042 0.816667 0.036458 0.231481
7 0.377865 0.242593 0.040104 0.103704
7 0.367969 0.325463 0.029687 0.112037
1 0.431510 0.208333 0.036979 0.157407
1 0.337240 0.125463 0.020313 0.128704
1 0.210677 0.234722 0.025521 0.152778
1 0.238542 0.243056 0.030208 0.178704
1 0.404948 0.142593 0.026562 0.148148
1 0.396354 0.109722 0.028125 0.152778
1 0.302083 0.015741 0.028125 0.124074
7 0.327344 0.029167 0.031771 0.071296
7 0.651563 0.081481 0.031250 0.109259
1 0.296094 0.188426 0.030729 0.154630
1 0.173177 0.051389 0.020313 0.137963
1 0.211979 0.178241 0.029167 0.160185
1 0.164062 0.194907 0.026042 0.154630
1 0.199219 0.159259 0.023438 0.161111
1 0.134115 0.206019 0.026562 0.149074
1 0.117188 0.181944 0.023958 0.169444
1 0.151823 0.161574 0.031771 0.156481
1 0.190625 0.146296 0.026042 0.150000
1 0.119271 0.162963 0.020833 0.159259
1 0.467187 -0.025463 0.026042 0.147222
1 0.204948 0.948148 0.050521 0.251852
1 0.499740 0.351389 0.034896 0.191667
1 0.455729 0.360648 0.032292 0.184259
1 0.627344 0.700000 0.047396 0.242593
1 0.930469 0.742593 0.047396 0.227778
1 0.944271 0.698148 0.041667 0.227778
1 0.760156 0.003704 0.029687 0.133333
1 0.720573 -0.000926 0.023438 0.137037
1 0.964063 0.275926 0.031250 0.174074
1 0.892969 0.235648 0.028646 0.162037
1 0.777083 -0.032870 0.026042 0.121296
1 0.782552 0.246759 0.032813 0.147222
1 0.651042 0.216667 0.031250 0.155556
1 0.457552 -0.000463 0.026562 0.147222
1 0.417187 -0.008333 0.023958 0.142593
1 0.407552 0.011111 0.026562 0.135185
1 0.277865 0.156481 0.027604 0.140741
1 0.214844 0.539352 0.031771 0.210185
1 0.176823 0.541204 0.046354 0.186111
1 0.242969 0.142593 0.031771 0.159259
1 0.255469 0.106019 0.030729 0.150926
1 0.213281 0.068981 0.029687 0.141667
1 0.237500 0.068056 0.025000 0.139815
1 0.222656 0.355556 0.039062 0.179630
1 0.175260 0.358796 0.032813 0.180556
1 0.276823 0.345833 0.033854 0.169444
1 0.389844 -0.002778 0.027604 0.124074
