1 0.596875 0.327778 0.034375 0.148148
1 0.457552 0.323148 0.028646 0.140741
1 0.425521 0.339815 0.036458 0.200000
1 0.857812 0.562500 0.116667 0.712037
1 1.010677 0.555556 0.148438 0.751852
1 0.232813 0.334722 0.038542 0.219444
1 0.487240 0.323148 0.024479 0.124074
1 0.516146 0.290278 0.012500 0.049074
1 0.549740 0.310185 0.030729 0.133333
1 0.275521 0.310185 0.025000 0.105556
1 0.554948 0.312037 0.021354 0.125926
1 0.619531 0.306481 0.017188 0.109259
1 0.131771 0.344907 0.041667 0.208333
1 0.110937 0.349074 0.033333 0.183333
1 0.373958 0.313889 0.025000 0.105556
1 0.364844 0.310648 0.020313 0.112037
1 0.310937 0.324537 0.022917 0.121296
1 0.023177 0.305556 0.018229 0.087037
1 0.056771 0.325926 0.028125 0.133333
1 0.387240 0.295370 0.010937 0.059259
1 0.372396 0.289815 0.010417 0.064815
1 0.337500 0.296296 0.011458 0.053704
1 0.353906 0.287963 0.013021 0.055556
