0 0.851823 0.684259 0.052604 0.224074
0 0.258333 0.149537 0.035417 0.176852
0 0.391406 0.625926 0.047396 0.218519
0 0.915365 0.519907 0.041146 0.193519
0 0.530729 0.977778 0.046875 0.144444
0 0.351042 0.816667 0.036458 0.231481
2 0.377865 0.242593 0.040104 0.103704
2 0.367969 0.325463 0.029687 0.112037
0 0.428906 0.218519 0.028646 0.159259
0 0.537240 0.104630 0.027604 0.148148
0 0.508333 0.092593 0.030208 0.157407
0 0.263802 0.135185 0.026562 0.146296
0 0.070052 0.410648 0.026562 0.173148
0 0.059115 0.391667 0.027604 0.185185
0 0.473177 0.605556 0.054688 0.218519
0 0.505990 0.606944 0.042188 0.200926
0 0.405990 0.159259 0.029687 0.118519
0 0.386719 0.163426 0.032813 0.154630
0 0.120833 0.334259 0.028125 0.162963
2 0.651563 0.082407 0.031250 0.109259
0 0.231771 0.676389 0.039583 0.219444
0 0.176302 0.659259 0.041146 0.233333
0 0.301823 0.139815 0.029687 0.151852
0 0.182552 0.128241 0.030729 0.150926
0 0.200521 0.181481 0.027083 0.162963
0 0.647917 0.547685 0.028125 0.187963
0 0.163021 0.195370 0.027083 0.157407
0 0.191927 0.162500 0.026562 0.160185
0 0.132292 0.204167 0.035417 0.141667
0 0.135417 0.186111 0.036458 0.157407
0 0.155469 0.156481 0.028646 0.161111
0 0.147917 0.141667 0.026042 0.151852
0 0.117708 0.174074 0.020833 0.159259
0 0.234896 0.162963 0.026042 0.161111
0 0.258594 0.334722 0.039062 0.186111
0 0.998437 0.493519 0.020833 0.177778
0 0.921615 0.469444 0.033854 0.190741
0 0.937760 0.192130 0.030729 0.154630
0 0.946875 0.140741 0.035417 0.153704
0 0.986458 0.144907 0.034375 0.158333
0 0.878646 0.132407 0.035417 0.155556
2 0.646615 0.074537 0.032813 0.086111
0 0.651302 0.075926 0.033854 0.083333
