1 0.616667 0.364815 0.035417 0.151852
1 0.538021 0.341667 0.032292 0.135185
1 0.518750 0.345833 0.029167 0.152778
1 0.815625 0.586111 0.127083 0.687037
1 0.964323 0.578241 0.145313 0.719444
1 0.382031 0.353241 0.047396 0.191667
1 0.550000 0.345370 0.022917 0.120370
1 0.568750 0.314815 0.010417 0.042593
1 0.042708 0.364815 0.038542 0.179630
1 0.594531 0.337500 0.023438 0.123148
1 0.313802 0.336574 0.025521 0.106481
1 0.600781 0.342130 0.019271 0.113889
1 0.659115 0.337037 0.020313 0.109259
1 0.297917 0.339352 0.030208 0.152778
1 0.281250 0.351389 0.021875 0.128704
1 0.505469 0.335648 0.021354 0.102778
1 0.162760 0.308796 0.016146 0.071296
1 0.174740 0.326852 0.020313 0.109259
7 0.502604 0.334259 0.018750 0.050000
1 0.177344 0.318981 0.017188 0.071296
1 0.447396 0.320833 0.011458 0.056481
1 0.438802 0.316667 0.008854 0.061111
1 0.401042 0.317593 0.011458 0.051852
1 -0.001042 0.361111 0.037500 0.188889
1 0.406250 0.323148 0.011458 0.048148
