1 0.496615 0.396296 0.033854 0.146296
1 0.438542 0.376389 0.022917 0.117593
1 0.399479 0.380556 0.021875 0.124074
1 0.897135 0.560185 0.090104 0.561111
1 1.005469 0.551852 0.100521 0.588889
1 0.307292 0.387500 0.034375 0.147222
1 0.455208 0.364815 0.016667 0.098148
1 0.146094 0.399537 0.025521 0.121296
1 0.569792 0.385648 0.034375 0.175000
1 0.464323 0.368981 0.017188 0.089815
1 0.498958 0.371759 0.017708 0.106481
1 0.242448 0.381019 0.020313 0.108333
1 0.228646 0.385185 0.013542 0.088889
1 0.280990 0.388426 0.017188 0.100926
1 0.257292 0.367130 0.013542 0.056481
1 0.412500 0.360648 0.013542 0.063889
1 0.053385 0.373148 0.013021 0.062963
1 0.085938 0.390278 0.020833 0.099074
7 0.359115 0.368056 0.019271 0.047222
7 0.379688 0.372222 0.015625 0.044444
7 0.806771 0.392593 0.029167 0.144444
1 0.274740 0.369444 0.011979 0.048148
