1 0.526823 0.417130 0.034896 0.150926
1 0.474219 0.394907 0.025521 0.128704
1 0.450260 0.398148 0.023438 0.131481
1 0.782813 0.639815 0.115625 0.638889
1 0.925781 0.626852 0.146354 0.659259
1 0.334896 0.405556 0.040625 0.159259
1 0.479687 0.394907 0.021875 0.115741
1 0.509375 0.393519 0.025000 0.116667
1 0.212240 0.391667 0.026562 0.116667
1 0.672135 0.441667 0.047396 0.261111
1 0.516667 0.387963 0.016667 0.096296
1 0.561979 0.392130 0.017708 0.106481
1 0.269271 0.387500 0.023958 0.121296
1 0.254167 0.393981 0.017708 0.100926
1 0.497396 0.391667 0.021875 0.096296
1 0.098698 0.368056 0.013021 0.065741
1 0.117188 0.387037 0.020833 0.105556
7 0.426823 0.386574 0.015104 0.049074
7 0.438021 0.387037 0.015625 0.044444
1 0.127083 0.368056 0.014583 0.063889
1 0.366667 0.371759 0.012500 0.056481
1 0.351302 0.370833 0.009896 0.052778
