1 0.448958 0.446296 0.037500 0.159259
1 0.382292 0.418519 0.025000 0.118519
1 0.293490 0.415278 0.018229 0.091667
1 0.946615 0.597222 0.124479 0.498148
1 0.205729 0.422222 0.028125 0.127778
1 0.359896 0.422222 0.021875 0.107407
1 0.363021 0.409722 0.017708 0.091667
1 0.445833 0.415741 0.021875 0.116667
1 0.397135 0.413426 0.016146 0.102778
1 0.172656 0.410648 0.018229 0.086111
1 0.162240 0.418056 0.014063 0.069444
1 0.191146 0.417130 0.017708 0.087963
1 0.149479 0.406019 0.011458 0.060185
1 0.318750 0.400463 0.013542 0.063889
7 0.261198 0.407870 0.019271 0.045370
7 0.272917 0.411111 0.015625 0.044444
7 0.655990 0.428704 0.022396 0.114815
