1 0.711458 0.510185 0.047917 0.272222
1 0.688021 0.487037 0.038542 0.162963
1 0.276823 0.519444 0.054688 0.222222
1 0.568229 0.458333 0.023958 0.112963
1 0.164583 0.501852 0.041667 0.177778
1 0.273438 0.492593 0.034375 0.177778
1 0.213021 0.502778 0.032292 0.164815
1 0.427865 0.463426 0.022396 0.106481
1 0.536979 0.457407 0.019792 0.100000
1 0.231771 0.498148 0.034375 0.170370
1 0.518490 0.449537 0.015104 0.078704
1 0.103125 0.455556 0.014583 0.066667
1 0.255990 0.472222 0.026562 0.124074
1 0.555729 0.451389 0.015625 0.091667
1 0.365625 0.447685 0.011458 0.060185
1 0.358073 0.448611 0.010937 0.052778
1 0.371875 0.453704 0.011458 0.066667
1 0.347917 0.449074 0.010417 0.055556
1 0.332813 0.450000 0.011458 0.057407
1 0.319271 0.446759 0.010417 0.050926
7 0.777865 0.468056 0.021354 0.099074
