1 0.634635 0.356944 0.031771 0.141667
1 0.463542 0.350926 0.030208 0.144444
1 0.223177 0.440278 0.100521 0.449074
1 1.028385 0.676389 0.163021 0.749074
1 0.502083 0.350926 0.029167 0.133333
1 0.555208 0.330093 0.014583 0.058333
1 0.603125 0.362037 0.029167 0.166667
1 0.324740 0.337500 0.021354 0.100926
1 0.607812 0.357870 0.026042 0.154630
1 0.722396 0.354630 0.019792 0.112963
1 0.512240 0.326852 0.014063 0.055556
1 0.308854 0.358796 0.021875 0.136111
1 -0.006250 0.363889 0.027083 0.146296
1 0.524479 0.326389 0.009375 0.037963
7 0.469271 0.346759 0.027083 0.060185
7 0.487500 0.352778 0.018750 0.057407
1 0.396615 0.330556 0.015104 0.066667
1 0.372656 0.325926 0.015104 0.074074
1 0.360417 0.326389 0.012500 0.060185
