0 0.845573 0.654630 0.050521 0.214815
0 0.258333 0.635185 0.043750 0.231481
0 0.915365 0.517593 0.045312 0.190741
0 0.460417 0.989352 0.043750 0.121296
0 0.351042 0.816667 0.036458 0.231481
2 0.377865 0.242593 0.040104 0.103704
2 0.367969 0.325463 0.029687 0.112037
0 0.420312 0.206481 0.029167 0.161111
0 0.336979 0.125463 0.020833 0.128704
0 0.188021 0.261111 0.028125 0.155556
0 0.148698 0.260185 0.030729 0.181481
0 0.403385 0.146296 0.024479 0.138889
0 0.404427 0.120833 0.027604 0.158333
2 0.651563 0.081481 0.031250 0.109259
0 0.302083 0.187963 0.029167 0.161111
0 0.200000 0.181481 0.025000 0.159259
0 0.163281 0.192593 0.025521 0.155556
0 0.194792 0.166204 0.025000 0.165741
0 0.136198 0.200463 0.025521 0.150926
0 0.121615 0.179630 0.025521 0.170370
0 0.147917 0.165278 0.029167 0.162037
0 0.163802 0.147222 0.027604 0.151852
0 0.118229 0.174074 0.020833 0.159259
0 0.173698 0.508796 0.036979 0.208333
0 0.646354 0.777315 0.044792 0.245370
0 0.606771 0.790741 0.041667 0.237037
0 0.847396 0.176852 0.030208 0.162963
0 0.775781 0.170833 0.026562 0.154630
0 0.789062 0.076852 0.030208 0.131481
0 0.258333 0.250000 0.025000 0.170370
0 0.227344 0.253704 0.038021 0.153704
0 0.242708 0.128704 0.029167 0.155556
0 0.215885 0.123148 0.026562 0.155556
0 0.246094 0.106481 0.025521 0.142593
