0 0.845573 0.654630 0.050521 0.214815
0 0.263802 0.637037 0.049479 0.231481
0 0.915104 0.517593 0.044792 0.190741
0 0.463542 0.989352 0.044792 0.221296
0 0.351042 0.816667 0.036458 0.231481
2 0.377865 0.242593 0.040104 0.103704
2 0.367969 0.325463 0.029687 0.112037
0 0.420573 0.206019 0.030729 0.160185
0 0.336979 0.125463 0.020833 0.128704
0 0.188021 0.260185 0.028125 0.157407
0 0.150000 0.259259 0.031250 0.179630
0 0.403385 0.146296 0.024479 0.138889
0 0.404427 0.120370 0.027604 0.157407
0 0.299479 0.018981 0.025000 0.121296
2 0.327344 0.029167 0.031771 0.071296
0 0.254167 0.060185 0.021875 0.129630
2 0.651563 0.081481 0.031250 0.109259
0 0.301302 0.187963 0.030729 0.161111
0 0.174740 0.049074 0.023438 0.138889
0 0.200000 0.180556 0.025000 0.159259
0 0.163281 0.192593 0.025521 0.155556
0 0.194792 0.167130 0.025000 0.163889
0 0.135937 0.200463 0.025000 0.150926
0 0.121615 0.179630 0.025521 0.170370
0 0.147917 0.165278 0.029167 0.162037
0 0.165104 0.150000 0.027083 0.151852
0 0.118229 0.174074 0.020833 0.159259
0 0.467448 -0.025000 0.025521 0.148148
0 0.175000 0.514352 0.036458 0.206481
0 0.247396 -0.026389 0.030208 0.141667
0 0.638542 0.765741 0.044792 0.244444
0 0.601042 0.780093 0.040625 0.234259
0 0.846615 0.169907 0.029687 0.162037
0 0.775521 0.166667 0.028125 0.153704
0 0.793229 0.015278 0.023958 0.125000
0 0.790625 -0.027315 0.021875 0.115741
0 0.791667 0.077778 0.030208 0.131481
0 0.285156 -0.038426 0.018229 0.119444
0 0.256250 0.256944 0.027083 0.173148
0 0.227083 0.260185 0.035417 0.157407
0 0.146615 0.046759 0.024479 0.130556
0 0.244792 0.130556 0.029167 0.155556
0 0.218490 0.128704 0.026562 0.155556
0 0.248177 0.109259 0.025521 0.142593
0 0.476042 0.002778 0.030208 0.133333
