1 0.735417 0.637500 0.053125 0.223148
1 0.234375 0.414815 0.042708 0.212963
1 0.074740 0.623148 0.043229 0.229630
1 0.916406 0.519907 0.039062 0.193519
1 0.638542 0.996759 0.043750 0.202778
1 0.354167 0.820833 0.052083 0.232407
7 0.377865 0.242593 0.040104 0.103704
7 0.367969 0.325463 0.029687 0.112037
1 0.429688 0.218519 0.031250 0.161111
1 1.003906 0.372685 0.036979 0.176852
1 0.788802 0.132407 0.027604 0.135185
1 0.799479 0.270370 0.026042 0.161111
1 0.767448 0.276389 0.041146 0.178704
1 0.427865 0.261111 0.038021 0.159259
1 0.533073 0.257407 0.033854 0.162963
1 0.086198 0.418056 0.028646 0.178704
1 0.089323 0.396759 0.036979 0.187963
1 0.454427 0.237500 0.027604 0.167593
1 0.476042 0.249537 0.029167 0.156481
1 0.552083 -0.034259 0.023958 0.112963
1 0.708073 0.263426 0.020313 0.150926
1 0.673438 0.233796 0.029167 0.150926
1 0.380469 0.070833 0.027604 0.150926
1 0.296094 0.022685 0.020313 0.119444
7 0.327344 0.029167 0.031771 0.071296
1 0.023177 0.792130 0.034896 0.212037
7 0.651563 0.080556 0.031250 0.107407
1 0.279687 0.257870 0.028125 0.163889
1 0.273958 0.270833 0.038542 0.178704
1 0.239844 0.095833 0.026562 0.145370
1 0.212240 0.101852 0.027604 0.150000
1 0.292708 0.136574 0.023958 0.154630
1 0.267188 0.112963 0.028125 0.148148
1 0.199479 0.178704 0.028125 0.162963
1 0.259375 0.177778 0.030208 0.142593
1 0.164062 0.192593 0.027083 0.157407
1 0.187760 0.160185 0.023438 0.162963
1 0.122656 0.196296 0.025521 0.151852
1 0.146354 0.169907 0.025000 0.171296
1 0.151823 0.150926 0.029687 0.155556
1 0.152604 0.142593 0.028125 0.153704
1 0.117708 0.174074 0.020833 0.159259
1 0.487500 -0.045833 0.020833 0.106481
1 0.180469 -0.028704 0.018229 0.122222
1 0.228385 0.962963 0.050521 0.251852
7 0.648438 0.072222 0.034375 0.101852
