1 0.824219 0.664815 0.044271 0.224074
1 0.252344 0.100000 0.038021 0.168519
1 0.442708 0.680556 0.044792 0.240741
1 0.912500 0.518981 0.047917 0.191667
1 0.552604 0.984259 0.046875 0.231481
1 0.351042 0.816667 0.036458 0.231481
7 0.377865 0.242593 0.040104 0.103704
7 0.367969 0.325463 0.029687 0.112037
1 0.429427 0.212963 0.028646 0.161111
1 0.534375 0.056019 0.027083 0.137963
1 0.499219 0.048148 0.027604 0.148148
1 0.294271 0.125463 0.020833 0.145370
1 0.469792 -0.035648 0.027083 0.125000
1 0.089844 0.396759 0.034896 0.176852
1 0.060156 0.381019 0.022396 0.197222
1 0.508854 0.731019 0.060417 0.230556
1 0.545312 0.740278 0.038542 0.213889
1 0.405990 0.155556 0.025521 0.122222
1 0.387240 0.162500 0.031771 0.154630
1 0.393750 -0.028241 0.025000 0.132407
1 0.297135 0.022222 0.021354 0.122222
7 0.327344 0.029167 0.031771 0.071296
1 0.173698 0.249074 0.025521 0.155556
7 0.651563 0.082407 0.031250 0.109259
1 0.175781 0.825000 0.039062 0.238889
1 0.136719 0.800463 0.053646 0.247222
1 0.278385 0.164352 0.030729 0.158333
1 0.179688 0.127315 0.028125 0.152778
1 0.200521 0.182870 0.027083 0.162037
1 0.864844 0.648148 0.036979 0.194444
1 0.163542 0.194444 0.027083 0.157407
1 0.202604 0.163889 0.026042 0.162963
1 0.129167 0.200000 0.032292 0.146296
1 0.134896 0.182870 0.029167 0.162037
1 0.157552 0.161574 0.029687 0.163889
1 0.150521 0.141667 0.026042 0.150000
1 0.117708 0.174074 0.020833 0.159259
1 0.470052 0.043056 0.025521 0.150926
1 0.227604 0.235185 0.030208 0.168519
1 0.258333 0.234259 0.031250 0.175926
1 0.933854 0.417593 0.038542 0.198148
1 0.863021 0.387500 0.031250 0.182407
1 0.794010 0.048611 0.029687 0.136111
1 0.920833 0.253241 0.035417 0.156481
1 0.894531 0.113426 0.026562 0.150926
1 0.863802 0.106481 0.029687 0.161111
1 0.964583 0.247685 0.039583 0.171296
1 0.223177 0.085185 0.023438 0.146296
1 0.195573 0.091667 0.027604 0.133333
1 0.709896 -0.037963 0.026042 0.120370
7 0.647135 0.072222 0.033854 0.087037
1 0.652344 0.076389 0.033854 0.084259
