1 0.753646 0.633333 0.051042 0.225926
1 0.254427 0.246759 0.038021 0.193519
1 0.099219 0.639815 0.044271 0.229630
1 0.915885 0.519907 0.040104 0.193519
1 0.509375 0.969444 0.040625 0.257407
1 0.351302 0.819444 0.045312 0.231481
7 0.377865 0.242593 0.040104 0.103704
7 0.367969 0.325463 0.029687 0.112037
1 0.429427 0.218519 0.030729 0.161111
1 0.784115 0.113889 0.026562 0.135185
1 0.605729 0.168519 0.026042 0.151852
1 0.567187 0.186574 0.028125 0.173148
1 0.281250 0.190278 0.029167 0.165741
1 0.505729 0.174537 0.035417 0.162037
1 0.069271 0.410648 0.025000 0.173148
1 0.050260 0.393056 0.045312 0.187963
1 0.437760 0.419907 0.042188 0.193519
1 0.471615 0.424537 0.041146 0.175000
1 0.472917 0.173148 0.025000 0.140741
1 0.407031 0.170370 0.024479 0.157407
1 0.380469 0.072685 0.026562 0.149074
1 0.296354 0.023148 0.021875 0.124074
7 0.327344 0.029167 0.031771 0.071296
1 0.134115 0.511111 0.030729 0.185185
7 0.651563 0.082407 0.031250 0.109259
1 0.314844 0.453704 0.032813 0.187037
1 0.271354 0.452778 0.035417 0.207407
1 0.272917 -0.028241 0.026042 0.137963
1 0.234896 -0.020370 0.031250 0.137037
1 0.293750 0.136574 0.023958 0.154630
1 0.185417 0.119907 0.027083 0.149074
1 0.198437 0.181019 0.026042 0.162037
1 0.370052 0.373148 0.026562 0.161111
1 0.164583 0.194907 0.027083 0.156481
1 0.188021 0.165278 0.023958 0.162037
1 0.124479 0.193519 0.028125 0.151852
1 0.141406 0.173611 0.022396 0.167593
1 0.160938 0.161111 0.029167 0.151852
1 0.152083 0.142593 0.028125 0.153704
1 0.117188 0.174074 0.020833 0.159259
1 0.465104 -0.027778 0.018750 0.133333
1 0.207813 0.078241 0.030208 0.147222
1 0.222396 0.560185 0.043750 0.218519
1 0.991146 0.665741 0.039583 0.214815
1 0.861979 0.083333 0.032292 0.135185
1 0.786719 -0.019907 0.022396 0.117593
1 0.146875 0.820370 0.045833 0.250000
1 0.139323 0.747222 0.044271 0.235185
1 0.710677 -0.033333 0.027604 0.131481
7 0.645833 0.076852 0.032292 0.088889
