1 0.851562 0.684259 0.053125 0.224074
1 0.258073 0.148611 0.034896 0.176852
1 0.391927 0.625926 0.046354 0.218519
1 0.915365 0.519907 0.041146 0.193519
1 0.530729 0.977315 0.046875 0.243519
1 0.351042 0.816667 0.036458 0.231481
7 0.377865 0.242593 0.040104 0.103704
7 0.367969 0.325463 0.029687 0.112037
1 0.428906 0.218519 0.028646 0.159259
1 0.773698 -0.001389 0.026562 0.121296
1 0.537240 0.103704 0.027604 0.148148
1 0.507812 0.091667 0.030208 0.157407
1 0.263542 0.134259 0.026042 0.146296
1 0.489844 0.031481 0.029687 0.140741
1 0.070052 0.410648 0.026562 0.173148
1 0.059115 0.391204 0.027604 0.184259
1 0.473177 0.606019 0.054688 0.217593
1 0.505990 0.608333 0.042188 0.200000
1 0.405729 0.158333 0.029167 0.120370
1 0.386719 0.162963 0.032813 0.155556
1 0.386719 0.053241 0.025521 0.136111
1 0.297135 0.022685 0.021354 0.123148
7 0.327344 0.029167 0.031771 0.071296
1 0.120833 0.332407 0.028125 0.162963
7 0.651563 0.082407 0.031250 0.109259
1 0.230729 0.677315 0.039583 0.219444
1 0.175781 0.660648 0.042188 0.234259
1 0.301302 0.139815 0.029687 0.151852
1 0.182552 0.128241 0.030729 0.150926
1 0.200521 0.181481 0.027083 0.162963
1 0.649740 0.549537 0.030729 0.187963
1 0.163021 0.194444 0.027083 0.157407
1 0.191667 0.162500 0.027083 0.160185
1 0.132292 0.203241 0.035417 0.141667
1 0.135156 0.185185 0.035937 0.157407
1 0.155469 0.156481 0.028646 0.161111
1 0.147917 0.141667 0.026042 0.151852
1 0.117708 0.174074 0.020833 0.159259
1 0.447135 0.042593 0.026562 0.150000
1 0.234635 0.163889 0.026562 0.161111
1 0.258333 0.332870 0.039583 0.186111
1 0.997917 0.492593 0.038542 0.177778
1 0.921094 0.468519 0.033854 0.190741
1 0.808854 0.008333 0.029167 0.137037
1 0.936979 0.192130 0.030208 0.154630
1 0.947396 0.140741 0.035417 0.153704
1 0.984115 0.145833 0.042188 0.158333
1 0.879948 0.133796 0.035937 0.156481
1 0.232813 0.038426 0.020833 0.132407
1 0.203906 0.043056 0.033854 0.128704
1 0.721875 -0.034722 0.031250 0.126852
7 0.646615 0.074537 0.032813 0.086111
1 0.651302 0.075926 0.033854 0.083333
