1 0.634375 0.381481 0.030208 0.127778
1 0.432812 0.388426 0.032292 0.167593
1 0.471875 0.392593 0.035417 0.151852
1 0.741667 0.381944 0.043750 0.173148
1 0.577604 0.352778 0.015625 0.062963
1 0.011458 0.385648 0.025000 0.108333
1 0.039323 0.378241 0.020313 0.112037
1 0.617188 0.355093 0.014583 0.058333
1 0.597135 0.354630 0.011979 0.066667
7 0.521354 0.396759 0.031250 0.104630
7 0.546354 0.403704 0.032292 0.100000
1 0.349740 0.356481 0.013021 0.051852
1 0.360677 0.356944 0.010937 0.047222
1 0.373437 0.350000 0.011458 0.046296
1 0.408594 0.358333 0.015104 0.053704
1 0.386458 0.348611 0.010417 0.037963
1 0.394271 0.350926 0.011458 0.038889
