1 0.735677 0.637500 0.053646 0.223148
1 0.231771 0.423611 0.042708 0.213889
1 0.074740 0.623611 0.043229 0.230556
1 0.916406 0.519907 0.039062 0.193519
1 0.644531 0.997685 0.044271 0.202778
1 0.354167 0.820833 0.052083 0.232407
7 0.377865 0.242593 0.040104 0.103704
7 0.367969 0.325463 0.029687 0.112037
1 0.429688 0.218519 0.031250 0.161111
1 0.996615 0.361574 0.036979 0.176852
1 0.788802 0.132407 0.027604 0.135185
1 0.811198 0.279630 0.026562 0.162963
1 0.777344 0.279630 0.032813 0.179630
1 0.450781 0.262500 0.045312 0.158333
1 0.537760 0.251389 0.036979 0.160185
1 0.090365 0.420833 0.027604 0.175000
1 0.091667 0.398148 0.036458 0.188889
1 0.457813 0.236111 0.029167 0.172222
1 0.479427 0.242593 0.028646 0.155556
1 0.552083 -0.029630 0.023958 0.112963
1 0.534115 -0.029167 0.022396 0.110185
1 0.717708 0.270370 0.020833 0.153704
1 0.688542 0.240278 0.031250 0.152778
1 0.380469 0.070833 0.027604 0.150926
1 0.296094 0.022222 0.019271 0.120370
7 0.327344 0.029167 0.031771 0.071296
1 0.023177 0.803241 0.034896 0.212037
7 0.651563 0.080093 0.031250 0.106481
1 0.271875 0.249537 0.028125 0.163889
1 0.274479 0.263426 0.040625 0.178704
1 0.240625 0.101852 0.025000 0.146296
1 0.213021 0.113426 0.026042 0.152778
1 0.292708 0.136574 0.022917 0.154630
1 0.267188 0.112963 0.028125 0.148148
1 0.199219 0.179167 0.027604 0.163889
1 0.251302 0.171759 0.027604 0.141667
1 0.162500 0.192593 0.027083 0.157407
1 0.189844 0.160648 0.022396 0.160185
1 0.122656 0.196296 0.025521 0.151852
1 0.145833 0.169907 0.023958 0.171296
1 0.151562 0.153241 0.030208 0.156481
1 0.152083 0.142593 0.028125 0.153704
1 0.117708 0.174074 0.020833 0.159259
1 0.487240 -0.045833 0.020313 0.106481
1 0.229427 0.980556 0.051562 0.237037
7 0.648958 0.072222 0.034375 0.101852
