1 0.804948 0.574074 0.025521 0.120370
1 0.878646 0.548148 0.021875 0.085185
1 0.851042 0.532407 0.017708 0.083333
1 0.223958 0.567130 0.019792 0.104630
1 0.248958 0.570370 0.021875 0.103704
1 0.321875 0.541667 0.015625 0.077778
1 0.305990 0.542130 0.014063 0.080556
1 0.344271 0.531481 0.015625 0.077778
1 0.326302 0.535648 0.014063 0.078704
1 0.832031 0.500926 0.010937 0.042593
1 0.716927 0.501389 0.009896 0.052778
1 0.823958 0.502778 0.009375 0.050000
1 0.553646 0.474537 0.007292 0.025000
1 0.300000 0.530093 0.009375 0.073148
1 0.311198 0.527778 0.014063 0.079630
1 0.642188 0.478704 0.008333 0.037037
1 0.875781 0.496759 0.011979 0.050926
1 0.416406 0.496759 0.008854 0.047222
1 0.434635 0.501852 0.009896 0.050000
1 0.400781 0.494907 0.010937 0.045370
1 0.841406 0.500463 0.011979 0.045370
1 0.727344 0.493981 0.008854 0.041667
1 0.779948 0.493519 0.009896 0.048148
