1 0.846354 0.656944 0.052083 0.219444
1 0.321354 0.618981 0.038542 0.223148
1 0.916146 0.519907 0.039583 0.195370
1 0.488802 0.985648 0.041146 0.223148
1 0.351042 0.816667 0.036458 0.231481
7 0.377865 0.242593 0.040104 0.103704
7 0.367969 0.325463 0.029687 0.112037
1 0.431510 0.208333 0.036979 0.157407
1 0.337240 0.125463 0.020313 0.128704
1 0.231771 0.231481 0.029167 0.151852
1 0.260417 0.243056 0.039583 0.178704
1 0.404687 0.144444 0.027083 0.148148
1 0.395833 0.110185 0.029167 0.151852
1 0.302083 0.015741 0.028125 0.124074
7 0.327344 0.029167 0.031771 0.071296
7 0.651563 0.081481 0.031250 0.109259
1 0.295573 0.188889 0.031771 0.155556
1 0.171354 0.052315 0.017708 0.137963
1 0.208854 0.179167 0.029167 0.160185
1 0.164062 0.195370 0.026042 0.155556
1 0.199740 0.160648 0.023438 0.162037
1 0.135677 0.206019 0.027604 0.149074
1 0.117708 0.181481 0.026042 0.168519
1 0.151823 0.162037 0.031771 0.157407
1 0.190625 0.147222 0.026042 0.150000
1 0.123177 0.168981 0.020313 0.154630
1 0.467187 -0.025463 0.026042 0.147222
1 0.214844 0.980093 0.051562 0.239815
1 0.503125 0.333333 0.034375 0.192593
1 0.455208 0.336574 0.035417 0.178704
1 0.617448 0.663426 0.045312 0.234259
1 0.909115 0.740741 0.046354 0.218519
1 0.915104 0.699074 0.051042 0.237037
1 0.752865 -0.007407 0.029687 0.133333
1 0.713802 -0.007407 0.023438 0.137037
1 0.974219 0.301852 0.030729 0.175926
1 0.900781 0.256019 0.030729 0.163889
1 0.788021 -0.024537 0.025000 0.128704
1 0.764323 -0.026389 0.024479 0.141667
1 0.782031 0.257407 0.032813 0.146296
1 0.665625 0.236111 0.031250 0.153704
1 0.460156 0.001389 0.029687 0.147222
1 0.423698 -0.008333 0.023438 0.142593
1 0.407552 0.011111 0.026562 0.135185
1 0.273438 0.173148 0.027083 0.144444
1 0.213281 0.556944 0.031771 0.208333
1 0.173437 0.561111 0.044792 0.187037
1 0.241406 0.144444 0.032813 0.159259
1 0.264844 0.121296 0.030729 0.151852
1 0.215885 0.075463 0.030729 0.143519
1 0.241667 0.077315 0.025000 0.139815
1 0.242708 0.028241 0.028125 0.134259
1 0.214062 0.375926 0.038542 0.181481
1 0.169531 0.375926 0.031771 0.188889
1 0.273958 0.366667 0.033333 0.175926
1 0.392708 0.002315 0.029167 0.123148
