1 0.619792 0.359259 0.035417 0.151852
1 0.531250 0.342593 0.031250 0.137037
1 0.515104 0.347222 0.034375 0.161111
1 0.815625 0.578704 0.125000 0.690741
1 0.961719 0.589352 0.151562 0.725000
1 0.379427 0.351852 0.043229 0.192593
1 0.545833 0.341667 0.022917 0.120370
1 0.569010 0.319907 0.010937 0.043519
1 0.037240 0.372222 0.039062 0.179630
1 0.596875 0.340741 0.020833 0.124074
1 0.311979 0.332407 0.025000 0.105556
1 0.656771 0.335648 0.017708 0.106481
1 0.291927 0.343981 0.031771 0.158333
1 0.273958 0.350000 0.021875 0.133333
1 0.495052 0.333796 0.021354 0.104630
1 0.155990 0.312500 0.017188 0.071296
1 0.161719 0.330556 0.021354 0.111111
1 0.174219 0.318981 0.017188 0.071296
1 0.448437 0.318981 0.011458 0.056481
1 0.432031 0.313889 0.008854 0.061111
1 0.400521 0.318056 0.011458 0.052778
1 -0.001563 0.363889 0.037500 0.188889
1 0.405208 0.320370 0.011458 0.048148
