0 0.736198 0.637500 0.053646 0.223148
0 0.221615 0.463889 0.044271 0.218519
0 0.074740 0.624074 0.043229 0.231481
0 0.917188 0.520833 0.038542 0.193519
0 0.354687 0.820833 0.052083 0.232407
2 0.377865 0.242593 0.040104 0.103704
2 0.367969 0.325463 0.029687 0.112037
0 0.429688 0.218519 0.031250 0.161111
0 0.964583 0.302778 0.032292 0.172222
0 0.788281 0.132407 0.027604 0.135185
0 0.850521 0.308333 0.030208 0.168519
0 0.808333 0.309259 0.031250 0.177778
0 0.538802 0.266667 0.036979 0.164815
0 0.550260 0.216667 0.033854 0.157407
0 0.120052 0.441667 0.032813 0.181481
0 0.130729 0.418056 0.032292 0.197222
0 0.470573 0.210185 0.028646 0.164815
0 0.489063 0.211111 0.026042 0.148148
0 0.751302 0.295833 0.025521 0.156481
0 0.730469 0.253241 0.025521 0.156481
2 0.646094 0.083796 0.036979 0.106481
0 0.271615 0.220833 0.027604 0.163889
0 0.279687 0.232407 0.046875 0.172222
0 0.251042 0.135185 0.023958 0.155556
0 0.230208 0.144444 0.028125 0.153704
0 0.292187 0.136574 0.021875 0.154630
0 0.267969 0.112963 0.026562 0.148148
0 0.198958 0.179630 0.027083 0.164815
0 0.204167 0.148148 0.023958 0.142593
0 0.161979 0.192593 0.027083 0.157407
0 0.187240 0.160185 0.025521 0.161111
0 0.124479 0.194444 0.023958 0.151852
0 0.146094 0.170833 0.028646 0.165741
0 0.141667 0.156944 0.030208 0.156481
0 0.151562 0.142593 0.028125 0.153704
0 0.118750 0.174074 0.020833 0.159259
