1 0.442188 0.443519 0.036458 0.159259
1 0.383333 0.412963 0.025000 0.118519
1 0.297917 0.414815 0.018750 0.096296
1 0.942708 0.592130 0.096875 0.504630
1 -0.002344 0.453241 0.044271 0.208333
1 0.199219 0.422685 0.030729 0.128704
1 0.364844 0.422222 0.021354 0.107407
1 0.369010 0.410648 0.019271 0.095370
1 0.041667 0.440278 0.030208 0.134259
1 0.451302 0.416204 0.023438 0.126852
1 0.399740 0.415278 0.016146 0.102778
1 0.172917 0.413889 0.017708 0.087037
1 0.164583 0.418981 0.013542 0.071296
1 0.191667 0.420833 0.017708 0.087963
1 0.152604 0.405093 0.012500 0.052778
1 0.316927 0.402315 0.013021 0.063889
7 0.261979 0.408796 0.018750 0.045370
7 0.279687 0.413889 0.015625 0.044444
7 0.661979 0.427315 0.022917 0.115741
