1 0.735156 0.637500 0.053646 0.223148
1 0.238281 0.400000 0.042188 0.211111
1 0.074740 0.623148 0.043229 0.229630
1 0.916406 0.519907 0.039062 0.193519
1 0.632031 0.990741 0.043229 0.209259
1 0.353646 0.820833 0.052083 0.232407
7 0.377865 0.242593 0.040104 0.103704
7 0.367969 0.325463 0.029687 0.112037
1 0.429688 0.218519 0.031250 0.161111
1 0.788802 0.131944 0.027604 0.136111
1 0.782031 0.262500 0.026562 0.160185
1 0.753906 0.271759 0.031771 0.176852
1 0.403906 0.255556 0.032813 0.162963
1 0.524740 0.263889 0.035937 0.168519
1 0.075781 0.413426 0.023438 0.176852
1 0.080208 0.393056 0.029167 0.187963
1 0.448437 0.251852 0.028125 0.170370
1 0.468750 0.262500 0.027083 0.156481
1 0.692969 0.263426 0.022396 0.150926
1 0.651302 0.226389 0.032813 0.154630
1 0.380469 0.070833 0.027604 0.150926
1 0.296094 0.022685 0.020313 0.119444
7 0.327344 0.029167 0.031771 0.071296
1 0.027083 0.763889 0.034375 0.211111
7 0.651563 0.081019 0.031250 0.108333
1 0.285677 0.268981 0.027604 0.165741
1 0.278646 0.284259 0.039583 0.181481
1 0.240365 0.087037 0.026562 0.148148
1 0.210677 0.095370 0.027604 0.150000
1 0.292708 0.136574 0.023958 0.154630
1 0.266927 0.112963 0.028646 0.148148
1 0.199479 0.178704 0.028125 0.162963
1 0.264323 0.193519 0.028646 0.144444
1 0.165625 0.192593 0.027083 0.157407
1 0.187760 0.159722 0.023438 0.162037
1 0.122135 0.196296 0.025521 0.151852
1 0.148177 0.169907 0.028646 0.169444
1 0.151823 0.150926 0.029687 0.155556
1 0.152604 0.142593 0.028125 0.153704
1 0.117188 0.174074 0.020833 0.159259
1 0.487760 -0.045370 0.021354 0.107407
1 0.192969 -0.019907 0.020313 0.123148
1 0.231510 0.927778 0.050521 0.248148
1 0.750781 -0.037037 0.023438 0.120370
7 0.648438 0.073611 0.034375 0.100926
