1 0.667188 0.533333 0.051042 0.307407
1 0.601562 0.500000 0.038542 0.162963
1 0.155208 0.536111 0.062500 0.261111
1 0.489063 0.469444 0.023958 0.112963
1 0.059896 0.510185 0.044792 0.187037
1 0.180729 0.501852 0.034375 0.181481
1 0.106250 0.517593 0.033333 0.170370
1 0.358333 0.464352 0.022917 0.112037
1 0.464583 0.472222 0.020833 0.100000
1 0.442448 0.462037 0.016146 0.081481
1 0.477083 0.469444 0.015625 0.094444
1 0.286719 0.456944 0.011979 0.065741
1 0.276823 0.462500 0.010937 0.056481
1 0.294792 0.466667 0.011458 0.068519
1 0.267188 0.457870 0.011458 0.058333
1 0.252344 0.457407 0.010937 0.059259
1 0.239063 0.459722 0.010417 0.050926
7 0.701823 0.479167 0.021354 0.099074
