1 0.846354 0.656944 0.052083 0.219444
1 0.325521 0.619907 0.041667 0.221296
1 0.916146 0.519907 0.039583 0.195370
1 0.490365 0.986574 0.041146 0.221296
1 0.351042 0.816667 0.036458 0.231481
7 0.377865 0.242593 0.040104 0.103704
7 0.367969 0.325463 0.029687 0.112037
1 0.431510 0.208333 0.036979 0.157407
1 0.337240 0.125463 0.020313 0.128704
1 0.221354 0.231944 0.027083 0.150926
1 0.251823 0.243056 0.041146 0.178704
1 0.404687 0.143519 0.027083 0.148148
1 0.396094 0.110648 0.028646 0.152778
1 0.302083 0.015741 0.028125 0.124074
7 0.327344 0.029167 0.031771 0.071296
7 0.651563 0.081481 0.031250 0.109259
1 0.295573 0.188889 0.031771 0.155556
1 0.172396 0.051389 0.018750 0.137963
1 0.210417 0.178241 0.029167 0.160185
1 0.164062 0.195370 0.026042 0.155556
1 0.199219 0.159722 0.023438 0.162037
1 0.134896 0.206481 0.027083 0.148148
1 0.116667 0.181944 0.023958 0.169444
1 0.151823 0.162037 0.031771 0.157407
1 0.190625 0.146296 0.026042 0.150000
1 0.121094 0.168519 0.020313 0.155556
1 0.467187 -0.025463 0.026042 0.147222
1 0.210677 0.968981 0.051562 0.249074
1 0.500521 0.341667 0.034375 0.192593
1 0.455208 0.346759 0.035417 0.182407
1 0.621354 0.675463 0.045833 0.236111
1 0.918229 0.740741 0.052083 0.220370
1 0.930208 0.696759 0.038542 0.236111
1 0.757031 -0.003704 0.029687 0.133333
1 0.716927 -0.003704 0.023438 0.137037
1 0.970052 0.291667 0.030729 0.174074
1 0.899479 0.244444 0.027083 0.161111
1 0.782031 -0.027778 0.022396 0.124074
1 0.780729 0.248611 0.032292 0.147222
1 0.659635 0.225000 0.028646 0.155556
1 0.459635 -0.000463 0.030729 0.147222
1 0.420833 -0.008333 0.023958 0.142593
1 0.407552 0.011111 0.026562 0.135185
1 0.276823 0.166204 0.028646 0.143519
1 0.214062 0.543519 0.031250 0.207407
1 0.174219 0.556481 0.046354 0.192593
1 0.241927 0.142593 0.032813 0.159259
1 0.261719 0.115741 0.030729 0.151852
1 0.215104 0.071296 0.031250 0.140741
1 0.240104 0.072685 0.025000 0.139815
1 0.218229 0.366667 0.038542 0.181481
1 0.171354 0.369444 0.032292 0.185185
1 0.274740 0.355093 0.033854 0.171296
1 0.392448 0.000926 0.028646 0.124074
