1 0.846615 0.654630 0.052604 0.214815
1 0.356510 0.650000 0.041146 0.225926
1 0.916146 0.518056 0.039583 0.195370
1 0.495052 0.983333 0.042188 0.225926
1 0.351042 0.816667 0.036458 0.231481
7 0.377865 0.242593 0.040104 0.103704
7 0.367969 0.325463 0.029687 0.112037
1 0.432552 0.208333 0.039062 0.157407
1 0.337240 0.125463 0.020313 0.128704
1 0.195052 0.236111 0.025521 0.155556
1 0.174479 0.239352 0.034375 0.176852
1 0.406510 0.142130 0.026562 0.147222
1 0.400260 0.116204 0.025521 0.154630
1 0.301563 0.017130 0.028125 0.121296
7 0.327344 0.029167 0.031771 0.071296
7 0.651563 0.081481 0.031250 0.109259
1 0.305469 0.187963 0.029687 0.157407
1 0.174740 0.050000 0.023438 0.138889
1 0.206250 0.177315 0.027083 0.158333
1 0.163542 0.193981 0.026042 0.154630
1 0.196094 0.163889 0.024479 0.161111
1 0.139583 0.200463 0.028125 0.152778
1 0.123177 0.181019 0.024479 0.171296
1 0.139063 0.165741 0.027083 0.159259
1 0.185938 0.150000 0.026042 0.150000
1 0.118750 0.168519 0.020833 0.159259
1 0.467187 -0.025463 0.026042 0.147222
1 0.177604 0.736111 0.046875 0.229630
1 0.524479 0.507407 0.043750 0.212963
1 0.476042 0.521296 0.033333 0.207407
1 0.717708 0.958333 0.050000 0.237037
1 0.934115 0.739815 0.046354 0.220370
1 0.963281 0.702315 0.039062 0.232407
1 0.795573 0.064352 0.030729 0.137963
1 0.756250 0.067593 0.023958 0.137037
1 0.903906 0.145833 0.027604 0.156481
1 0.842969 0.115741 0.025521 0.144444
1 0.788281 0.159722 0.028646 0.141667
1 0.590365 0.084722 0.027604 0.143519
1 0.433854 -0.030093 0.021875 0.128704
1 0.391667 0.004630 0.025000 0.124074
1 0.257292 0.068981 0.025000 0.132407
1 0.233073 0.399537 0.028646 0.187963
1 0.197135 0.406944 0.038021 0.173148
1 0.230208 0.136574 0.027083 0.160185
1 0.229948 0.019907 0.034896 0.130556
1 0.211458 0.000926 0.021875 0.118519
1 0.145833 0.047222 0.027083 0.127778
1 0.265104 0.255556 0.031250 0.174074
1 0.220573 0.252778 0.028646 0.170370
1 0.259635 0.233796 0.032813 0.158333
1 0.397135 -0.013426 0.023438 0.128704
