1 0.944271 0.714352 0.054167 0.237963
1 0.919010 0.573611 0.028646 0.102778
1 0.858854 0.560648 0.021875 0.104630
1 0.008854 0.625463 0.031250 0.147222
1 0.086198 0.616667 0.025521 0.124074
1 0.057552 0.618519 0.025521 0.116667
1 0.153906 0.579167 0.021354 0.108333
1 0.121354 0.617130 0.026042 0.143519
1 0.746875 0.518519 0.013542 0.050000
1 0.681250 0.526852 0.015625 0.068519
1 0.737500 0.517130 0.010417 0.054630
1 0.422396 0.485648 0.009375 0.030556
1 0.097917 0.563426 0.023958 0.095370
1 0.280990 0.513426 0.008854 0.043519
1 0.073958 0.598611 0.022917 0.128704
1 0.563281 0.488426 0.009896 0.039815
1 0.770312 0.510648 0.012500 0.062037
1 0.304948 0.513889 0.009896 0.059259
1 0.312760 0.521296 0.010937 0.059259
1 0.268490 0.514815 0.009896 0.057407
1 0.292187 0.507407 0.010417 0.055556
1 0.724479 0.507870 0.012500 0.058333
1 0.590885 0.502778 0.009896 0.044444
1 0.597917 0.503704 0.011458 0.048148
1 0.670573 0.507407 0.011979 0.048148
1 0.661719 0.509722 0.010937 0.050926
1 0.042969 0.612500 0.016146 0.102778
1 0.770573 0.511111 0.013021 0.059259
1 0.731771 0.511111 0.011458 0.055556
1 0.754687 0.514815 0.009375 0.053704
1 0.674740 0.503241 0.011979 0.047222
