1 0.825781 0.678241 0.038021 0.226852
1 0.250521 0.124074 0.035417 0.172222
1 0.439583 0.650926 0.043750 0.227778
1 0.913021 0.519444 0.045833 0.192593
1 0.555208 0.973611 0.046875 0.243519
1 0.351042 0.816667 0.036458 0.231481
7 0.377865 0.242593 0.040104 0.103704
7 0.367969 0.325463 0.029687 0.112037
1 0.429688 0.217593 0.023958 0.157407
1 0.778385 -0.037963 0.026562 0.116667
1 0.538281 0.076852 0.026562 0.144444
1 0.502083 0.064352 0.030208 0.149074
1 0.282031 0.123611 0.021354 0.150926
1 0.473958 -0.009722 0.027083 0.139815
1 0.073438 0.410185 0.028125 0.172222
1 0.059896 0.387963 0.028125 0.187037
1 0.493229 0.672685 0.059375 0.225000
1 0.530729 0.677778 0.045833 0.203704
1 0.405729 0.151852 0.027083 0.131481
1 0.384375 0.160185 0.025000 0.155556
1 0.395313 0.006944 0.025000 0.134259
1 0.297135 0.022222 0.021354 0.122222
7 0.327344 0.029167 0.031771 0.071296
1 0.151042 0.281481 0.026042 0.161111
7 0.651563 0.082407 0.031250 0.109259
1 0.196354 0.757407 0.037500 0.229630
1 0.153385 0.735185 0.050521 0.237037
1 0.286198 0.150000 0.027604 0.157407
1 0.183854 0.127778 0.029167 0.150000
1 0.200521 0.182407 0.027083 0.162963
1 0.765625 0.605556 0.047917 0.190741
1 0.163021 0.194444 0.027083 0.157407
1 0.195573 0.164815 0.025521 0.161111
1 0.129167 0.200463 0.031250 0.147222
1 0.136719 0.178704 0.031771 0.161111
1 0.151562 0.160648 0.030208 0.160185
1 0.150000 0.143519 0.027083 0.151852
1 0.117708 0.174074 0.020833 0.159259
1 0.466406 0.048611 0.027604 0.150926
1 0.238281 0.200000 0.029687 0.159259
1 0.250260 0.273148 0.034896 0.177778
1 0.973437 0.451389 0.040625 0.193519
1 0.880208 0.423148 0.031250 0.185185
1 0.798958 0.030093 0.029167 0.136111
1 0.920833 0.227315 0.029167 0.154630
1 0.924219 0.135648 0.029687 0.154630
1 0.898958 0.134722 0.035417 0.160185
1 0.914323 0.189352 0.036979 0.156481
1 0.228906 0.067130 0.021354 0.141667
1 0.202604 0.070370 0.033333 0.125926
1 0.720833 -0.035185 0.028125 0.124074
7 0.646875 0.073148 0.033333 0.087037
1 0.651563 0.076389 0.034375 0.084259
