1 0.619271 0.371296 0.032292 0.138889
1 0.452083 0.356481 0.029167 0.140741
1 0.353646 0.399074 0.061458 0.283333
1 0.977083 0.612963 0.137500 0.731481
1 0.201302 0.390741 0.070312 0.270370
1 0.488542 0.363426 0.030208 0.126852
1 0.524219 0.333333 0.013021 0.055556
1 0.567969 0.358333 0.026562 0.153704
1 0.573698 0.361111 0.025521 0.137037
1 0.654427 0.350926 0.020313 0.109259
1 0.307292 0.354630 0.019792 0.120370
1 0.288802 0.349537 0.023438 0.113889
1 0.302865 0.358796 0.022396 0.128704
1 0.013021 0.362500 0.027083 0.143519
1 0.501302 0.331944 0.009896 0.034259
7 0.446875 0.349074 0.021875 0.051852
7 0.465625 0.354630 0.018750 0.057407
1 0.384115 0.335185 0.010937 0.059259
