1 0.733854 0.486111 0.044792 0.238889
1 0.750521 0.479630 0.038542 0.162963
1 0.339583 0.488889 0.047917 0.200000
1 0.623958 0.441667 0.025000 0.112963
1 0.231771 0.481481 0.040625 0.170370
1 0.349479 0.481481 0.034375 0.174074
1 0.270313 0.487963 0.032292 0.161111
1 0.480729 0.447222 0.021875 0.105556
1 0.597396 0.444444 0.019792 0.098148
1 0.295312 0.483333 0.032292 0.166667
1 0.566927 0.434259 0.015104 0.075926
1 0.177604 0.435648 0.014583 0.063889
1 0.316146 0.465741 0.027083 0.125926
1 0.603906 0.443056 0.016146 0.095370
1 0.418750 0.433333 0.010417 0.061111
1 0.413281 0.433796 0.010937 0.052778
1 0.426823 0.443981 0.010937 0.065741
1 0.403125 0.434722 0.012500 0.052778
1 0.387500 0.433333 0.011458 0.057407
1 0.369271 0.439352 0.010417 0.050926
7 0.823698 0.454167 0.021354 0.099074
