1 0.778125 0.575000 0.025000 0.146296
1 0.076042 0.592593 0.017708 0.088889
1 0.723177 0.600000 0.032813 0.137037
1 0.464844 0.503241 0.010937 0.045370
1 0.641146 0.517593 0.014583 0.074074
1 0.067187 0.593056 0.014583 0.086111
1 0.066927 0.606019 0.015104 0.086111
1 0.001042 0.601389 0.012500 0.084259
1 0.582292 0.544907 0.017708 0.084259
1 0.214062 0.513889 0.008333 0.033333
1 0.596875 0.538889 0.017708 0.092593
1 0.611458 0.532407 0.017708 0.083333
1 0.560156 0.522222 0.016146 0.066667
1 0.575521 0.514815 0.012500 0.066667
1 0.492969 0.523611 0.013021 0.062037
