0 0.748698 0.543056 0.019271 0.093519
0 0.813542 0.535648 0.020833 0.075000
0 0.870052 0.610648 0.028646 0.132407
0 0.919792 0.612500 0.031250 0.132407
0 0.789323 0.518519 0.016146 0.075926
0 0.071354 0.638889 0.031250 0.157407
0 0.256771 0.551852 0.017708 0.087037
0 0.279167 0.556481 0.019792 0.087037
0 0.339844 0.525463 0.014063 0.067593
0 0.327865 0.524537 0.011979 0.063889
0 0.357552 0.513889 0.014063 0.062963
0 0.818490 0.488889 0.009896 0.040741
0 0.697396 0.491204 0.009375 0.045370
0 0.811719 0.487037 0.007812 0.037037
0 0.563281 0.470370 0.007812 0.027778
0 0.321875 0.518056 0.008333 0.067593
0 0.335938 0.513889 0.010417 0.062963
0 0.629948 0.474537 0.007812 0.034259
0 0.678385 0.480093 0.007812 0.041667
0 0.417708 0.488426 0.009375 0.041667
0 0.436458 0.496759 0.008333 0.041667
0 0.406510 0.493056 0.008854 0.043519
0 0.771875 0.486111 0.010417 0.040741
