1 0.601042 0.332407 0.027083 0.127778
1 0.416146 0.332407 0.032292 0.161111
1 0.457292 0.339815 0.029167 0.146296
1 0.615885 0.314815 0.025521 0.103704
1 0.742969 0.384259 0.055729 0.372222
1 0.366146 0.322222 0.020833 0.103704
1 0.719531 0.376852 0.049479 0.320370
1 0.528385 0.307407 0.014063 0.064815
1 0.105469 0.397222 0.054688 0.288889
1 0.126042 0.306019 0.015625 0.078704
1 0.556250 0.305093 0.012500 0.052778
1 0.542969 0.300926 0.010937 0.051852
7 0.479427 0.336111 0.023438 0.081481
7 0.495573 0.340278 0.025521 0.078704
1 0.338021 0.294907 0.010417 0.037963
1 0.342708 0.295370 0.010417 0.042593
1 0.385937 0.319907 0.011458 0.058333
1 0.351562 0.295370 0.009375 0.035185
