1 0.506250 0.428704 0.096875 0.587037
1 0.004167 0.517593 0.203125 1.109259
1 0.208333 0.406944 0.066667 0.325000
1 0.289323 0.403704 0.055729 0.322222
1 0.363281 0.369907 0.021354 0.117593
1 0.386198 0.357870 0.026562 0.121296
1 0.722917 0.362963 0.023958 0.125926
1 0.552865 0.413889 0.059896 0.390741
1 0.969271 0.370833 0.020833 0.104630
1 0.938021 0.373148 0.019792 0.098148
1 0.863542 0.355556 0.013542 0.075926
1 0.851302 0.365278 0.018229 0.084259
1 0.471875 0.383333 0.045833 0.283333
1 0.416146 0.361574 0.022917 0.110185
1 0.685156 0.367593 0.020313 0.101852
1 0.696615 0.371296 0.016146 0.088889
1 0.445312 0.366667 0.026042 0.111111
