1 0.608594 0.344907 0.026562 0.125000
1 0.430729 0.341667 0.031250 0.161111
1 0.470313 0.349537 0.022917 0.143519
1 0.613021 0.327778 0.028125 0.100000
1 0.733594 0.390741 0.049479 0.344444
1 0.369531 0.332870 0.021354 0.099074
1 0.714063 0.388889 0.047917 0.300000
1 0.535937 0.322222 0.014583 0.062963
1 0.145573 0.403241 0.057813 0.269444
1 0.122917 0.319907 0.014583 0.078704
1 0.560937 0.314352 0.011458 0.047222
1 0.547396 0.315278 0.011458 0.054630
7 0.486458 0.340278 0.023958 0.069444
7 0.505990 0.350000 0.023438 0.075926
1 0.393750 0.326389 0.011458 0.058333
1 0.361198 0.309722 0.008854 0.034259
