1 0.839323 0.683333 0.044271 0.224074
1 0.252083 0.137963 0.034375 0.174074
1 0.416406 0.637500 0.044271 0.226852
1 0.915365 0.519907 0.041146 0.193519
1 0.540885 0.974537 0.045312 0.237963
1 0.351042 0.816667 0.036458 0.231481
7 0.377865 0.242593 0.040104 0.103704
7 0.367969 0.325463 0.029687 0.112037
1 0.428646 0.218056 0.027083 0.158333
1 0.775260 -0.020833 0.026562 0.121296
1 0.538542 0.091667 0.027083 0.146296
1 0.504167 0.078241 0.032292 0.154630
1 0.272656 0.129630 0.021354 0.153704
1 0.483333 0.012500 0.027083 0.139815
1 0.071094 0.410648 0.026562 0.173148
1 0.059375 0.389815 0.027083 0.185185
1 0.481510 0.637037 0.056771 0.222222
1 0.516667 0.638426 0.042708 0.197222
1 0.404687 0.150000 0.020833 0.138889
1 0.386719 0.162500 0.030729 0.156481
1 0.389323 0.031944 0.025521 0.136111
1 0.297135 0.022222 0.021354 0.122222
7 0.327344 0.029167 0.031771 0.071296
1 0.131250 0.306481 0.026042 0.159259
7 0.651563 0.082407 0.031250 0.109259
1 0.214583 0.718981 0.036458 0.225000
1 0.168750 0.695370 0.046875 0.237037
1 0.292969 0.141667 0.027604 0.151852
1 0.182552 0.130093 0.030729 0.150926
1 0.200521 0.182407 0.027083 0.162963
1 0.700000 0.576389 0.033333 0.189815
1 0.163021 0.194444 0.027083 0.157407
1 0.190885 0.163889 0.025521 0.161111
1 0.133594 0.199537 0.036979 0.141667
1 0.134375 0.177778 0.027083 0.164815
1 0.157292 0.156019 0.030208 0.160185
1 0.148438 0.140741 0.026042 0.151852
1 0.117708 0.174074 0.020833 0.159259
1 0.453906 0.050000 0.024479 0.151852
1 0.238542 0.179167 0.028125 0.160185
1 0.253385 0.303241 0.040104 0.184259
1 0.985677 0.470370 0.045312 0.177778
1 0.902083 0.443519 0.035417 0.187037
1 0.802865 0.017130 0.026562 0.136111
1 0.929167 0.209259 0.028125 0.153704
1 0.943750 0.140741 0.031250 0.151852
1 0.940104 0.144444 0.046875 0.157407
1 0.892969 0.158796 0.033854 0.158333
1 0.231250 0.055093 0.021875 0.136111
1 0.204427 0.058333 0.030729 0.127778
1 0.721094 -0.035185 0.029687 0.125926
7 0.646875 0.074074 0.033333 0.087037
1 0.651563 0.076389 0.034375 0.084259
