1 0.758073 0.636111 0.050521 0.225926
1 0.254948 0.242593 0.038021 0.192593
1 0.105990 0.642130 0.044271 0.230556
1 0.915885 0.519907 0.040104 0.193519
1 0.511719 0.971296 0.042188 0.253704
1 0.351042 0.818981 0.044792 0.230556
7 0.377865 0.242593 0.040104 0.103704
7 0.367969 0.325463 0.029687 0.112037
1 0.429427 0.218519 0.030729 0.161111
1 0.783594 0.110185 0.026562 0.135185
1 0.601042 0.167130 0.028125 0.150926
1 0.563281 0.183796 0.029687 0.171296
1 0.280729 0.189352 0.028125 0.165741
1 0.506510 0.170370 0.034896 0.162963
1 0.069531 0.410648 0.025521 0.173148
1 0.050781 0.393056 0.044271 0.187963
1 0.440104 0.427778 0.042708 0.196296
1 0.474219 0.431019 0.040104 0.176852
1 0.467708 0.172685 0.022917 0.139815
1 0.405469 0.170833 0.024479 0.158333
1 0.380469 0.072685 0.026562 0.149074
1 0.296875 0.023148 0.021875 0.124074
7 0.327344 0.029167 0.031771 0.071296
1 0.135156 0.503241 0.030729 0.186111
7 0.651563 0.082407 0.031250 0.109259
1 0.312760 0.462037 0.032813 0.190741
1 0.268750 0.459722 0.036458 0.208333
1 0.274479 -0.029630 0.026042 0.137037
1 0.238281 -0.023148 0.028646 0.135185
1 0.293750 0.136574 0.023958 0.154630
1 0.182812 0.121759 0.027083 0.149074
1 0.198437 0.181481 0.026042 0.161111
1 0.377083 0.381019 0.030208 0.163889
1 0.164583 0.194907 0.027083 0.156481
1 0.188281 0.165278 0.023438 0.162037
1 0.125000 0.193056 0.029167 0.150926
1 0.141667 0.174537 0.022917 0.169444
1 0.160677 0.162500 0.028646 0.149074
1 0.152083 0.142593 0.028125 0.153704
1 0.117188 0.174074 0.020833 0.159259
1 0.465625 -0.025000 0.018750 0.133333
1 0.210938 0.080556 0.030208 0.146296
1 0.220312 0.555093 0.045833 0.219444
1 0.989583 0.653704 0.039583 0.214815
1 0.865104 0.084722 0.031250 0.136111
1 0.788802 -0.017130 0.022396 0.117593
1 0.150781 0.829167 0.045312 0.249074
1 0.148698 0.759259 0.045312 0.237037
1 0.712760 -0.034259 0.029687 0.129630
7 0.645833 0.076852 0.032292 0.088889
