1 0.625781 0.326852 0.031771 0.142593
1 0.467708 0.316667 0.029167 0.140741
1 0.419271 0.343519 0.046875 0.216667
1 0.922917 0.570370 0.137500 0.738889
1 0.223177 0.346296 0.050521 0.233333
1 0.505469 0.319907 0.026562 0.123148
1 0.535677 0.289815 0.011979 0.053704
1 0.575000 0.314815 0.022917 0.142593
1 0.298698 0.315741 0.024479 0.105556
1 0.578385 0.315741 0.021354 0.135185
1 0.648698 0.307407 0.019271 0.111111
1 0.102083 0.354167 0.058333 0.237963
1 0.080208 0.366667 0.045833 0.201852
1 0.365365 0.312037 0.021354 0.107407
1 0.353906 0.315278 0.023438 0.110185
1 0.318750 0.328241 0.022917 0.121296
1 0.024479 0.305093 0.017708 0.093519
1 0.056771 0.330093 0.028125 0.134259
7 0.460156 0.308796 0.020313 0.049074
1 0.400260 0.296296 0.010937 0.059259
1 0.384635 0.293981 0.010937 0.065741
