1 0.845052 0.654630 0.049479 0.214815
1 0.249479 -0.016667 0.031250 0.164815
1 0.222917 0.605093 0.054167 0.228704
1 0.916927 0.518519 0.051562 0.192593
1 0.459635 0.976852 0.039062 0.238889
1 0.351042 0.816667 0.036458 0.231481
7 0.377865 0.242593 0.040104 0.103704
7 0.367969 0.325463 0.029687 0.112037
1 0.433333 0.213889 0.032292 0.157407
1 0.498958 -0.038426 0.025000 0.121296
1 0.338542 0.125926 0.020833 0.129630
1 0.163542 0.288889 0.029167 0.164815
1 0.137240 0.285185 0.031771 0.181481
1 0.588281 1.030093 0.052604 0.141667
1 0.635417 1.032870 0.048958 0.136111
1 0.402865 0.145370 0.024479 0.140741
1 0.403646 0.124074 0.027083 0.157407
1 0.298438 0.020370 0.023958 0.122222
7 0.327344 0.029167 0.031771 0.071296
1 0.263021 0.105093 0.022917 0.134259
7 0.651563 0.082407 0.031250 0.109259
1 0.305729 0.183333 0.025000 0.162963
1 0.169531 0.050463 0.026562 0.139815
1 0.200000 0.183333 0.025000 0.159259
1 0.163021 0.193519 0.025000 0.155556
1 0.194531 0.168981 0.026562 0.156481
1 0.129688 0.199074 0.028125 0.148148
1 0.122135 0.181019 0.026562 0.167593
1 0.150000 0.168056 0.029167 0.162037
1 0.156771 0.141667 0.027083 0.151852
1 0.118229 0.174074 0.020833 0.159259
1 0.472917 -0.009722 0.026042 0.149074
1 0.181510 0.425000 0.035937 0.196296
1 0.256510 0.057407 0.027604 0.148148
1 0.744271 0.912037 0.051042 0.233333
1 0.697396 0.931481 0.043750 0.227778
1 0.863281 0.229630 0.038021 0.170370
1 0.790104 0.228704 0.027083 0.159259
1 0.786458 0.071296 0.030208 0.131481
1 0.813021 -0.015741 0.027083 0.137037
1 0.770052 -0.027778 0.025521 0.138889
1 0.263021 0.197685 0.022917 0.163889
1 0.234896 0.202315 0.036458 0.150926
1 0.158073 0.042130 0.027604 0.130556
1 0.225000 0.081481 0.028125 0.148148
1 0.196615 0.077315 0.025521 0.141667
1 0.229687 0.069907 0.022917 0.141667
1 0.842448 -0.006019 0.021354 0.078704
1 0.586979 0.027315 0.035417 0.132407
