1 0.733333 0.637037 0.053125 0.224074
1 0.242188 0.282870 0.038542 0.199074
1 0.072917 0.625926 0.045833 0.229630
1 0.915885 0.519907 0.040104 0.193519
1 0.507292 0.967593 0.035417 0.262963
1 0.353385 0.820833 0.050521 0.232407
7 0.377865 0.242593 0.040104 0.103704
7 0.367969 0.325463 0.029687 0.112037
1 0.429427 0.218519 0.030729 0.161111
1 0.790104 0.131481 0.027083 0.137037
1 0.634896 0.198148 0.020833 0.155556
1 0.600260 0.204630 0.026562 0.170370
1 0.281510 0.194907 0.023438 0.162037
1 0.488281 0.215278 0.040104 0.167593
1 0.069271 0.410648 0.025000 0.173148
1 0.075781 0.393056 0.032813 0.187963
1 0.416406 0.382870 0.038021 0.186111
1 0.445833 0.386111 0.036458 0.175926
1 0.527083 0.188889 0.018750 0.144444
1 0.446094 0.180556 0.040104 0.159259
1 0.380729 0.072222 0.027083 0.150000
1 0.295833 0.022222 0.021875 0.124074
7 0.327344 0.029167 0.031771 0.071296
1 0.129167 0.561574 0.031250 0.186111
7 0.651563 0.082407 0.031250 0.109259
1 0.326042 0.408333 0.030208 0.187037
1 0.281510 0.411574 0.035937 0.202778
1 0.257292 0.000463 0.026042 0.137963
1 0.221094 -0.004167 0.023438 0.147222
1 0.293490 0.136574 0.024479 0.154630
1 0.204948 0.115278 0.026562 0.150926
1 0.198958 0.178241 0.027083 0.162037
1 0.314844 0.335648 0.028646 0.162037
1 0.164062 0.195370 0.027083 0.157407
1 0.187500 0.164352 0.022917 0.160185
1 0.124479 0.193519 0.028125 0.151852
1 0.146875 0.172685 0.026042 0.165741
1 0.160417 0.157407 0.029167 0.155556
1 0.152604 0.142593 0.028125 0.153704
1 0.117188 0.174074 0.020833 0.159259
1 0.474219 -0.037963 0.019271 0.122222
1 0.193750 0.054630 0.028125 0.148148
1 0.232031 0.644444 0.046354 0.227778
1 0.827083 0.055556 0.028125 0.133333
1 0.090104 0.740741 0.051042 0.233333
1 0.055729 0.690278 0.055208 0.226852
7 0.645833 0.076852 0.032292 0.090741
