1 0.917969 0.675463 0.044271 0.199074
1 0.931250 0.573611 0.022917 0.099074
1 0.881250 0.557870 0.017708 0.100926
1 0.055729 0.604167 0.028125 0.136111
1 0.089063 0.612500 0.034375 0.132407
1 0.171094 0.592593 0.023438 0.109259
1 0.146354 0.597685 0.020833 0.104630
1 0.217969 0.566204 0.018229 0.099074
1 0.200781 0.593981 0.022396 0.121296
1 0.783594 0.519444 0.013021 0.050000
1 0.702344 0.526389 0.013021 0.063889
1 0.770052 0.517593 0.009896 0.053704
1 0.463802 0.484722 0.006771 0.030556
1 0.162760 0.549537 0.014063 0.086111
1 0.325781 0.504167 0.008854 0.043519
1 0.153646 0.581481 0.027083 0.116667
1 0.592969 0.490741 0.008854 0.038889
1 0.342969 0.512037 0.009896 0.057407
1 0.354687 0.517130 0.010417 0.056481
1 0.313802 0.511111 0.009896 0.057407
1 0.335417 0.504167 0.010417 0.054630
1 0.766667 0.513426 0.011458 0.056481
1 0.774479 0.508796 0.010417 0.052778
1 0.619531 0.500926 0.009896 0.044444
1 0.627604 0.501389 0.010417 0.045370
1 0.662240 0.505556 0.010937 0.044444
1 0.703125 0.507870 0.011458 0.049074
1 0.696354 0.516204 0.013542 0.050926
1 0.126823 0.589815 0.016146 0.092593
1 0.808073 0.512500 0.010937 0.056481
1 0.787760 0.514815 0.011979 0.051852
1 0.711719 0.503704 0.010937 0.048148
