1 1.004948 0.562500 0.033854 0.147222
1 0.746094 0.574537 0.026562 0.134259
1 0.069010 0.584259 0.018229 0.085185
1 0.679948 0.589815 0.031771 0.131481
1 0.567448 0.541204 0.016146 0.080556
1 0.447656 0.500463 0.009896 0.045370
1 0.617188 0.521759 0.012500 0.076852
1 0.062760 0.584722 0.014063 0.084259
1 0.062240 0.595833 0.015104 0.082407
1 -0.000521 0.590741 0.010417 0.083333
1 0.526302 0.516667 0.011979 0.062963
1 0.567187 0.542593 0.016667 0.079630
1 0.203646 0.511111 0.008333 0.033333
1 0.581771 0.537037 0.018750 0.085185
1 0.596615 0.536111 0.022396 0.087037
1 0.541146 0.519444 0.014583 0.064815
1 0.559635 0.516204 0.011979 0.065741
1 0.474219 0.521296 0.013021 0.062963
