1 0.138021 0.650463 0.018750 0.125000
1 0.643750 0.511574 0.012500 0.052778
1 0.121094 0.650926 0.020313 0.124074
1 0.125260 0.662500 0.017188 0.123148
1 0.116667 0.670370 0.015625 0.116667
1 0.027083 0.663889 0.026042 0.122222
1 0.698438 0.499074 0.010417 0.051852
1 0.772656 0.526852 0.015104 0.075926
1 0.798958 0.541667 0.014583 0.070370
1 0.684115 0.502778 0.011979 0.053704
1 0.672396 0.499537 0.014583 0.052778
1 0.758073 0.631019 0.028646 0.137963
1 0.822135 0.612500 0.025521 0.141667
1 0.732031 0.606944 0.024479 0.141667
1 0.765625 0.535648 0.016667 0.076852
1 0.934635 0.557870 0.022396 0.108333
1 0.759115 0.607407 0.029687 0.157407
1 0.016146 0.663426 0.027083 0.130556
1 0.733333 0.538889 0.016667 0.074074
1 0.753646 0.532407 0.014583 0.061111
1 0.780208 0.554630 0.013542 0.075926
1 0.811719 0.601852 0.022396 0.138889
1 0.804167 0.551852 0.014583 0.074074
1 0.697656 0.536111 0.021354 0.072222
1 0.725000 0.534722 0.013542 0.058333
1 0.714323 0.535185 0.013021 0.059259
