1 0.734635 0.637037 0.053646 0.224074
1 0.240365 0.360648 0.039062 0.200926
1 0.073698 0.622685 0.043229 0.230556
1 0.916146 0.519907 0.039583 0.193519
1 0.593229 0.975926 0.042708 0.238889
1 0.353646 0.820833 0.052083 0.232407
7 0.377865 0.242593 0.040104 0.103704
7 0.367969 0.325463 0.029687 0.112037
1 0.429688 0.218519 0.031250 0.161111
1 0.789323 0.131944 0.027604 0.136111
1 0.731250 0.242130 0.027083 0.150926
1 0.714323 0.251852 0.031771 0.168519
1 0.357552 0.241204 0.022396 0.150926
1 0.492448 0.282870 0.035937 0.175000
1 0.069010 0.410648 0.024479 0.173148
1 0.078646 0.393056 0.028125 0.187963
1 0.423958 0.287500 0.033333 0.173148
1 0.445312 0.295833 0.026042 0.158333
1 0.647656 0.240741 0.022396 0.150000
1 0.590104 0.212500 0.036458 0.160185
1 0.380469 0.071296 0.027604 0.150000
1 0.295833 0.020370 0.021875 0.125926
7 0.327344 0.029167 0.031771 0.071296
1 0.067187 0.704630 0.031250 0.203704
7 0.651563 0.081944 0.031250 0.108333
1 0.305469 0.306944 0.027604 0.171296
1 0.290625 0.321759 0.036458 0.187963
1 0.246094 0.063426 0.026562 0.139815
1 0.208333 0.059259 0.023958 0.148148
1 0.293229 0.136574 0.025000 0.154630
1 0.264844 0.112037 0.029687 0.148148
1 0.199479 0.178704 0.028125 0.162963
1 0.263542 0.234259 0.029167 0.153704
1 0.164062 0.193519 0.027083 0.157407
1 0.189583 0.163426 0.022917 0.162037
1 0.125781 0.193519 0.025521 0.151852
1 0.147396 0.168981 0.027083 0.169444
1 0.156510 0.150926 0.028646 0.155556
1 0.153125 0.142593 0.028125 0.153704
1 0.117188 0.174074 0.020833 0.159259
1 0.488802 -0.045370 0.021354 0.107407
1 0.203646 -0.010648 0.019792 0.132407
1 0.232552 0.840278 0.049479 0.249074
1 0.786458 -0.013426 0.025000 0.126852
7 0.646875 0.075463 0.033333 0.097222
1 0.651042 0.075463 0.036458 0.087963
