1 0.445052 0.367130 0.090104 0.439815
1 0.532552 0.356944 0.085938 0.484259
1 0.004427 0.508333 0.417187 1.481481
1 0.309896 0.383796 0.123958 0.523148
1 0.365625 0.364815 0.070833 0.368519
1 0.641927 0.357870 0.058854 0.345370
1 0.735417 0.316204 0.018750 0.110185
1 0.599479 0.320370 0.021875 0.116667
1 0.705469 0.315741 0.014063 0.087037
1 0.693229 0.311111 0.016667 0.079630
1 0.850781 0.305556 0.017188 0.094444
1 0.961979 0.306019 0.022917 0.113889
1 0.943229 0.309722 0.017708 0.086111
1 0.760677 0.307870 0.013021 0.058333
