1 0.806250 0.573148 0.041667 0.150000
1 0.085677 0.600463 0.018229 0.091667
1 0.768490 0.612500 0.033854 0.160185
1 0.602083 0.546296 0.020833 0.085185
1 0.485417 0.501852 0.011458 0.046296
1 0.669010 0.513426 0.013021 0.071296
1 0.077604 0.602778 0.014583 0.088889
1 0.076823 0.614352 0.015104 0.089815
1 0.010937 0.610648 0.016667 0.089815
1 0.602344 0.549074 0.019271 0.088889
1 0.229687 0.517130 0.008333 0.034259
1 0.613802 0.542130 0.025521 0.100926
1 0.628906 0.537963 0.018229 0.100000
1 0.003385 0.610185 0.017188 0.094444
1 0.513802 0.522685 0.013021 0.062037
