1 0.730729 0.472222 0.039583 0.214815
1 0.782292 0.470370 0.038542 0.162963
1 0.365365 0.474537 0.039062 0.189815
1 0.643229 0.434722 0.021875 0.108333
1 0.258073 0.481019 0.038021 0.163889
1 0.386979 0.472685 0.031250 0.165741
1 0.296615 0.483333 0.031771 0.157407
1 0.504948 0.437963 0.020313 0.101852
1 0.613021 0.438889 0.019792 0.096296
1 0.316667 0.478241 0.029167 0.165741
1 0.582552 0.425000 0.015104 0.074074
1 0.204167 0.432870 0.014583 0.063889
1 0.340104 0.458796 0.027083 0.126852
1 0.623437 0.431944 0.015625 0.089815
1 0.436979 0.427778 0.010417 0.062963
1 0.428385 0.427315 0.010937 0.052778
1 0.445573 0.433796 0.010937 0.065741
1 0.419271 0.426852 0.009375 0.059259
1 0.404427 0.425926 0.010937 0.062963
7 0.835677 0.442130 0.021354 0.099074
