1 0.599479 0.342593 0.032292 0.137037
1 0.421354 0.336111 0.032292 0.161111
1 0.462500 0.344444 0.029167 0.144444
1 0.614062 0.329167 0.019792 0.100926
1 0.736198 0.392593 0.051562 0.366667
1 0.365885 0.333796 0.021354 0.102778
1 0.715365 0.382407 0.049479 0.311111
1 0.528385 0.315741 0.014063 0.064815
1 0.117448 0.399074 0.056771 0.277778
1 0.555729 0.311574 0.012500 0.050926
1 0.542188 0.312037 0.011458 0.051852
7 0.479167 0.341204 0.022917 0.080556
7 0.497396 0.347222 0.025000 0.077778
1 0.385937 0.324537 0.011458 0.058333
1 0.354167 0.309722 0.009375 0.034259
