1 0.759896 0.637500 0.050000 0.226852
1 0.254948 0.240741 0.038021 0.192593
1 0.108594 0.643056 0.044271 0.230556
1 0.915885 0.519907 0.040104 0.193519
1 0.512500 0.972685 0.042708 0.252778
1 0.351042 0.818981 0.044792 0.230556
7 0.377865 0.242593 0.040104 0.103704
7 0.367969 0.325463 0.029687 0.112037
1 0.429427 0.218519 0.030729 0.161111
1 0.783073 0.109259 0.026562 0.135185
1 0.598958 0.167130 0.029167 0.150926
1 0.561719 0.182407 0.029687 0.170370
1 0.280208 0.188889 0.027083 0.164815
1 0.506771 0.169444 0.035417 0.162963
1 0.069531 0.410648 0.025521 0.173148
1 0.051042 0.393056 0.043750 0.187963
1 0.440885 0.431481 0.043229 0.198148
1 0.475000 0.434259 0.039583 0.177778
1 0.465625 0.172685 0.021875 0.139815
1 0.405208 0.170833 0.023958 0.158333
1 0.380469 0.072685 0.026562 0.149074
1 0.296875 0.023148 0.021875 0.124074
7 0.327344 0.029167 0.031771 0.071296
1 0.135156 0.499537 0.030729 0.186111
7 0.651563 0.082407 0.031250 0.109259
1 0.311979 0.465741 0.032292 0.192593
1 0.267448 0.462500 0.036979 0.208333
1 0.275000 -0.030556 0.026042 0.137037
1 0.239323 -0.025000 0.026562 0.135185
1 0.293750 0.136574 0.023958 0.154630
1 0.181771 0.123611 0.027083 0.149074
1 0.198437 0.181481 0.026042 0.161111
1 0.380208 0.384259 0.032292 0.164815
1 0.164583 0.194907 0.027083 0.156481
1 0.188281 0.165741 0.023438 0.162963
1 0.125781 0.193056 0.029687 0.150926
1 0.141667 0.174537 0.022917 0.169444
1 0.160677 0.162963 0.028646 0.148148
1 0.152083 0.142593 0.028125 0.153704
1 0.117188 0.174074 0.020833 0.159259
1 0.465625 -0.023611 0.018750 0.132407
1 0.211979 0.081481 0.030208 0.146296
1 0.219271 0.552778 0.046875 0.220370
1 0.989062 0.649074 0.039583 0.214815
1 0.865885 0.085185 0.030729 0.135185
1 0.789844 -0.015278 0.022396 0.117593
1 0.152344 0.832870 0.045312 0.249074
1 0.152344 0.763889 0.046354 0.238889
1 0.207552 -0.038889 0.023438 0.120370
1 0.713542 -0.034259 0.030208 0.129630
7 0.645833 0.076852 0.032292 0.088889
