0 0.850781 0.683333 0.052604 0.224074
0 0.257031 0.147222 0.034896 0.175926
0 0.393490 0.626389 0.043229 0.217593
0 0.915365 0.519907 0.041146 0.193519
0 0.531510 0.977315 0.047396 0.143519
0 0.351042 0.816667 0.036458 0.231481
2 0.377865 0.242593 0.040104 0.103704
2 0.367969 0.325463 0.029687 0.112037
0 0.428906 0.218519 0.028646 0.159259
0 0.537760 0.102778 0.027604 0.148148
0 0.507552 0.089352 0.029687 0.156481
0 0.264323 0.133333 0.024479 0.148148
0 0.070052 0.410648 0.026562 0.173148
0 0.059115 0.391204 0.027604 0.184259
0 0.473958 0.609259 0.054167 0.216667
0 0.507292 0.613889 0.041667 0.200000
0 0.405469 0.156944 0.028646 0.125000
0 0.386979 0.162963 0.032292 0.155556
0 0.122396 0.328241 0.028125 0.163889
2 0.651563 0.082407 0.031250 0.109259
0 0.228125 0.680556 0.038542 0.218519
0 0.174740 0.666667 0.044271 0.235185
0 0.300521 0.140741 0.029167 0.151852
0 0.182552 0.128241 0.030729 0.150926
0 0.200521 0.181481 0.027083 0.162963
0 0.655990 0.555093 0.036979 0.187963
0 0.163021 0.194444 0.027083 0.157407
0 0.191667 0.162500 0.027083 0.160185
0 0.132812 0.202778 0.036458 0.142593
0 0.134896 0.183796 0.035417 0.160185
0 0.156510 0.156481 0.028646 0.161111
0 0.147917 0.141667 0.026042 0.151852
0 0.117708 0.174074 0.020833 0.159259
0 0.234896 0.168519 0.027083 0.161111
0 0.256771 0.328704 0.041667 0.185185
0 0.996875 0.491204 0.022396 0.178704
0 0.919010 0.465741 0.033854 0.190741
0 0.935677 0.193981 0.029687 0.152778
0 0.947917 0.140741 0.035417 0.153704
0 0.978385 0.148148 0.043750 0.155556
0 0.882812 0.138426 0.037500 0.158333
2 0.646615 0.074537 0.032813 0.086111
0 0.651302 0.075926 0.033854 0.083333
