0 0.664844 0.521759 0.013021 0.060185
0 0.714063 0.519907 0.009375 0.056481
0 0.826562 0.565278 0.020833 0.104630
0 0.800260 0.562037 0.019271 0.087037
0 0.779948 0.570370 0.013021 0.092593
0 0.792708 0.570833 0.021875 0.097222
0 0.702604 0.524074 0.010417 0.057407
0 0.772396 0.812963 0.046875 0.257407
0 0.805729 0.762037 0.055208 0.233333
0 0.669792 0.700000 0.037500 0.200000
0 0.817448 0.573611 0.017188 0.093519
0 0.697396 0.706481 0.026042 0.209259
0 0.734375 0.577778 0.019792 0.092593
0 0.760156 0.569907 0.022396 0.087963
0 0.920052 0.631944 0.035937 0.143519
0 0.811458 0.739352 0.046875 0.217593
0 0.940104 0.624074 0.029167 0.135185
0 0.914583 0.613426 0.030208 0.141667
0 0.719010 0.572222 0.025521 0.098148
