1 0.851042 0.565741 0.025000 0.114815
1 0.751563 0.558796 0.020833 0.112037
1 0.182812 0.538426 0.014583 0.065741
1 0.625260 0.536111 0.018229 0.083333
1 0.639583 0.520370 0.011458 0.057407
1 0.291146 0.493981 0.006250 0.032407
1 0.134635 0.537963 0.009896 0.057407
1 0.472656 0.489352 0.009896 0.043519
1 0.177083 0.537500 0.009375 0.065741
1 0.179948 0.546296 0.011979 0.061111
1 0.128125 0.538426 0.012500 0.067593
1 0.149479 0.533796 0.012500 0.062037
1 0.504948 0.508333 0.010937 0.053704
1 0.567969 0.507407 0.011979 0.055556
1 0.557292 0.510185 0.011458 0.057407
1 0.655469 0.515278 0.013021 0.067593
1 0.602083 0.504167 0.009375 0.062037
1 0.619531 0.504167 0.015104 0.060185
1 0.512760 0.508796 0.008854 0.056481
1 0.517969 0.506944 0.011979 0.047222
