1 0.845052 0.650926 0.042188 0.218519
1 0.254948 0.045833 0.031771 0.163889
1 0.394792 0.655093 0.043750 0.230556
1 0.914583 0.518519 0.043750 0.194444
1 0.545052 0.975000 0.042188 0.237037
1 0.351042 0.816667 0.036458 0.231481
7 0.377865 0.242593 0.040104 0.103704
7 0.367969 0.325463 0.029687 0.112037
1 0.431510 0.213426 0.035937 0.156481
1 0.524479 0.009259 0.026042 0.133333
1 0.494792 0.005556 0.028125 0.144444
1 0.332552 0.127315 0.022396 0.132407
1 0.124740 0.350926 0.031771 0.174074
1 0.093229 0.335185 0.032292 0.190741
1 0.569792 0.881019 0.068750 0.247222
1 0.607552 0.882870 0.049479 0.230556
1 0.403906 0.145370 0.021354 0.140741
1 0.441406 0.138889 0.028646 0.153704
1 0.297135 0.021296 0.021354 0.122222
7 0.327344 0.029167 0.031771 0.071296
1 0.247135 0.188889 0.025521 0.146296
7 0.651563 0.082407 0.031250 0.109259
1 0.150521 0.973611 0.042708 0.236111
1 0.176302 0.925000 0.055729 0.255556
1 0.300521 0.185648 0.023958 0.156481
1 0.172396 0.097222 0.028125 0.148148
1 0.200521 0.183333 0.027083 0.161111
1 0.163281 0.193056 0.025521 0.156481
1 0.196094 0.164352 0.024479 0.163889
1 0.126562 0.200926 0.025000 0.148148
1 0.122396 0.180556 0.027083 0.164815
1 0.163281 0.165741 0.028646 0.155556
1 0.156771 0.145370 0.026042 0.146296
1 0.118229 0.174074 0.020833 0.159259
1 0.467969 0.022685 0.025521 0.149074
1 0.213542 0.312037 0.034375 0.177778
1 0.258594 0.151852 0.030729 0.164815
1 0.881510 0.331019 0.034896 0.186111
1 0.828906 0.313426 0.029687 0.171296
1 0.786458 0.070370 0.030208 0.131481
1 0.972135 0.320833 0.035937 0.165741
1 0.873698 0.055556 0.027604 0.140741
1 0.829948 0.042593 0.027604 0.153704
1 0.231510 0.131481 0.023438 0.155556
1 0.207292 0.138889 0.027083 0.138889
1 0.199219 -0.005556 0.024479 0.124074
1 0.241927 0.011111 0.026562 0.146296
1 0.206510 0.011574 0.026562 0.141667
7 0.647135 0.070833 0.032813 0.084259
