1 0.734635 0.637037 0.053646 0.224074
1 0.240365 0.359259 0.039062 0.200000
1 0.073698 0.622685 0.043229 0.230556
1 0.916146 0.519907 0.039583 0.193519
1 0.592187 0.975926 0.042708 0.238889
1 0.353646 0.820833 0.052083 0.232407
7 0.377865 0.242593 0.040104 0.103704
7 0.367969 0.325463 0.029687 0.112037
1 0.429688 0.218519 0.031250 0.161111
1 0.789323 0.131944 0.027604 0.136111
1 0.730208 0.242130 0.027083 0.150926
1 0.713281 0.251852 0.030729 0.168519
1 0.355990 0.241667 0.023438 0.150000
1 0.491146 0.283333 0.036458 0.174074
1 0.069010 0.410648 0.024479 0.173148
1 0.078646 0.393056 0.028125 0.187963
1 0.423698 0.288426 0.032813 0.173148
1 0.444792 0.296759 0.026042 0.158333
1 0.646615 0.240741 0.022396 0.150000
1 0.588542 0.211574 0.034375 0.160185
1 0.380469 0.071296 0.027604 0.150000
1 0.296094 0.020370 0.021354 0.125926
7 0.327344 0.029167 0.031771 0.071296
1 0.068750 0.703241 0.031250 0.202778
7 0.651563 0.081944 0.031250 0.108333
1 0.305990 0.307407 0.027604 0.172222
1 0.290885 0.323148 0.035937 0.188889
1 0.246094 0.063426 0.026562 0.139815
1 0.208594 0.058333 0.023438 0.148148
1 0.293229 0.136574 0.025000 0.154630
1 0.264323 0.112037 0.029687 0.148148
1 0.199479 0.178704 0.028125 0.162963
1 0.263542 0.235648 0.029167 0.154630
1 0.164062 0.193519 0.027083 0.157407
1 0.189583 0.163889 0.022917 0.162963
1 0.126042 0.193519 0.025000 0.151852
1 0.147396 0.169444 0.027083 0.170370
1 0.157292 0.150926 0.029167 0.155556
1 0.153125 0.142593 0.028125 0.153704
1 0.117188 0.174074 0.020833 0.159259
1 0.488802 -0.045370 0.021354 0.107407
1 0.203646 -0.009722 0.019792 0.134259
1 0.232552 0.837963 0.048438 0.250000
1 0.787500 -0.012500 0.025000 0.126852
7 0.646875 0.075463 0.033333 0.097222
1 0.651042 0.075463 0.036458 0.087963
