1 0.733333 0.637037 0.053125 0.224074
1 0.238802 0.293519 0.039062 0.200000
1 0.072656 0.622222 0.048438 0.229630
1 0.915885 0.519907 0.040104 0.193519
1 0.516406 0.970833 0.035937 0.249074
1 0.353646 0.820833 0.052083 0.232407
7 0.377865 0.242593 0.040104 0.103704
7 0.367969 0.325463 0.029687 0.112037
1 0.429427 0.218519 0.030729 0.161111
1 0.790104 0.131481 0.027083 0.137037
1 0.640885 0.205556 0.024479 0.151852
1 0.610156 0.213426 0.029687 0.171296
1 0.285417 0.196296 0.027083 0.157407
1 0.484115 0.225926 0.035937 0.170370
1 0.069271 0.410648 0.025000 0.173148
1 0.077344 0.391204 0.030729 0.184259
1 0.410677 0.369907 0.034896 0.187963
1 0.438281 0.376389 0.035937 0.176852
1 0.542969 0.196296 0.024479 0.146296
1 0.461979 0.182407 0.026042 0.157407
1 0.380729 0.072222 0.027083 0.150000
1 0.296354 0.021296 0.021875 0.124074
7 0.327344 0.029167 0.031771 0.071296
1 0.133333 0.584259 0.030208 0.192593
7 0.651563 0.082407 0.031250 0.109259
1 0.329688 0.387037 0.030208 0.172222
1 0.283073 0.395370 0.039062 0.198148
1 0.254688 0.008796 0.026042 0.137963
1 0.221615 0.006944 0.023438 0.147222
1 0.293490 0.136574 0.024479 0.154630
1 0.212760 0.113889 0.028646 0.150000
1 0.198958 0.178241 0.027083 0.162037
1 0.303646 0.321759 0.028125 0.160185
1 0.164062 0.195370 0.027083 0.157407
1 0.186979 0.162500 0.022917 0.158333
1 0.124479 0.193519 0.028125 0.151852
1 0.147396 0.173148 0.027083 0.166667
1 0.160156 0.157407 0.028646 0.155556
1 0.152604 0.142593 0.028125 0.153704
1 0.117188 0.174074 0.020833 0.159259
1 0.478385 -0.039815 0.024479 0.118519
1 0.193229 0.048148 0.028125 0.148148
1 0.229948 0.662037 0.042188 0.225926
1 0.820312 0.043981 0.028125 0.130556
1 0.071094 0.719907 0.059896 0.230556
1 0.019792 0.671296 0.058333 0.218519
7 0.645833 0.076852 0.032292 0.090741
