1 0.733333 0.637037 0.053125 0.224074
1 0.238802 0.296759 0.039062 0.200926
1 0.072656 0.621296 0.049479 0.229630
1 0.915885 0.519907 0.040104 0.193519
1 0.520312 0.973611 0.035417 0.249074
1 0.353646 0.820833 0.052083 0.232407
7 0.377865 0.242593 0.040104 0.103704
7 0.367969 0.325463 0.029687 0.112037
1 0.429427 0.218519 0.030729 0.161111
1 0.790104 0.131481 0.027083 0.137037
1 0.642969 0.208796 0.029687 0.152778
1 0.616146 0.213889 0.030208 0.170370
1 0.286458 0.197222 0.030208 0.151852
1 0.481510 0.229630 0.035937 0.172222
1 0.069271 0.410648 0.025000 0.173148
1 0.078125 0.391667 0.029167 0.185185
1 0.409635 0.366667 0.033854 0.188889
1 0.436719 0.371759 0.035937 0.176852
1 0.550781 0.200000 0.026562 0.148148
1 0.468490 0.184722 0.029687 0.156481
1 0.380729 0.072222 0.027083 0.150000
1 0.296354 0.021296 0.021875 0.124074
7 0.327344 0.029167 0.031771 0.071296
1 0.134375 0.593519 0.030208 0.194444
7 0.651563 0.082407 0.031250 0.109259
1 0.329688 0.381481 0.030208 0.172222
1 0.284635 0.392593 0.040104 0.198148
1 0.253646 0.010648 0.026042 0.137963
1 0.221094 0.011574 0.023438 0.147222
1 0.293490 0.136574 0.024479 0.154630
1 0.217188 0.113426 0.032292 0.149074
1 0.198958 0.178241 0.027083 0.162037
1 0.299479 0.312037 0.028125 0.155556
1 0.164062 0.195370 0.027083 0.157407
1 0.186979 0.162963 0.022917 0.159259
1 0.124479 0.193519 0.028125 0.151852
1 0.147656 0.173611 0.025521 0.167593
1 0.160156 0.157407 0.028646 0.155556
1 0.152604 0.142593 0.028125 0.153704
1 0.117188 0.174074 0.020833 0.159259
1 0.479427 -0.039815 0.024479 0.118519
1 0.193229 0.037963 0.028125 0.148148
1 0.230990 0.673611 0.046354 0.230556
1 0.818490 0.037963 0.028646 0.127778
1 0.064844 0.714352 0.059896 0.230556
1 0.003906 0.665741 0.051562 0.216667
7 0.645833 0.076852 0.032292 0.092593
