1 0.845052 0.654630 0.049479 0.214815
1 0.254167 -0.012500 0.031250 0.169444
1 0.244531 0.604167 0.039062 0.228704
1 0.916406 0.518981 0.051562 0.193519
1 0.473177 0.979167 0.039062 0.239815
1 0.351042 0.816667 0.036458 0.231481
7 0.377865 0.242593 0.040104 0.103704
7 0.367969 0.325463 0.029687 0.112037
1 0.433333 0.213889 0.032292 0.157407
1 0.503125 -0.036111 0.025000 0.125926
1 0.339062 0.125926 0.020833 0.129630
1 0.158073 0.294907 0.029687 0.167593
1 0.132031 0.291667 0.029687 0.181481
1 0.596094 1.014815 0.052604 0.172222
1 0.640104 1.018056 0.048958 0.163889
1 0.403385 0.145833 0.023438 0.141667
1 0.403906 0.121296 0.027604 0.159259
1 0.298177 0.020370 0.023438 0.122222
7 0.327344 0.029167 0.031771 0.071296
1 0.263021 0.115278 0.022917 0.134259
7 0.651563 0.082407 0.031250 0.109259
1 0.303906 0.184259 0.026562 0.162963
1 0.164844 0.059722 0.026562 0.139815
1 0.200000 0.183333 0.025000 0.159259
1 0.163021 0.193519 0.025000 0.155556
1 0.196615 0.165741 0.026562 0.157407
1 0.129427 0.199074 0.026562 0.148148
1 0.122135 0.181019 0.026562 0.167593
1 0.151042 0.168056 0.029167 0.162037
1 0.156771 0.141667 0.027083 0.151852
1 0.118229 0.174074 0.020833 0.159259
1 0.472917 -0.006944 0.026042 0.149074
1 0.184896 0.409722 0.036458 0.191667
1 0.257812 0.066204 0.028125 0.150926
1 0.764062 0.943056 0.055208 0.234259
1 0.719010 0.955556 0.043229 0.227778
1 0.861458 0.237963 0.039583 0.170370
1 0.792708 0.235648 0.029167 0.160185
1 0.786458 0.071296 0.030208 0.131481
1 0.814583 -0.009259 0.027083 0.138889
1 0.777865 -0.023148 0.025521 0.138889
1 0.260417 0.186574 0.022917 0.162037
1 0.235677 0.186574 0.033854 0.145370
1 0.166667 0.036574 0.030208 0.128704
1 0.226823 0.072222 0.027604 0.144444
1 0.197396 0.070833 0.026042 0.141667
1 0.229948 0.054630 0.023438 0.137037
1 0.844271 -0.006944 0.017708 0.076852
1 0.607552 0.035185 0.035937 0.133333
