1 0.844792 0.654630 0.048958 0.214815
1 0.259896 -0.004630 0.031250 0.174074
1 0.267969 0.609259 0.045312 0.222222
1 0.915625 0.518981 0.050000 0.193519
1 0.495312 0.978704 0.038542 0.238889
1 0.351042 0.816667 0.036458 0.231481
7 0.377865 0.242593 0.040104 0.103704
7 0.367969 0.325463 0.029687 0.112037
1 0.433594 0.213889 0.032813 0.157407
1 0.507552 -0.027778 0.025521 0.129630
1 0.480729 -0.029167 0.027083 0.130556
1 0.335417 0.126389 0.019792 0.130556
1 0.153646 0.305093 0.030208 0.169444
1 0.125781 0.299074 0.028646 0.187037
1 0.610156 0.996296 0.052604 0.209259
1 0.636719 1.001389 0.041146 0.197222
1 0.403125 0.147222 0.021875 0.140741
1 0.404427 0.122222 0.026562 0.157407
1 0.297917 0.020370 0.022917 0.122222
7 0.327344 0.029167 0.031771 0.071296
1 0.266406 0.131019 0.023438 0.143519
7 0.651563 0.082407 0.031250 0.109259
1 0.192708 1.033796 0.052083 0.132407
1 0.299740 0.185648 0.031771 0.160185
1 0.159635 0.066204 0.026562 0.139815
1 0.200260 0.183333 0.025521 0.159259
1 0.163021 0.193056 0.025000 0.156481
1 0.197917 0.163889 0.026042 0.159259
1 0.132812 0.198611 0.023958 0.147222
1 0.122656 0.181019 0.026562 0.167593
1 0.151302 0.166204 0.028646 0.162037
1 0.157031 0.144444 0.027604 0.151852
1 0.118229 0.174074 0.020833 0.159259
1 0.471354 0.001389 0.026042 0.149074
1 0.193229 0.391667 0.034375 0.190741
1 0.258854 0.082407 0.031250 0.153704
1 0.791927 0.982870 0.045312 0.221296
1 0.747396 0.993981 0.040625 0.210185
1 0.859896 0.257870 0.033333 0.169444
1 0.800521 0.247222 0.028125 0.162963
1 0.786458 0.071296 0.030208 0.131481
1 0.825260 0.002778 0.027604 0.140741
1 0.785417 -0.006944 0.026042 0.143519
1 0.255469 0.173148 0.023438 0.161111
1 0.233594 0.179167 0.027604 0.139815
1 0.183594 0.034722 0.024479 0.130556
1 0.229948 0.067130 0.029687 0.143519
1 0.198437 0.056944 0.026042 0.141667
1 0.234635 0.047222 0.023438 0.133333
1 0.846875 -0.012037 0.015625 0.075926
1 0.636458 0.047222 0.028125 0.135185
