0 0.846615 0.654630 0.052604 0.214815
0 0.356250 0.648611 0.041667 0.225000
0 0.916146 0.518056 0.039583 0.195370
0 0.492188 0.989815 0.041667 0.119444
0 0.351042 0.816667 0.036458 0.231481
2 0.377865 0.242593 0.040104 0.103704
2 0.367969 0.325463 0.029687 0.112037
0 0.432292 0.208333 0.038542 0.157407
0 0.337240 0.125463 0.020313 0.128704
0 0.195312 0.235648 0.026042 0.154630
0 0.174479 0.239352 0.034375 0.176852
0 0.406250 0.142130 0.026042 0.147222
0 0.400781 0.116204 0.024479 0.154630
2 0.651563 0.081481 0.031250 0.109259
0 0.304688 0.187963 0.029167 0.157407
0 0.208073 0.177315 0.027604 0.158333
0 0.163542 0.193981 0.026042 0.154630
0 0.197135 0.164352 0.024479 0.160185
0 0.139583 0.200000 0.029167 0.151852
0 0.123958 0.181019 0.026042 0.171296
0 0.141406 0.165741 0.027604 0.159259
0 0.186719 0.148148 0.025521 0.150000
0 0.119271 0.167593 0.020833 0.159259
0 0.183594 0.762500 0.046354 0.239815
0 0.519531 0.486574 0.031771 0.210185
0 0.470313 0.500463 0.032292 0.202778
0 0.704688 0.930093 0.050000 0.190741
0 0.933073 0.740278 0.050521 0.223148
0 0.964323 0.701852 0.036979 0.235185
0 0.907552 0.163426 0.027604 0.163889
0 0.846094 0.132407 0.027604 0.146296
0 0.785937 0.169907 0.030208 0.143519
0 0.594271 0.104167 0.032292 0.149074
0 0.256250 0.080556 0.023958 0.135185
0 0.230729 0.418056 0.030208 0.191667
0 0.191667 0.416204 0.043750 0.171296
0 0.233594 0.141667 0.027604 0.162963
0 0.262760 0.270833 0.035937 0.173148
0 0.212760 0.265741 0.028646 0.170370
0 0.259635 0.243519 0.032813 0.159259
