1 0.890625 0.578704 0.037500 0.127778
1 0.710156 0.574537 0.025521 0.123148
1 0.087500 0.570370 0.015625 0.074074
1 0.627083 0.566204 0.025000 0.102778
1 0.567969 0.536574 0.013021 0.069444
1 0.005729 0.577315 0.010417 0.071296
1 0.433333 0.503704 0.007292 0.044444
1 0.080208 0.573148 0.012500 0.077778
1 0.079687 0.582407 0.013542 0.072222
1 0.017448 0.578704 0.015104 0.081481
1 0.027344 0.570370 0.014063 0.081481
1 0.517448 0.521296 0.013021 0.059259
1 0.507292 0.524074 0.011458 0.061111
1 0.566667 0.540278 0.014583 0.067593
1 0.581250 0.535185 0.015625 0.081481
1 0.535937 0.521759 0.015625 0.063889
1 0.552865 0.518981 0.013021 0.062037
1 0.489323 0.525000 0.011979 0.066667
1 0.462760 0.521759 0.011979 0.056481
