1 0.735677 0.637500 0.053646 0.223148
1 0.230469 0.428241 0.043229 0.213889
1 0.074740 0.623611 0.043229 0.230556
1 0.916406 0.519907 0.039062 0.193519
1 0.646354 0.999537 0.042708 0.199074
1 0.354167 0.820833 0.052083 0.232407
7 0.377865 0.242593 0.040104 0.103704
7 0.367969 0.325463 0.029687 0.112037
1 0.429688 0.218519 0.031250 0.161111
1 0.991927 0.354167 0.036979 0.176852
1 0.788542 0.132407 0.027083 0.135185
1 0.816667 0.281944 0.026042 0.162037
1 0.781771 0.283333 0.030208 0.179630
1 0.461979 0.262963 0.040625 0.159259
1 0.539844 0.246296 0.038021 0.161111
1 0.094531 0.422222 0.029687 0.174074
1 0.095573 0.398611 0.034896 0.189815
1 0.459375 0.232870 0.030208 0.171296
1 0.480990 0.238426 0.027604 0.154630
1 0.552083 -0.027778 0.023958 0.112963
1 0.533333 -0.026389 0.021875 0.110185
1 0.722135 0.273611 0.021354 0.154630
1 0.695052 0.241204 0.030729 0.152778
1 0.380469 0.070833 0.027604 0.150926
1 0.295833 0.022222 0.018750 0.120370
7 0.327344 0.029167 0.031771 0.071296
1 0.021875 0.813889 0.034375 0.214815
7 0.651563 0.080093 0.031250 0.106481
1 0.269792 0.245833 0.028125 0.163889
1 0.275260 0.259259 0.042188 0.179630
1 0.241406 0.106019 0.025521 0.147222
1 0.214844 0.117593 0.025521 0.151852
1 0.292708 0.136574 0.022917 0.154630
1 0.267448 0.112963 0.027604 0.148148
1 0.199219 0.179167 0.027604 0.163889
1 0.245312 0.168056 0.027083 0.141667
1 0.161979 0.192593 0.027083 0.157407
1 0.190625 0.161574 0.021875 0.158333
1 0.122917 0.195370 0.025000 0.151852
1 0.145313 0.169907 0.023958 0.171296
1 0.151042 0.154167 0.030208 0.156481
1 0.152083 0.142593 0.028125 0.153704
1 0.118229 0.174074 0.020833 0.159259
1 0.486979 -0.045833 0.020833 0.106481
1 0.229167 0.988889 0.052083 0.224074
7 0.648698 0.069444 0.033854 0.101852
