1 0.846354 0.651852 0.035417 0.216667
1 0.250521 0.068056 0.033333 0.163889
1 0.433854 0.670833 0.040625 0.234259
1 0.915365 0.519907 0.041146 0.197222
1 0.558333 0.982870 0.043750 0.234259
1 0.351042 0.816667 0.036458 0.231481
7 0.377865 0.242593 0.040104 0.103704
7 0.367969 0.325463 0.029687 0.112037
1 0.423177 0.214352 0.033854 0.156481
1 0.529687 0.031019 0.027083 0.137963
1 0.497917 0.020370 0.028125 0.146296
1 0.321354 0.129167 0.018750 0.136111
1 0.107552 0.374074 0.033854 0.175926
1 0.079167 0.352778 0.027083 0.194444
1 0.543229 0.814815 0.065625 0.238889
1 0.574219 0.823148 0.042188 0.224074
1 0.405208 0.149074 0.023958 0.138889
1 0.419792 0.152778 0.027083 0.155556
1 0.297135 0.022222 0.021354 0.122222
7 0.327344 0.029167 0.031771 0.071296
1 0.217448 0.218519 0.027604 0.151852
7 0.651563 0.082407 0.031250 0.109259
1 0.156250 0.909722 0.041667 0.239815
1 0.128125 0.879167 0.050000 0.258333
1 0.286458 0.180556 0.031250 0.159259
1 0.165885 0.114352 0.024479 0.150926
1 0.200521 0.183333 0.027083 0.161111
1 0.965365 0.727315 0.044271 0.199074
1 0.163802 0.193519 0.026562 0.157407
1 0.200000 0.167593 0.023958 0.161111
1 0.128646 0.200000 0.031250 0.146296
1 0.127344 0.183333 0.027604 0.159259
1 0.163542 0.163426 0.029167 0.160185
1 0.149479 0.146759 0.026042 0.145370
1 0.117708 0.174074 0.020833 0.159259
1 0.471094 0.028241 0.025521 0.149074
1 0.217708 0.279167 0.031250 0.176852
1 0.254167 0.181944 0.034375 0.167593
1 0.894010 0.362037 0.039062 0.183333
1 0.838802 0.340741 0.028646 0.172222
1 0.789323 0.065278 0.028646 0.132407
1 0.942969 0.291204 0.035937 0.162037
1 0.877344 0.075000 0.026562 0.148148
1 0.846875 0.067130 0.028125 0.158333
1 1.003125 0.318056 0.037500 0.178704
1 0.223698 0.112500 0.024479 0.150926
1 0.199479 0.118519 0.026042 0.138889
1 0.201302 -0.026389 0.023438 0.119444
1 0.219010 -0.011574 0.026562 0.141667
1 0.269531 -0.025926 0.023438 0.133333
7 0.647396 0.071759 0.033333 0.086111
