0 0.847396 0.650463 0.038542 0.217593
0 0.401823 0.661111 0.044271 0.229630
0 0.915885 0.518519 0.042188 0.194444
0 0.547917 0.977315 0.043750 0.139815
0 0.351042 0.816667 0.036458 0.231481
2 0.377865 0.242593 0.040104 0.103704
2 0.367969 0.325463 0.029687 0.112037
0 0.428906 0.214352 0.035937 0.156481
0 0.331771 0.127778 0.021875 0.133333
0 0.121875 0.355556 0.032292 0.174074
0 0.090365 0.338426 0.030729 0.189815
0 0.563542 0.866667 0.064583 0.246296
0 0.600521 0.868981 0.048958 0.225000
0 0.404687 0.144907 0.021875 0.139815
0 0.438802 0.142593 0.029687 0.153704
0 0.242448 0.196296 0.025521 0.146296
2 0.651563 0.082407 0.031250 0.109259
0 0.149740 0.962037 0.042188 0.158333
0 0.168229 0.914352 0.054167 0.213889
0 0.297656 0.186574 0.026562 0.154630
0 0.173177 0.101389 0.027604 0.149074
0 0.200521 0.183333 0.027083 0.161111
0 0.163281 0.193056 0.025521 0.156481
0 0.196094 0.166204 0.024479 0.163889
0 0.127344 0.200463 0.026562 0.147222
0 0.124219 0.181944 0.027604 0.162037
0 0.163281 0.165741 0.028646 0.155556
0 0.156771 0.145833 0.026042 0.145370
0 0.117708 0.174074 0.020833 0.159259
0 0.213281 0.305093 0.033854 0.178704
0 0.257812 0.156019 0.031250 0.163889
0 0.884635 0.339815 0.033854 0.185185
0 0.829427 0.318981 0.028646 0.171296
0 0.787500 0.070370 0.030208 0.131481
0 0.967708 0.313426 0.036458 0.163889
0 0.230469 0.128704 0.023438 0.155556
0 0.206250 0.138889 0.027083 0.138889
2 0.647135 0.071296 0.032813 0.085185
