1 0.440365 0.441204 0.033854 0.154630
1 0.379948 0.412037 0.023438 0.116667
1 0.294792 0.411574 0.018750 0.095370
1 0.944010 0.601389 0.117188 0.499074
1 0.197396 0.419444 0.030208 0.127778
1 0.360938 0.418519 0.021875 0.107407
1 0.361719 0.409259 0.019271 0.094444
1 0.037500 0.436574 0.030208 0.134259
1 0.445573 0.414352 0.023438 0.123148
1 0.395052 0.413426 0.016146 0.102778
1 0.169271 0.411111 0.017708 0.087037
1 0.153906 0.418056 0.014063 0.069444
1 0.146354 0.400000 0.012500 0.055556
1 0.314063 0.398611 0.013542 0.063889
7 0.258073 0.404167 0.019271 0.045370
7 0.276562 0.412037 0.015625 0.044444
7 0.657031 0.427315 0.022396 0.115741
