1 0.114583 0.655093 0.020833 0.137963
1 0.658073 0.489815 0.009896 0.051852
1 0.097917 0.657407 0.019792 0.129630
1 0.100521 0.671296 0.016667 0.127778
1 0.089583 0.679167 0.018750 0.126852
1 0.712760 0.481944 0.013021 0.052778
1 0.793490 0.517593 0.016146 0.087037
1 0.771875 0.514352 0.017708 0.075000
1 0.699740 0.491667 0.011979 0.051852
1 0.688542 0.486574 0.015625 0.054630
1 0.769271 0.637500 0.036458 0.160185
1 0.841667 0.616667 0.029167 0.157407
1 0.729427 0.604630 0.040104 0.151852
1 0.785937 0.521759 0.014583 0.082407
1 0.975000 0.543519 0.020833 0.120370
1 0.759115 0.602315 0.035937 0.163889
1 0.742448 0.521759 0.014063 0.071296
1 0.762240 0.519444 0.020313 0.066667
1 0.812500 0.543981 0.020833 0.086111
1 0.831250 0.599537 0.028125 0.147222
1 0.841146 0.539352 0.015625 0.080556
1 0.712500 0.519444 0.022917 0.074074
1 0.728906 0.529630 0.013021 0.062963
