1 0.797656 0.666667 0.045312 0.227778
1 0.254688 0.208333 0.037500 0.187037
1 0.179167 0.655093 0.046875 0.237963
1 0.915625 0.519907 0.040625 0.193519
1 0.502865 0.967593 0.038021 0.255556
1 0.350521 0.817593 0.036458 0.231481
7 0.377865 0.242593 0.040104 0.103704
7 0.367969 0.325463 0.029687 0.112037
1 0.429427 0.218519 0.030729 0.161111
1 0.772917 0.077778 0.027083 0.131481
1 0.566146 0.150463 0.028125 0.147222
1 0.538542 0.158796 0.031250 0.167593
1 0.277344 0.172222 0.021354 0.159259
1 0.503125 0.127315 0.031250 0.154630
1 0.069531 0.410648 0.025521 0.173148
1 0.052604 0.392130 0.040625 0.186111
1 0.451562 0.481019 0.042708 0.197222
1 0.479948 0.483796 0.035937 0.178704
1 0.438542 0.168519 0.026042 0.142593
1 0.394531 0.169444 0.022396 0.155556
1 0.380469 0.072685 0.026562 0.149074
1 0.297135 0.022685 0.021354 0.123148
7 0.327344 0.029167 0.031771 0.071296
1 0.137760 0.440741 0.029687 0.175926
7 0.651563 0.082407 0.031250 0.109259
1 0.293490 0.521296 0.033854 0.196296
1 0.250781 0.509722 0.033854 0.212037
1 0.250260 -0.042130 0.023438 0.113889
1 0.294010 0.136574 0.023438 0.154630
1 0.177604 0.122685 0.027083 0.149074
1 0.200000 0.181944 0.028125 0.163889
1 0.464844 0.426389 0.033854 0.169444
1 0.158854 0.200926 0.027083 0.157407
1 0.192448 0.164815 0.026562 0.161111
1 0.126562 0.197222 0.028125 0.150000
1 0.134896 0.179630 0.023958 0.170370
1 0.157031 0.164815 0.028646 0.140741
1 0.151562 0.142593 0.028125 0.153704
1 0.117188 0.174074 0.020833 0.159259
1 0.460677 0.000463 0.018229 0.136111
1 0.231250 0.107407 0.031250 0.153704
1 0.227083 0.481481 0.042708 0.209259
1 0.979688 0.593981 0.035417 0.197222
1 0.896354 0.118981 0.029167 0.141667
1 0.827083 0.018519 0.032292 0.129630
1 0.193750 0.933333 0.050000 0.255556
1 0.216667 0.858333 0.051042 0.253704
1 0.227344 -0.012963 0.021354 0.124074
1 0.203125 -0.011111 0.022917 0.124074
1 0.717187 -0.033796 0.028125 0.130556
7 0.645833 0.076852 0.032292 0.087037
1 0.651042 0.076852 0.035417 0.085185
