1 0.642708 0.358796 0.029167 0.137963
1 0.465625 0.350926 0.030208 0.148148
1 0.202344 0.409722 0.094271 0.354630
1 0.508333 0.354167 0.027083 0.136111
1 0.574479 0.331944 0.014583 0.065741
1 0.636458 0.362963 0.034375 0.190741
1 0.338542 0.337037 0.020833 0.094444
1 0.631771 0.365278 0.026042 0.171296
1 0.142969 0.355093 0.032813 0.143519
1 0.525781 0.330093 0.014063 0.058333
1 0.295052 0.362500 0.024479 0.147222
1 0.543229 0.321296 0.009375 0.038889
1 0.531510 0.322222 0.008854 0.042593
7 0.483073 0.345370 0.024479 0.061111
7 0.501823 0.350463 0.021354 0.063889
1 0.388281 0.328704 0.015104 0.066667
1 0.367969 0.320833 0.015104 0.075000
1 0.371875 0.331019 0.012500 0.060185
1 0.385937 0.323611 0.011458 0.058333
