1 0.735677 0.637500 0.053646 0.223148
1 0.229167 0.433333 0.043750 0.214815
1 0.074740 0.623611 0.043229 0.230556
1 0.916406 0.519907 0.039062 0.193519
1 0.647135 1.001852 0.041146 0.192593
1 0.354167 0.820833 0.052083 0.232407
7 0.377865 0.242593 0.040104 0.103704
7 0.367969 0.325463 0.029687 0.112037
1 0.429688 0.218519 0.031250 0.161111
1 0.986719 0.346759 0.036979 0.176852
1 0.788542 0.132407 0.027083 0.135185
1 0.821875 0.281944 0.026042 0.158333
1 0.785677 0.288889 0.030729 0.181481
1 0.471615 0.264352 0.029687 0.160185
1 0.541667 0.240741 0.038542 0.162963
1 0.100000 0.423148 0.033333 0.175926
1 0.101302 0.399537 0.033854 0.191667
1 0.460938 0.227778 0.030208 0.168519
1 0.482292 0.233796 0.027083 0.152778
1 0.552083 -0.025000 0.023958 0.112963
1 0.532813 -0.023611 0.021875 0.110185
1 0.726042 0.276389 0.020833 0.154630
1 0.700260 0.240278 0.027604 0.154630
1 0.380469 0.070833 0.027604 0.150926
1 0.295833 0.022222 0.018750 0.120370
7 0.327344 0.029167 0.031771 0.071296
1 0.020313 0.827778 0.034375 0.220370
7 0.651563 0.080093 0.031250 0.106481
1 0.269792 0.243981 0.028125 0.163889
1 0.277604 0.256944 0.043750 0.180556
1 0.242969 0.110648 0.026562 0.147222
1 0.217448 0.120370 0.025521 0.148148
1 0.292708 0.136574 0.022917 0.154630
1 0.267448 0.112963 0.027604 0.148148
1 0.199219 0.179167 0.027604 0.163889
1 0.239063 0.164352 0.027083 0.141667
1 0.160938 0.192593 0.027083 0.157407
1 0.191667 0.162500 0.020833 0.156481
1 0.123177 0.194444 0.025521 0.151852
1 0.145313 0.169444 0.023958 0.170370
1 0.151042 0.156019 0.030208 0.156481
1 0.152083 0.142593 0.028125 0.153704
1 0.118229 0.174074 0.020833 0.159259
1 0.486979 -0.045833 0.020833 0.106481
1 0.225781 0.993519 0.051562 0.214815
7 0.648698 0.067130 0.033854 0.100926
