1 0.827344 0.679630 0.038021 0.225926
1 0.250260 0.126389 0.034896 0.173148
1 0.436458 0.646759 0.043750 0.226852
1 0.914583 0.519444 0.042708 0.192593
1 0.554167 0.973611 0.046875 0.243519
1 0.351042 0.816667 0.036458 0.231481
7 0.377865 0.242593 0.040104 0.103704
7 0.367969 0.325463 0.029687 0.112037
1 0.428906 0.217593 0.024479 0.157407
1 0.778385 -0.035185 0.026562 0.120370
1 0.538281 0.080556 0.026562 0.144444
1 0.502083 0.066204 0.030208 0.149074
1 0.280990 0.122685 0.021354 0.152778
1 0.476042 -0.007870 0.027083 0.139815
1 0.072656 0.409722 0.028646 0.171296
1 0.059896 0.388426 0.028125 0.186111
1 0.492708 0.667130 0.061458 0.223148
1 0.528125 0.671296 0.042708 0.201852
1 0.405729 0.150926 0.026042 0.133333
1 0.384375 0.160185 0.026042 0.155556
1 0.394792 0.011574 0.025000 0.134259
1 0.297135 0.022222 0.021354 0.122222
7 0.327344 0.029167 0.031771 0.071296
1 0.147396 0.286574 0.025000 0.163889
7 0.651563 0.082407 0.031250 0.109259
1 0.198437 0.748611 0.037500 0.228704
1 0.154167 0.724537 0.048958 0.232407
1 0.286198 0.149074 0.027604 0.159259
1 0.183333 0.127778 0.029167 0.150000
1 0.200521 0.182407 0.027083 0.162963
1 0.752865 0.602778 0.052604 0.188889
1 0.163021 0.194444 0.027083 0.157407
1 0.194531 0.163889 0.025521 0.161111
1 0.128906 0.200926 0.029687 0.146296
1 0.136458 0.177778 0.031250 0.162963
1 0.152604 0.160648 0.030208 0.160185
1 0.149740 0.143519 0.026562 0.151852
1 0.117708 0.174074 0.020833 0.159259
1 0.464062 0.049537 0.027083 0.150926
1 0.238281 0.195370 0.029687 0.159259
1 0.250260 0.278704 0.036979 0.181481
1 0.976562 0.452778 0.042708 0.192593
1 0.883073 0.425463 0.031771 0.184259
1 0.799219 0.026852 0.027604 0.137037
1 0.922396 0.222685 0.029167 0.154630
1 0.927604 0.137037 0.031250 0.155556
1 0.906510 0.136111 0.033854 0.157407
1 0.911198 0.185648 0.035937 0.160185
1 0.229948 0.064815 0.021354 0.138889
1 0.202604 0.067593 0.033333 0.125926
1 0.720833 -0.035185 0.028125 0.124074
7 0.646875 0.073611 0.033333 0.086111
1 0.651563 0.076389 0.034375 0.084259
