0 0.821875 0.667593 0.042708 0.225926
0 0.251823 0.106481 0.036979 0.168519
0 0.441146 0.669907 0.045833 0.236111
0 0.906510 0.518981 0.059896 0.191667
0 0.551042 0.981481 0.046875 0.237037
0 0.351042 0.816667 0.036458 0.231481
2 0.377865 0.242593 0.040104 0.103704
2 0.367969 0.325463 0.029687 0.112037
0 0.430469 0.212963 0.026562 0.161111
0 0.534896 0.061574 0.027083 0.137963
0 0.500000 0.053704 0.029167 0.148148
0 0.290365 0.125000 0.020313 0.146296
0 0.472135 -0.029167 0.026562 0.136111
0 0.084115 0.400463 0.030729 0.176852
0 0.060937 0.382870 0.025000 0.193519
0 0.506771 0.716204 0.060417 0.230556
0 0.539062 0.717593 0.037500 0.203704
0 0.405990 0.154630 0.025521 0.124074
0 0.386198 0.162037 0.029687 0.155556
0 0.396875 -0.024537 0.025000 0.134259
0 0.297135 0.022222 0.021354 0.122222
2 0.327344 0.029167 0.031771 0.071296
0 0.167969 0.259259 0.025521 0.155556
2 0.651563 0.082407 0.031250 0.109259
0 0.180990 0.809259 0.039062 0.237037
0 0.137760 0.781481 0.049479 0.246296
0 0.279427 0.160185 0.031771 0.155556
0 0.182552 0.127315 0.028646 0.152778
0 0.200521 0.182870 0.027083 0.162037
0 0.836979 0.635648 0.050000 0.191667
0 0.163542 0.194444 0.027083 0.157407
0 0.201302 0.164352 0.027604 0.160185
0 0.129167 0.200000 0.032292 0.146296
0 0.135156 0.181481 0.029687 0.159259
0 0.153385 0.160648 0.029687 0.162037
0 0.151302 0.141667 0.026562 0.150000
0 0.117708 0.174074 0.020833 0.159259
0 0.469792 0.044444 0.026042 0.150000
0 0.230208 0.225000 0.030208 0.166667
0 0.254427 0.243981 0.034896 0.175000
0 0.946354 0.427315 0.040625 0.199074
0 0.866667 0.397685 0.032292 0.182407
0 0.796094 0.043056 0.029687 0.136111
0 0.917708 0.245370 0.034375 0.157407
0 0.898177 0.121296 0.025521 0.153704
0 0.870833 0.117130 0.030208 0.162037
0 0.952604 0.234259 0.035417 0.166667
0 0.225260 0.079630 0.023438 0.146296
0 0.197917 0.081481 0.027083 0.127778
0 0.715104 -0.036111 0.026042 0.122222
2 0.647135 0.072222 0.033854 0.087037
0 0.652083 0.076389 0.034375 0.084259
