1 0.734896 0.637500 0.053125 0.223148
1 0.241927 0.388889 0.041146 0.211111
1 0.074740 0.623148 0.043229 0.229630
1 0.916406 0.519907 0.039062 0.193519
1 0.622917 0.981019 0.043750 0.208333
1 0.353646 0.820833 0.052083 0.232407
7 0.377865 0.242593 0.040104 0.103704
7 0.367969 0.325463 0.029687 0.112037
1 0.429688 0.218519 0.031250 0.161111
1 0.789062 0.131944 0.027083 0.136111
1 0.767969 0.255556 0.030729 0.159259
1 0.743229 0.266667 0.029167 0.177778
1 0.385937 0.252315 0.028125 0.162037
1 0.516146 0.271296 0.037500 0.170370
1 0.070573 0.412037 0.025521 0.175926
1 0.078125 0.392130 0.027083 0.186111
1 0.440104 0.263426 0.031250 0.173148
1 0.461458 0.272685 0.028125 0.150926
1 0.676823 0.258333 0.022396 0.150000
1 0.633594 0.222222 0.043229 0.157407
1 0.380469 0.070833 0.027604 0.150926
1 0.296094 0.022685 0.020313 0.119444
7 0.327344 0.029167 0.031771 0.071296
1 0.032552 0.743519 0.033854 0.207407
7 0.651563 0.081019 0.031250 0.108333
1 0.291667 0.281944 0.026042 0.171296
1 0.280208 0.298148 0.035417 0.183333
1 0.240885 0.077778 0.025521 0.144444
1 0.208333 0.082407 0.025000 0.148148
1 0.292969 0.136574 0.024479 0.154630
1 0.266667 0.112963 0.029167 0.148148
1 0.199479 0.178704 0.028125 0.162963
1 0.265104 0.207870 0.027083 0.147222
1 0.166667 0.193981 0.027083 0.156481
1 0.188542 0.160185 0.022917 0.159259
1 0.121615 0.196296 0.025521 0.151852
1 0.150781 0.169907 0.033854 0.169444
1 0.151823 0.150926 0.029687 0.155556
1 0.152604 0.142593 0.028125 0.153704
1 0.117188 0.174074 0.020833 0.159259
1 0.488021 -0.045370 0.020833 0.107407
1 0.200000 -0.018519 0.016667 0.125926
1 0.231771 0.895833 0.048958 0.245370
1 0.762500 -0.031481 0.023958 0.122222
7 0.647917 0.074074 0.034375 0.100000
