1 0.848177 0.650000 0.036979 0.216667
1 0.252604 0.051389 0.032292 0.163889
1 0.405208 0.662037 0.042708 0.227778
1 0.916667 0.518519 0.040625 0.194444
1 0.550000 0.980093 0.043750 0.234259
1 0.351042 0.816667 0.036458 0.231481
7 0.377865 0.242593 0.040104 0.103704
7 0.367969 0.325463 0.029687 0.112037
1 0.427604 0.214815 0.034375 0.157407
1 0.525781 0.016667 0.026562 0.133333
1 0.496354 0.009259 0.028125 0.144444
1 0.331510 0.127778 0.021354 0.133333
1 0.120833 0.356481 0.032292 0.174074
1 0.088542 0.339352 0.029167 0.187963
1 0.561719 0.859259 0.060937 0.244444
1 0.597656 0.860648 0.049479 0.221296
1 0.404948 0.144907 0.022396 0.139815
1 0.436719 0.143519 0.029687 0.153704
1 0.297135 0.022222 0.021354 0.122222
7 0.327344 0.029167 0.031771 0.071296
1 0.239844 0.198148 0.025521 0.146296
7 0.651563 0.082407 0.031250 0.109259
1 0.149219 0.957407 0.042188 0.240741
1 0.163542 0.910648 0.052083 0.256481
1 0.296615 0.186574 0.028646 0.154630
1 0.173177 0.103241 0.027604 0.149074
1 0.200521 0.183333 0.027083 0.161111
1 0.163281 0.193056 0.025521 0.156481
1 0.196094 0.167130 0.024479 0.163889
1 0.127344 0.200463 0.027604 0.147222
1 0.124740 0.182407 0.027604 0.161111
1 0.162760 0.165741 0.028646 0.155556
1 0.156771 0.145833 0.026042 0.145370
1 0.117708 0.174074 0.020833 0.159259
1 0.467708 0.026389 0.026042 0.149074
1 0.212500 0.303241 0.033333 0.178704
1 0.258073 0.160648 0.032813 0.165741
1 0.885677 0.341204 0.035937 0.184259
1 0.829688 0.319907 0.028125 0.171296
1 0.788021 0.070370 0.030208 0.131481
1 0.966406 0.309259 0.035937 0.162963
1 0.876042 0.060185 0.027083 0.144444
1 0.835938 0.047685 0.028125 0.156481
1 0.229948 0.126852 0.023438 0.155556
1 0.205469 0.135648 0.026562 0.139815
1 0.200000 -0.011574 0.023958 0.123148
1 0.244792 0.001389 0.027083 0.147222
1 0.208594 -0.001389 0.026562 0.141667
7 0.647135 0.071296 0.032813 0.085185
