0 0.851302 0.571759 0.032813 0.119444
0 0.713802 0.563889 0.025521 0.114815
0 0.128646 0.554630 0.013542 0.068519
0 0.616406 0.550000 0.021354 0.096296
0 0.594010 0.527315 0.011979 0.063889
0 0.240625 0.502315 0.008333 0.034259
0 0.068750 0.555093 0.010417 0.065741
0 0.444531 0.495370 0.009896 0.044444
0 0.120833 0.555556 0.010417 0.072222
0 0.123438 0.562037 0.012500 0.066667
0 0.066146 0.560185 0.012500 0.070370
0 0.083594 0.550926 0.014063 0.074074
0 0.480208 0.515741 0.015625 0.059259
0 0.532031 0.512963 0.013021 0.055556
0 0.520833 0.514352 0.011458 0.060185
0 0.606510 0.521296 0.016146 0.072222
0 0.509896 0.513426 0.009375 0.045370
0 0.615365 0.521296 0.015104 0.068519
0 0.562240 0.511111 0.015104 0.062963
0 0.574219 0.509259 0.015104 0.057407
0 0.493490 0.513889 0.014063 0.061111
