1 0.846354 0.656481 0.052083 0.218519
1 0.328125 0.620370 0.044792 0.220370
1 0.916146 0.519907 0.039583 0.195370
1 0.489844 0.987500 0.041146 0.221296
1 0.351042 0.816667 0.036458 0.231481
7 0.377865 0.242593 0.040104 0.103704
7 0.367969 0.325463 0.029687 0.112037
1 0.431510 0.208333 0.036979 0.157407
1 0.337240 0.125463 0.020313 0.128704
1 0.217708 0.233333 0.026042 0.151852
1 0.247917 0.243056 0.035417 0.178704
1 0.404948 0.143519 0.026562 0.148148
1 0.396354 0.110648 0.028125 0.152778
1 0.302083 0.015741 0.028125 0.124074
7 0.327344 0.029167 0.031771 0.071296
7 0.651563 0.081481 0.031250 0.109259
1 0.295833 0.188889 0.031250 0.155556
1 0.172656 0.051389 0.019271 0.137963
1 0.210938 0.178241 0.029167 0.160185
1 0.164062 0.195370 0.026042 0.155556
1 0.199219 0.159722 0.023438 0.162037
1 0.134896 0.206944 0.027083 0.147222
1 0.116667 0.181944 0.023958 0.169444
1 0.151823 0.161574 0.031771 0.156481
1 0.190625 0.146296 0.026042 0.150000
1 0.120573 0.166204 0.020313 0.156481
1 0.467187 -0.025463 0.026042 0.147222
1 0.209115 0.961574 0.051562 0.250926
1 0.499740 0.346296 0.034896 0.192593
1 0.454948 0.350926 0.034896 0.183333
1 0.623177 0.684259 0.046354 0.238889
1 0.922917 0.742130 0.050000 0.223148
1 0.934896 0.697222 0.039583 0.233333
1 0.758073 -0.000926 0.029687 0.133333
1 0.718229 -0.002778 0.022917 0.137037
1 0.967969 0.286111 0.030729 0.174074
1 0.897656 0.241667 0.027604 0.161111
1 0.779948 -0.027315 0.023438 0.119444
1 0.781510 0.248611 0.032813 0.147222
1 0.657031 0.222222 0.029687 0.155556
1 0.459115 -0.000463 0.029687 0.147222
1 0.419792 -0.008333 0.023958 0.142593
1 0.407552 0.011111 0.026562 0.135185
1 0.277344 0.162963 0.028646 0.142593
1 0.214323 0.543056 0.031771 0.208333
1 0.175260 0.552315 0.046354 0.191667
1 0.242448 0.142593 0.032813 0.159259
1 0.259635 0.112963 0.030729 0.151852
1 0.214583 0.070833 0.030208 0.141667
1 0.239323 0.069907 0.024479 0.139815
1 0.219792 0.362963 0.038542 0.181481
1 0.172396 0.367130 0.032292 0.184259
1 0.275260 0.350463 0.033854 0.169444
1 0.391927 0.000000 0.028646 0.124074
